781734.797000 1.429180
781885.370000 1.273749
782034.495000 1.107025
782131.955000 1.114846
782282.720000 1.256428
782430.412000 1.424307
782577.673000 1.332354
782746.134000 1.221159
782902.334000 1.503316
783222.037000 1.351350
783368.956000 1.430012
783519.800000 1.380891
783670.808000 1.255485
783837.419000 1.110719
783987.070000 1.166458
784195.715000 1.337156
784346.768000 1.292410
784495.601000 1.395915
784645.506000 1.191006
784813.372000 1.197137
784963.538000 1.284665
785111.482000 1.215027
785178.671000 1.188481
785329.682000 1.213837
785482.104000 1.162451
785630.280000 1.267034
785794.964000 1.371746
785944.329000 1.304169
786147.689000 1.196340
786296.451000 1.176516
786445.879000 0.960678
786595.854000 1.240661
786747.940000 1.398594
786913.242000 1.357524
787062.699000 1.184800
787200.589000 1.054530
787350.142000 1.141582
787498.740000 1.208067
787649.239000 1.382642
787797.985000 1.375298
787966.711000 1.204729
788114.331000 1.106591
788234.146000 1.111629
788383.830000 1.217686
788534.635000 1.267991
788684.446000 1.337277
788833.108000 1.208291
789003.486000 1.144123
789167.298000 1.279586
789316.326000 1.248140
789464.883000 1.225752
789614.749000 1.148148
789764.595000 1.208823
789929.616000 1.116170
790079.968000 1.416784
790272.277000 1.303062
790422.387000 1.239351
790571.465000 1.149679
790719.866000 1.080049
790870.231000 1.189090
791039.815000 1.390181
791189.636000 1.423743
791342.299000 1.214904
791492.642000 1.070521
791642.869000 1.030851
791791.537000 1.165943
791939.943000 1.250299
792108.141000 1.291374
792220.722000 1.349475
792369.811000 1.103820
792519.747000 1.112836
792669.254000 1.183211
792820.386000 1.308262
792970.964000 1.275100
793138.104000 1.179391
793259.298000 1.098936
793407.815000 1.201854
793555.989000 1.225866
793706.285000 1.159121
793857.530000 1.133715
794006.094000 1.071073
794172.508000 1.179414
794343.924000 1.323108
794494.470000 1.383153
794643.617000 1.177883
794791.435000 1.094360
794941.094000 1.060812
795115.188000 1.161067
795260.916000 1.234752
795412.156000 1.326276
795559.642000 1.193588
795710.277000 1.056793
795858.792000 1.003552
796009.626000 1.140765
796177.172000 1.270209
796350.148000 1.324812
796497.230000 1.305897
797095.600000 1.232082
797266.157000 1.238835
797400.664000 1.289060
797551.362000 1.014819
797700.270000 1.054317
797849.832000 1.316904
797999.318000 1.236189
798149.206000 1.199126
798342.332000 1.177766
798493.722000 1.061420
798642.305000 1.240626
798792.156000 1.291519
798941.019000 1.136183
799496.467000 1.473961
799643.432000 1.268144
799795.007000 1.115433
799946.099000 1.068486
800095.045000 0.939811
800262.401000 1.156111
800422.893000 1.401157
800573.139000 1.625488
800721.392000 1.078290
800873.621000 1.026578
801025.103000 1.061745
801178.143000 1.191701
801420.350000 1.374584
801567.710000 1.420422
801720.668000 1.244331
801865.878000 1.069122
802017.000000 0.934001
802166.771000 1.145134
802320.017000 1.107011
802397.687000 1.376855
802548.390000 1.130512
802697.828000 1.137094
802849.627000 0.899187
802997.715000 0.857651
803146.955000 1.278375
803301.306000 1.202026
803538.284000 1.012799
803686.875000 1.049197
803836.271000 1.256577
803984.481000 1.305647
804133.212000 1.192016
804281.965000 1.108682
804408.360000 1.027041
804577.375000 1.051061
804728.821000 1.459617
804875.968000 1.310115
805016.708000 1.347680
805174.717000 1.098686
805325.817000 1.087539
805468.668000 0.988469
805639.743000 1.158793
805788.066000 1.271852
805939.343000 1.249522
806086.908000 1.060786
806233.907000 1.196612
806387.829000 1.094990
806510.245000 1.080201
806680.765000 1.371605
806830.765000 1.325653
806970.305000 1.521778
807129.915000 1.113369
807276.120000 1.267262
807477.331000 1.156294
807625.993000 1.108021
807796.380000 1.165691
807947.039000 1.148069
808095.014000 1.146717
808246.373000 1.321212
808358.107000 1.233140
808523.095000 1.101746
808674.105000 1.030545
808825.402000 0.996467
808969.796000 1.131470
809106.096000 1.320374
809273.009000 1.265616
809421.088000 1.176548
809534.381000 0.999963
809570.543000 1.135548
809695.969000 0.862292
809704.614000 1.090390
809838.262000 1.362611
809855.287000 1.035727
809991.435000 1.326547
810006.945000 1.165984
810143.437000 0.979513
810152.539000 1.033091
810318.039000 1.072419
810469.734000 1.157168
810622.445000 1.070723
810765.111000 1.067485
810915.141000 1.132393
811064.008000 1.199623
811212.722000 1.142100
811381.154000 1.056148
811530.684000 1.107049
811680.571000 1.289280
811999.814000 1.032858
812149.924000 0.983396
812298.413000 1.076732
812465.418000 1.302952
812613.738000 1.289850
812741.361000 0.966071
812890.989000 0.945620
813043.837000 1.051262
813190.497000 1.135702
813339.148000 1.331000
813508.532000 1.055172
813660.376000 1.129986
813867.460000 1.114787
814018.810000 0.858301
814169.812000 1.183583
814319.886000 1.302590
814467.523000 1.026169
814634.028000 1.048532
814784.253000 0.979670
814942.715000 0.962887
815091.344000 1.092025
815242.701000 1.118572
815389.901000 1.062593
815541.836000 1.030403
815709.670000 0.976358
815808.063000 1.130163
815957.431000 1.090072
816106.749000 1.082431
816258.239000 0.941980
816398.883000 1.008456
816556.512000 1.155785
816705.164000 1.348130
816924.645000 1.165132
817071.670000 1.017067
817222.921000 0.942510
817373.281000 1.112478
817521.770000 1.187818
817671.812000 1.225621
817821.666000 1.230310
817974.670000 1.119910
818144.093000 0.930063
818293.247000 0.955425
818445.050000 0.976550
818593.014000 1.330867
818741.197000 1.271635
818826.681000 1.198430
818980.605000 0.900041
819145.555000 1.108913
819296.235000 1.078841
819445.480000 1.141433
819595.342000 1.140793
819743.209000 1.156951
819903.624000 0.972923
820053.538000 1.070827
820224.845000 0.892868
820375.118000 1.067444
820523.568000 1.201680
820671.870000 1.055885
820823.496000 1.104495
820944.179000 1.089522
821093.708000 1.220778
821259.997000 1.066282
821410.878000 1.075980
821560.867000 1.150413
821710.850000 1.161648
821913.304000 1.159153
822062.605000 1.322118
822210.593000 1.040123
822379.179000 0.870983
822531.013000 0.982361
822681.206000 0.967706
822852.946000 1.140955
822929.496000 1.179347
823078.916000 1.136606
823227.715000 0.936809
823395.286000 0.869425
823544.057000 0.956666
823693.825000 1.051035
823808.130000 1.047889
823994.062000 1.069143
824145.961000 1.042657
824299.580000 1.009209
824450.368000 1.066463
824602.652000 1.063135
824754.358000 1.027198
824862.047000 1.019419
825012.883000 0.996129
825164.352000 1.123343
825316.100000 1.128002
825469.678000 1.122224
825622.842000 0.917233
825773.688000 0.946761
826018.605000 0.951209
826170.530000 1.064745
826322.001000 1.152867
826470.758000 1.236894
826626.002000 0.944626
826779.477000 0.953353
826929.493000 0.873307
826992.839000 1.042491
827144.938000 1.186271
827297.794000 1.124877
827450.400000 1.110322
827601.730000 0.950556
827754.184000 0.964371
827987.397000 1.156333
828142.152000 0.844739
828291.392000 1.068279
828445.063000 1.078443
828597.756000 0.996241
828746.874000 1.047387
828900.723000 1.012911
829050.658000 0.955151
829202.575000 1.080404
829355.168000 0.954324
829506.730000 1.025340
829660.463000 1.128710
829805.460000 1.079591
829964.775000 0.991105
830090.357000 0.899869
830243.427000 0.967241
830396.617000 1.066613
830547.039000 1.172425
830699.240000 1.146663
830850.311000 1.025207
831035.870000 0.950201
831188.346000 0.902367
831340.880000 1.020201
831493.783000 1.155654
831644.692000 1.162979
831797.023000 1.050748
831949.144000 0.942071
832041.324000 0.897848
832193.593000 1.011610
832346.833000 1.116978
832497.090000 1.130227
832650.553000 1.046570
832803.527000 0.977337
832956.083000 0.988642
833165.597000 1.027227
833316.878000 1.035288
833470.084000 1.048686
833622.332000 1.029444
833775.205000 1.041338
833926.676000 1.075432
834023.316000 1.095103
834173.457000 1.013222
834324.953000 0.950900
834478.598000 0.951828
834630.315000 1.040349
834781.650000 1.140348
834934.572000 1.114210
835155.018000 1.013432
835307.003000 0.919173
835458.966000 0.889456
835611.659000 1.046456
835763.205000 1.138086
835915.648000 1.162087
836067.917000 1.025603
836186.826000 0.929403
836338.411000 0.866001
836491.958000 0.990041
836643.155000 1.089278
836795.688000 1.191475
836946.447000 1.042340
837052.806000 0.956757
837206.199000 1.013859
837358.063000 1.041274
837509.645000 1.018745
837660.619000 1.140569
837814.052000 1.055082
837967.367000 1.005082
838149.822000 0.967591
838300.474000 0.997127
838452.962000 0.918562
838604.579000 0.959054
838758.093000 0.969129
838909.327000 1.020294
839061.500000 1.041195
839220.763000 1.095778
839372.189000 0.949663
839524.825000 0.880580
839680.932000 0.885241
839829.282000 0.983773
839980.219000 1.150723
840113.396000 1.268348
840264.573000 1.011076
840415.911000 0.851153
840568.366000 1.025093
840721.001000 0.871938
840873.962000 0.989729
841025.914000 1.132585
841227.359000 1.057356
841380.111000 0.935008
841533.634000 0.883914
841685.614000 0.928864
841837.605000 0.998003
841993.043000 1.048385
842150.264000 1.063381
842269.601000 0.989817
842422.269000 1.000222
842573.975000 1.046224
842727.514000 0.977409
842879.686000 0.943394
843031.191000 0.910096
843187.127000 1.068489
843339.236000 1.102371
843489.181000 1.157535
843639.485000 0.996605
843792.631000 0.872224
843944.469000 0.885587
844098.438000 0.920636
844273.628000 0.967106
844425.380000 1.162306
844577.713000 1.054767
844728.949000 0.912769
844884.707000 0.919072
845035.365000 0.852364
845188.883000 0.989271
845259.185000 1.110007
845411.154000 1.106469
845565.368000 1.035102
845714.921000 0.942054
845867.906000 0.889497
846016.207000 0.923887
846248.326000 1.043065
846398.573000 0.924293
846553.238000 1.021196
846703.449000 0.962106
846855.966000 0.897699
847007.605000 1.051791
847160.816000 0.850561
847255.312000 0.875960
847406.045000 0.969080
847558.367000 0.919857
847712.012000 1.051850
847862.897000 1.129506
848014.439000 0.986975
848167.315000 0.970320
848378.047000 0.818907
848529.252000 0.964840
848683.367000 1.014190
848835.660000 1.122749
848988.299000 0.937618
849139.104000 0.798069
849293.128000 0.836758
849444.462000 0.913387
849598.567000 0.916837
849751.875000 1.163524
849901.323000 1.227633
850055.231000 0.806333
850205.570000 0.896061
850317.046000 0.992501
850469.633000 0.979349
850619.125000 1.049388
850771.415000 0.912417
850925.073000 0.990853
851076.728000 0.936829
851227.231000 0.986119
851376.031000 0.947003
851527.435000 0.899645
851679.460000 0.874840
851831.673000 0.953038
851984.282000 1.075907
852134.554000 1.147052
852249.386000 0.923356
852400.455000 0.876671
852552.213000 0.917046
852703.632000 0.844626
852856.141000 0.989054
853009.146000 1.095368
853159.212000 1.033770
853408.589000 0.990783
853559.993000 0.900281
853712.591000 0.878481
853867.374000 0.943814
854017.713000 0.967675
854172.278000 1.030570
