# peaks calculated from wrong position (Iset used instead of Imeas)
#Hmin   0.0     0.1   0.2   0.3   0.4  0.5    1.0  1.1  1.2  1.3  1.4   2.0  2.1  2.2  2.3   3.0  3.1  3.2   4.0  4.1
 100    631.4   nan   nan   nan   nan  nan   1028  nan  nan  nan  nan  1428  nan  nan  nan  1828  nan  nan   nan  nan
 175    663.6 718.8 767.2   nan   nan  nan   1059 1115 1163  nan  nan  1459 1514 1564  nan  1860 1916 1965  2262 2317
 255    633.7 705.9 774.0 837.1 893.8  nan   1028 1100 1168 1232  nan  1425 1498 1565  nan  1826 1898  nan  2228 2298
 350    657.8 748.0 835.8 919.7 998.5 1075   1050 1141 1228 1311 1392  1445 1537 1623 1706  1839 1934 2022  2239  nan
 500    618.0 731.6 841.6 948.3  1052 1152   1008 1121 1230 1337 1441  1401 1514 1624 1730  1795 1907 2018  2190  nan
 750    603.7 746.7 886.8  1024  1158 1289  989.3 1132 1271 1407 1541  1377 1520 1658  nan  1767 1910 2048  2161  nan
1000    657.4 827.9 992.3  1153  1312 1467   1039 1207 1370 1531 1688  1421 1587 1752 1913  1807 1973 2135  2189 2359
1500    531.8 739.8 944.0  1146  1345 1540  903.8 1111 1314 1514 1712  1276 1484 1686  nan  1653 1860 2061  2026 2231
2000    576.3 817.5  1054  1289  1520 1749  937.6 1178 1415 1647 1877  1301 1541 1776  nan  1670 1907  nan   nan  nan
2500    442.0 710.4 976.1  1239  1504 1770  793.6 1061 1324 1586 1843  1148 1414 1677 1937  1504 1770 2030  1858 2125
3000    401.0 696.0 986.4  1274  1560 1841  742.1 1037 1324 1612 1895  1089 1379 1667 1954  1433 1725  nan  1781  nan
3300    363.2 670.7 975.7  1277  1577 1872  699.5 1005 1308 1609 1906  1039 1343 1644 1942  1379 1684  nan  1718  nan

# Hmin limit 3350mA
#3700     3084  3389  3691  3990  4287 4582   3417 3720 4020 4320 4613  3752 4054 4355  nan  4090 4392 4688  4424  nan
#4000     5043  5347  5647  5945  6242 6535   5375 5676 5974 6273 6564  5708 6009 6306 6600  6041 6343 6639  6375 6673
