# Integral magnetization log: T, LP, Mx, Mx, Mz
5.000000e-03  9.234537e-03  1.251719e-01 -3.306637e-04 9.894435e-01
1.000000e-02  9.219121e-03  1.248412e-01 -1.743545e-04 9.895530e-01
1.500000e-02  9.203704e-03  1.246595e-01 1.765234e-04 9.896352e-01
2.000000e-02  9.188287e-03  1.246377e-01 6.466869e-04 9.896762e-01
2.500000e-02  9.172871e-03  1.247834e-01 1.189395e-03 9.896681e-01
3.000000e-02  9.157454e-03  1.251076e-01 1.750523e-03 9.896078e-01
3.500000e-02  9.142038e-03  1.255988e-01 2.267852e-03 9.894980e-01
4.000000e-02  9.126621e-03  1.262236e-01 2.694512e-03 9.893465e-01
4.500000e-02  9.111205e-03  1.269446e-01 3.001973e-03 9.891645e-01
5.000000e-02  9.095788e-03  1.277230e-01 3.169370e-03 9.889647e-01
5.500000e-02  9.080371e-03  1.285111e-01 3.187370e-03 9.887613e-01
6.000000e-02  9.064955e-03  1.292606e-01 3.068044e-03 9.885677e-01
6.500000e-02  9.049538e-03  1.299359e-01 2.839479e-03 9.883948e-01
7.000000e-02  9.034122e-03  1.305140e-01 2.534118e-03 9.882505e-01
7.500000e-02  9.018705e-03  1.309789e-01 2.188107e-03 9.881393e-01
8.000000e-02  9.003288e-03  1.313258e-01 1.843967e-03 9.880620e-01
8.500000e-02  8.987872e-03  1.315671e-01 1.543069e-03 9.880155e-01
9.000000e-02  8.972455e-03  1.317272e-01 1.315635e-03 9.879934e-01
9.500000e-02  8.957039e-03  1.318342e-01 1.180466e-03 9.879876e-01
1.000000e-01  8.941622e-03  1.319185e-01 1.148621e-03 9.879886e-01
1.050000e-01  8.926205e-03  1.320137e-01 1.221069e-03 9.879866e-01
1.100000e-01  8.910789e-03  1.321516e-01 1.385105e-03 9.879726e-01
1.150000e-01  8.895372e-03  1.323546e-01 1.618119e-03 9.879396e-01
1.200000e-01  8.879956e-03  1.326355e-01 1.894580e-03 9.878830e-01
1.250000e-01  8.864539e-03  1.330001e-01 2.188080e-03 9.878006e-01
1.300000e-01  8.849123e-03  1.334468e-01 2.471134e-03 9.876927e-01
1.350000e-01  8.833706e-03  1.339646e-01 2.718767e-03 9.875624e-01
1.400000e-01  8.818289e-03  1.345357e-01 2.913421e-03 9.874143e-01
1.450000e-01  8.802873e-03  1.351404e-01 3.045516e-03 9.872543e-01
1.500000e-01  8.787456e-03  1.357592e-01 3.111297e-03 9.870886e-01
1.550000e-01  8.772040e-03  1.363725e-01 3.112667e-03 9.869236e-01
1.600000e-01  8.756623e-03  1.369627e-01 3.058181e-03 9.867648e-01
1.650000e-01  8.741206e-03  1.375169e-01 2.961439e-03 9.866164e-01
1.700000e-01  8.725790e-03  1.380279e-01 2.837751e-03 9.864815e-01
1.750000e-01  8.710373e-03  1.384924e-01 2.702630e-03 9.863612e-01
1.800000e-01  8.694957e-03  1.389111e-01 2.571747e-03 9.862556e-01
1.850000e-01  8.679540e-03  1.392893e-01 2.459686e-03 9.861630e-01
1.900000e-01  8.664123e-03  1.396359e-01 2.377800e-03 9.860808e-01
1.950000e-01  8.648707e-03  1.399617e-01 2.333458e-03 9.860055e-01
2.000000e-01  8.633290e-03  1.402780e-01 2.330687e-03 9.859333e-01
2.050000e-01  8.617874e-03  1.405967e-01 2.370246e-03 9.858602e-01
2.100000e-01  8.602457e-03  1.409290e-01 2.449115e-03 9.857825e-01
2.150000e-01  8.587040e-03  1.412841e-01 2.560962e-03 9.856970e-01
2.200000e-01  8.571624e-03  1.416686e-01 2.697542e-03 9.856012e-01
2.250000e-01  8.556207e-03  1.420864e-01 2.849690e-03 9.854935e-01
2.300000e-01  8.540791e-03  1.425391e-01 3.007699e-03 9.853735e-01
2.350000e-01  8.525374e-03  1.430254e-01 3.162030e-03 9.852413e-01
2.400000e-01  8.509958e-03  1.435415e-01 3.304479e-03 9.850981e-01
2.450000e-01  8.494541e-03  1.440819e-01 3.428831e-03 9.849456e-01
2.500000e-01  8.479124e-03  1.446404e-01 3.530818e-03 9.847858e-01
2.550000e-01  8.463708e-03  1.452101e-01 3.608168e-03 9.846213e-01
2.600000e-01  8.448291e-03  1.457839e-01 3.660856e-03 9.844543e-01
2.650000e-01  8.432875e-03  1.463555e-01 3.690948e-03 9.842873e-01
2.700000e-01  8.417458e-03  1.469198e-01 3.702013e-03 9.841220e-01
2.750000e-01  8.402041e-03  1.474729e-01 3.698629e-03 9.839600e-01
2.800000e-01  8.386625e-03  1.480124e-01 3.686124e-03 9.838023e-01
2.850000e-01  8.371208e-03  1.485372e-01 3.670199e-03 9.836492e-01
2.900000e-01  8.355792e-03  1.490479e-01 3.656285e-03 9.835007e-01
2.950000e-01  8.340375e-03  1.495462e-01 3.649134e-03 9.833562e-01
3.000000e-01  8.324958e-03  1.500348e-01 3.652746e-03 9.832148e-01
3.050000e-01  8.309542e-03  1.505170e-01 3.670199e-03 9.830753e-01
3.100000e-01  8.294125e-03  1.509967e-01 3.703352e-03 9.829361e-01
3.150000e-01  8.278709e-03  1.514779e-01 3.752838e-03 9.827958e-01
3.200000e-01  8.263292e-03  1.519641e-01 3.818320e-03 9.826530e-01
3.250000e-01  8.247876e-03  1.524588e-01 3.898589e-03 9.825062e-01
3.300000e-01  8.232459e-03  1.529648e-01 3.991583e-03 9.823544e-01
3.350000e-01  8.217042e-03  1.534842e-01 4.094638e-03 9.821967e-01
3.400000e-01  8.201626e-03  1.540181e-01 4.204872e-03 9.820325e-01
3.450000e-01  8.186209e-03  1.545673e-01 4.319339e-03 9.818613e-01
3.500000e-01  8.170793e-03  1.551315e-01 4.435104e-03 9.816833e-01
3.550000e-01  8.155376e-03  1.557100e-01 4.549489e-03 9.814986e-01
3.600000e-01  8.139959e-03  1.563014e-01 4.660331e-03 9.813077e-01
3.650000e-01  8.124543e-03  1.569041e-01 4.765994e-03 9.811112e-01
3.700000e-01  8.109126e-03  1.575162e-01 4.865325e-03 9.809097e-01
3.750000e-01  8.093710e-03  1.581356e-01 4.957749e-03 9.807041e-01
3.800000e-01  8.078293e-03  1.587605e-01 5.043332e-03 9.804951e-01
3.850000e-01  8.062876e-03  1.593890e-01 5.122638e-03 9.802835e-01
3.900000e-01  8.047460e-03  1.600197e-01 5.196564e-03 9.800697e-01
3.950000e-01  8.032043e-03  1.606512e-01 5.266348e-03 9.798545e-01
4.000000e-01  8.016627e-03  1.612828e-01 5.333529e-03 9.796380e-01
4.050000e-01  8.001210e-03  1.619139e-01 5.399737e-03 9.794205e-01
4.100000e-01  7.985793e-03  1.625445e-01 5.466539e-03 9.792021e-01
4.150000e-01  7.970377e-03  1.631748e-01 5.535466e-03 9.789826e-01
4.200000e-01  7.954960e-03  1.638051e-01 5.607976e-03 9.787618e-01
4.250000e-01  7.939544e-03  1.644364e-01 5.685276e-03 9.785394e-01
4.300000e-01  7.924127e-03  1.650696e-01 5.768257e-03 9.783149e-01
4.350000e-01  7.908711e-03  1.657055e-01 5.857602e-03 9.780878e-01
4.400000e-01  7.893294e-03  1.663454e-01 5.953782e-03 9.778576e-01
4.450000e-01  7.877877e-03  1.669902e-01 6.056940e-03 9.776237e-01
4.500000e-01  7.862461e-03  1.676410e-01 6.166935e-03 9.773857e-01
4.550000e-01  7.847044e-03  1.682987e-01 6.283477e-03 9.771431e-01
4.600000e-01  7.831628e-03  1.689640e-01 6.406148e-03 9.768954e-01
4.650000e-01  7.816211e-03  1.696375e-01 6.534354e-03 9.766423e-01
4.700000e-01  7.800794e-03  1.703198e-01 6.667384e-03 9.763835e-01
4.750000e-01  7.785378e-03  1.710110e-01 6.804543e-03 9.761187e-01
4.800000e-01  7.769961e-03  1.717113e-01 6.945181e-03 9.758479e-01
4.850000e-01  7.754545e-03  1.724206e-01 7.088636e-03 9.755709e-01
4.900000e-01  7.739128e-03  1.731389e-01 7.234288e-03 9.752877e-01
4.950000e-01  7.723711e-03  1.738658e-01 7.381656e-03 9.749984e-01
5.000000e-01  7.708295e-03  1.746011e-01 7.530407e-03 9.747030e-01
5.050000e-01  7.692878e-03  1.753443e-01 7.680278e-03 9.744016e-01
5.100000e-01  7.677462e-03  1.760950e-01 7.831096e-03 9.740943e-01
5.150000e-01  7.662045e-03  1.768529e-01 7.982852e-03 9.737813e-01
5.200000e-01  7.646629e-03  1.776176e-01 8.135684e-03 9.734627e-01
5.250000e-01  7.631212e-03  1.783886e-01 8.289780e-03 9.731385e-01
5.300000e-01  7.615795e-03  1.791658e-01 8.445378e-03 9.728088e-01
5.350000e-01  7.600379e-03  1.799488e-01 8.602829e-03 9.724737e-01
5.400000e-01  7.584962e-03  1.807376e-01 8.762568e-03 9.721332e-01
5.450000e-01  7.569546e-03  1.815319e-01 8.925019e-03 9.717872e-01
5.500000e-01  7.554129e-03  1.823317e-01 9.090581e-03 9.714356e-01
5.550000e-01  7.538712e-03  1.831372e-01 9.259699e-03 9.710783e-01
5.600000e-01  7.523296e-03  1.839482e-01 9.432840e-03 9.707153e-01
5.650000e-01  7.507879e-03  1.847651e-01 9.610409e-03 9.703463e-01
5.700000e-01  7.492463e-03  1.855879e-01 9.792735e-03 9.699711e-01
5.750000e-01  7.477046e-03  1.864169e-01 9.980144e-03 9.695894e-01
5.800000e-01  7.461629e-03  1.872522e-01 1.017296e-02 9.692012e-01
5.850000e-01  7.446213e-03  1.880942e-01 1.037144e-02 9.688059e-01
5.900000e-01  7.430796e-03  1.889431e-01 1.057572e-02 9.684035e-01
5.950000e-01  7.415380e-03  1.897991e-01 1.078597e-02 9.679936e-01
6.000000e-01  7.399963e-03  1.906624e-01 1.100232e-02 9.675760e-01
6.050000e-01  7.384546e-03  1.915332e-01 1.122487e-02 9.671503e-01
6.100000e-01  7.369130e-03  1.924118e-01 1.145364e-02 9.667164e-01
6.150000e-01  7.353713e-03  1.932983e-01 1.168863e-02 9.662739e-01
6.200000e-01  7.338297e-03  1.941929e-01 1.192989e-02 9.658226e-01
6.250000e-01  7.322880e-03  1.950956e-01 1.217745e-02 9.653622e-01
6.300000e-01  7.307464e-03  1.960066e-01 1.243126e-02 9.648926e-01
6.350000e-01  7.292047e-03  1.969259e-01 1.269130e-02 9.644135e-01
6.400000e-01  7.276630e-03  1.978535e-01 1.295760e-02 9.639247e-01
6.450000e-01  7.261214e-03  1.987894e-01 1.323021e-02 9.634260e-01
6.500000e-01  7.245797e-03  1.997338e-01 1.350912e-02 9.629172e-01
6.550000e-01  7.230381e-03  2.006864e-01 1.379434e-02 9.623981e-01
6.600000e-01  7.214964e-03  2.016473e-01 1.408596e-02 9.618686e-01
6.650000e-01  7.199547e-03  2.026165e-01 1.438408e-02 9.613284e-01
6.700000e-01  7.184131e-03  2.035937e-01 1.468880e-02 9.607774e-01
6.750000e-01  7.168714e-03  2.045791e-01 1.500019e-02 9.602153e-01
6.800000e-01  7.153298e-03  2.055725e-01 1.531841e-02 9.596421e-01
6.850000e-01  7.137881e-03  2.065738e-01 1.564364e-02 9.590575e-01
6.900000e-01  7.122464e-03  2.075830e-01 1.597605e-02 9.584613e-01
6.950000e-01  7.107048e-03  2.086000e-01 1.631580e-02 9.578534e-01
7.000000e-01  7.091631e-03  2.096247e-01 1.666307e-02 9.572334e-01
7.050000e-01  7.076215e-03  2.106570e-01 1.701812e-02 9.566013e-01
7.100000e-01  7.060798e-03  2.116969e-01 1.738117e-02 9.559567e-01
7.150000e-01  7.045382e-03  2.127442e-01 1.775242e-02 9.552994e-01
7.200000e-01  7.029965e-03  2.137990e-01 1.813208e-02 9.546292e-01
7.250000e-01  7.014548e-03  2.148611e-01 1.852041e-02 9.539458e-01
7.300000e-01  6.999132e-03  2.159305e-01 1.891768e-02 9.532490e-01
7.350000e-01  6.983715e-03  2.170071e-01 1.932410e-02 9.525385e-01
7.400000e-01  6.968299e-03  2.180909e-01 1.973986e-02 9.518139e-01
7.450000e-01  6.952882e-03  2.191817e-01 2.016523e-02 9.510750e-01
7.500000e-01  6.937465e-03  2.202796e-01 2.060047e-02 9.503216e-01
7.550000e-01  6.922049e-03  2.213843e-01 2.104578e-02 9.495532e-01
7.600000e-01  6.906632e-03  2.224959e-01 2.150136e-02 9.487697e-01
7.650000e-01  6.891216e-03  2.236143e-01 2.196742e-02 9.479706e-01
7.700000e-01  6.875799e-03  2.247392e-01 2.244422e-02 9.471556e-01
7.750000e-01  6.860382e-03  2.258707e-01 2.293196e-02 9.463245e-01
7.800000e-01  6.844966e-03  2.270087e-01 2.343080e-02 9.454769e-01
7.850000e-01  6.829549e-03  2.281529e-01 2.394093e-02 9.446124e-01
7.900000e-01  6.814133e-03  2.293032e-01 2.446257e-02 9.437308e-01
7.950000e-01  6.798716e-03  2.304596e-01 2.499591e-02 9.428317e-01
8.000000e-01  6.783299e-03  2.316218e-01 2.554112e-02 9.419147e-01
8.050000e-01  6.767883e-03  2.327896e-01 2.609833e-02 9.409796e-01
8.100000e-01  6.752466e-03  2.339630e-01 2.666773e-02 9.400260e-01
8.150000e-01  6.737050e-03  2.351415e-01 2.724952e-02 9.390536e-01
8.200000e-01  6.721633e-03  2.363252e-01 2.784383e-02 9.380619e-01
8.250000e-01  6.706217e-03  2.375137e-01 2.845078e-02 9.370509e-01
8.300000e-01  6.690800e-03  2.387068e-01 2.907052e-02 9.360199e-01
8.350000e-01  6.675383e-03  2.399042e-01 2.970322e-02 9.349689e-01
8.400000e-01  6.659967e-03  2.411057e-01 3.034900e-02 9.338974e-01
8.450000e-01  6.644550e-03  2.423110e-01 3.100797e-02 9.328051e-01
8.500000e-01  6.629134e-03  2.435198e-01 3.168022e-02 9.316917e-01
8.550000e-01  6.613717e-03  2.447318e-01 3.236590e-02 9.305569e-01
8.600000e-01  6.598300e-03  2.459466e-01 3.306511e-02 9.294004e-01
8.650000e-01  6.582884e-03  2.471641e-01 3.377792e-02 9.282219e-01
8.700000e-01  6.567467e-03  2.483838e-01 3.450437e-02 9.270210e-01
8.750000e-01  6.552051e-03  2.496054e-01 3.524456e-02 9.257976e-01
8.800000e-01  6.536634e-03  2.508284e-01 3.599857e-02 9.245513e-01
8.850000e-01  6.521217e-03  2.520527e-01 3.676642e-02 9.232819e-01
8.900000e-01  6.505801e-03  2.532777e-01 3.754810e-02 9.219891e-01
8.950000e-01  6.490384e-03  2.545031e-01 3.834362e-02 9.206726e-01
9.000000e-01  6.474968e-03  2.557284e-01 3.915299e-02 9.193322e-01
9.050000e-01  6.459551e-03  2.569534e-01 3.997620e-02 9.179676e-01
9.100000e-01  6.444135e-03  2.581776e-01 4.081316e-02 9.165787e-01
9.150000e-01  6.428718e-03  2.594005e-01 4.166377e-02 9.151651e-01
9.200000e-01  6.413301e-03  2.606218e-01 4.252795e-02 9.137269e-01
9.250000e-01  6.397885e-03  2.618410e-01 4.340561e-02 9.122636e-01
9.300000e-01  6.382468e-03  2.630577e-01 4.429657e-02 9.107752e-01
9.350000e-01  6.367052e-03  2.642716e-01 4.520059e-02 9.092616e-01
9.400000e-01  6.351635e-03  2.654821e-01 4.611747e-02 9.077226e-01
9.450000e-01  6.336218e-03  2.666889e-01 4.704698e-02 9.061581e-01
9.500000e-01  6.320802e-03  2.678915e-01 4.798883e-02 9.045680e-01
9.550000e-01  6.305385e-03  2.690897e-01 4.894263e-02 9.029522e-01
9.600000e-01  6.289969e-03  2.702829e-01 4.990800e-02 9.013108e-01
9.650000e-01  6.274552e-03  2.714707e-01 5.088453e-02 8.996437e-01
9.700000e-01  6.259135e-03  2.726530e-01 5.187176e-02 8.979510e-01
9.750000e-01  6.243719e-03  2.738292e-01 5.286912e-02 8.962327e-01
9.800000e-01  6.228302e-03  2.749992e-01 5.387600e-02 8.944890e-01
9.850000e-01  6.212886e-03  2.761625e-01 5.489176e-02 8.927198e-01
9.900000e-01  6.197469e-03  2.773189e-01 5.591571e-02 8.909255e-01
9.950000e-01  6.182052e-03  2.784682e-01 5.694704e-02 8.891063e-01
1.000000e+00  6.166636e-03  2.796103e-01 5.798487e-02 8.872623e-01
1.005000e+00  6.151219e-03  2.807449e-01 5.902825e-02 8.853940e-01
1.010000e+00  6.135803e-03  2.818719e-01 6.007617e-02 8.835017e-01
1.015000e+00  6.120386e-03  2.829914e-01 6.112756e-02 8.815859e-01
1.020000e+00  6.104970e-03  2.841033e-01 6.218116e-02 8.796469e-01
1.025000e+00  6.089553e-03  2.852077e-01 6.323566e-02 8.776854e-01
1.030000e+00  6.074136e-03  2.863048e-01 6.428966e-02 8.757021e-01
1.035000e+00  6.058720e-03  2.873947e-01 6.534168e-02 8.736975e-01
1.040000e+00  6.043303e-03  2.884778e-01 6.639008e-02 8.716725e-01
1.045000e+00  6.027887e-03  2.895545e-01 6.743309e-02 8.696280e-01
1.050000e+00  6.012470e-03  2.906252e-01 6.846884e-02 8.675648e-01
1.055000e+00  5.997053e-03  2.916905e-01 6.949537e-02 8.654842e-01
1.060000e+00  5.981637e-03  2.927511e-01 7.051057e-02 8.633871e-01
1.065000e+00  5.966220e-03  2.938078e-01 7.151219e-02 8.612749e-01
1.070000e+00  5.950804e-03  2.948614e-01 7.249783e-02 8.591490e-01
1.075000e+00  5.935387e-03  2.959129e-01 7.346502e-02 8.570107e-01
1.080000e+00  5.919970e-03  2.969634e-01 7.441118e-02 8.548619e-01
1.085000e+00  5.904554e-03  2.980141e-01 7.533362e-02 8.527040e-01
1.090000e+00  5.889137e-03  2.990662e-01 7.622949e-02 8.505391e-01
1.095000e+00  5.873721e-03  3.001210e-01 7.709594e-02 8.483691e-01
1.100000e+00  5.858304e-03  3.011798e-01 7.793006e-02 8.461962e-01
1.105000e+00  5.842888e-03  3.022441e-01 7.872897e-02 8.440225e-01
1.110000e+00  5.827471e-03  3.033152e-01 7.948975e-02 8.418504e-01
1.115000e+00  5.812054e-03  3.043945e-01 8.020955e-02 8.396825e-01
1.120000e+00  5.796638e-03  3.054832e-01 8.088569e-02 8.375213e-01
1.125000e+00  5.781221e-03  3.065825e-01 8.151567e-02 8.353694e-01
1.130000e+00  5.765805e-03  3.076933e-01 8.209727e-02 8.332296e-01
1.135000e+00  5.750388e-03  3.088165e-01 8.262853e-02 8.311047e-01
1.140000e+00  5.734971e-03  3.099524e-01 8.310790e-02 8.289973e-01
1.145000e+00  5.719555e-03  3.111014e-01 8.353432e-02 8.269104e-01
1.150000e+00  5.704138e-03  3.122631e-01 8.390732e-02 8.248465e-01
1.155000e+00  5.688722e-03  3.134372e-01 8.422696e-02 8.228083e-01
1.160000e+00  5.673305e-03  3.146227e-01 8.449391e-02 8.207982e-01
1.165000e+00  5.657888e-03  3.158182e-01 8.470955e-02 8.188185e-01
1.170000e+00  5.642472e-03  3.170221e-01 8.487598e-02 8.168713e-01
1.175000e+00  5.627055e-03  3.182322e-01 8.499597e-02 8.149584e-01
1.180000e+00  5.611639e-03  3.194461e-01 8.507291e-02 8.130813e-01
1.185000e+00  5.596222e-03  3.206612e-01 8.511082e-02 8.112414e-01
1.190000e+00  5.580805e-03  3.218747e-01 8.511428e-02 8.094395e-01
1.195000e+00  5.565389e-03  3.230834e-01 8.508840e-02 8.076762e-01
1.200000e+00  5.549972e-03  3.242845e-01 8.503870e-02 8.059516e-01
1.205000e+00  5.534556e-03  3.254748e-01 8.497096e-02 8.042657e-01
1.210000e+00  5.519139e-03  3.266517e-01 8.489119e-02 8.026178e-01
1.215000e+00  5.503723e-03  3.278123e-01 8.480555e-02 8.010070e-01
1.220000e+00  5.488306e-03  3.289545e-01 8.472022e-02 7.994321e-01
1.225000e+00  5.472889e-03  3.300760e-01 8.464122e-02 7.978913e-01
1.230000e+00  5.457473e-03  3.311755e-01 8.457434e-02 7.963826e-01
1.235000e+00  5.442056e-03  3.322517e-01 8.452503e-02 7.949037e-01
1.240000e+00  5.426640e-03  3.333039e-01 8.449828e-02 7.934519e-01
1.245000e+00  5.411223e-03  3.343318e-01 8.449856e-02 7.920242e-01
1.250000e+00  5.395806e-03  3.353357e-01 8.452964e-02 7.906176e-01
1.255000e+00  5.380390e-03  3.363163e-01 8.459451e-02 7.892288e-01
1.260000e+00  5.364973e-03  3.372747e-01 8.469538e-02 7.878542e-01
1.265000e+00  5.349557e-03  3.382123e-01 8.483362e-02 7.864906e-01
1.270000e+00  5.334140e-03  3.391311e-01 8.500976e-02 7.851343e-01
1.275000e+00  5.318723e-03  3.400332e-01 8.522338e-02 7.837822e-01
1.280000e+00  5.303307e-03  3.409209e-01 8.547321e-02 7.824308e-01
1.285000e+00  5.287890e-03  3.417968e-01 8.575719e-02 7.810773e-01
1.290000e+00  5.272474e-03  3.426635e-01 8.607253e-02 7.797189e-01
1.295000e+00  5.257057e-03  3.435238e-01 8.641579e-02 7.783531e-01
1.300000e+00  5.241641e-03  3.443805e-01 8.678291e-02 7.769779e-01
1.305000e+00  5.226224e-03  3.452363e-01 8.716938e-02 7.755914e-01
1.310000e+00  5.210807e-03  3.460939e-01 8.757035e-02 7.741925e-01
1.315000e+00  5.195391e-03  3.469558e-01 8.798080e-02 7.727801e-01
1.320000e+00  5.179974e-03  3.478244e-01 8.839559e-02 7.713538e-01
1.325000e+00  5.164558e-03  3.487019e-01 8.880958e-02 7.699134e-01
1.330000e+00  5.149141e-03  3.495902e-01 8.921774e-02 7.684592e-01
1.335000e+00  5.133724e-03  3.504909e-01 8.961532e-02 7.669919e-01
1.340000e+00  5.118308e-03  3.514052e-01 8.999792e-02 7.655124e-01
1.345000e+00  5.102891e-03  3.523344e-01 9.036158e-02 7.640220e-01
1.350000e+00  5.087475e-03  3.532789e-01 9.070277e-02 7.625221e-01
1.355000e+00  5.072058e-03  3.542390e-01 9.101852e-02 7.610146e-01
1.360000e+00  5.056641e-03  3.552148e-01 9.130648e-02 7.595011e-01
1.365000e+00  5.041225e-03  3.562058e-01 9.156494e-02 7.579838e-01
1.370000e+00  5.025808e-03  3.572113e-01 9.179282e-02 7.564647e-01
1.375000e+00  5.010392e-03  3.582302e-01 9.198964e-02 7.549459e-01
1.380000e+00  4.994975e-03  3.592613e-01 9.215557e-02 7.534294e-01
1.385000e+00  4.979558e-03  3.603030e-01 9.229137e-02 7.519171e-01
1.390000e+00  4.964142e-03  3.613536e-01 9.239841e-02 7.504111e-01
1.395000e+00  4.948725e-03  3.624112e-01 9.247858e-02 7.489130e-01
1.400000e+00  4.933309e-03  3.634739e-01 9.253418e-02 7.474243e-01
1.405000e+00  4.917892e-03  3.645396e-01 9.256795e-02 7.459466e-01
1.410000e+00  4.902476e-03  3.656063e-01 9.258295e-02 7.444808e-01
1.415000e+00  4.887059e-03  3.666720e-01 9.258253e-02 7.430279e-01
1.420000e+00  4.871642e-03  3.677349e-01 9.257023e-02 7.415885e-01
1.425000e+00  4.856226e-03  3.687932e-01 9.254965e-02 7.401630e-01
1.430000e+00  4.840809e-03  3.698454e-01 9.252438e-02 7.387515e-01
1.435000e+00  4.825393e-03  3.708901e-01 9.249801e-02 7.373539e-01
1.440000e+00  4.809976e-03  3.719261e-01 9.247399e-02 7.359698e-01
1.445000e+00  4.794559e-03  3.729526e-01 9.245556e-02 7.345984e-01
1.450000e+00  4.779143e-03  3.739688e-01 9.244567e-02 7.332390e-01
1.455000e+00  4.763726e-03  3.749744e-01 9.244693e-02 7.318906e-01
1.460000e+00  4.748310e-03  3.759692e-01 9.246159e-02 7.305519e-01
1.465000e+00  4.732893e-03  3.769533e-01 9.249150e-02 7.292215e-01
1.470000e+00  4.717476e-03  3.779271e-01 9.253811e-02 7.278981e-01
1.475000e+00  4.702060e-03  3.788910e-01 9.260234e-02 7.265801e-01
1.480000e+00  4.686643e-03  3.798457e-01 9.268466e-02 7.252660e-01
1.485000e+00  4.671227e-03  3.807922e-01 9.278513e-02 7.239543e-01
1.490000e+00  4.655810e-03  3.817315e-01 9.290337e-02 7.226434e-01
1.495000e+00  4.640394e-03  3.826647e-01 9.303861e-02 7.213320e-01
1.500000e+00  4.624977e-03  3.835930e-01 9.318967e-02 7.200187e-01
1.505000e+00  4.609560e-03  3.845177e-01 9.335504e-02 7.187023e-01
1.510000e+00  4.594144e-03  3.854400e-01 9.353294e-02 7.173817e-01
1.515000e+00  4.578727e-03  3.863612e-01 9.372140e-02 7.160561e-01
1.520000e+00  4.563311e-03  3.872826e-01 9.391827e-02 7.147246e-01
1.525000e+00  4.547894e-03  3.882053e-01 9.412126e-02 7.133867e-01
1.530000e+00  4.532477e-03  3.891303e-01 9.432804e-02 7.120420e-01
1.535000e+00  4.517061e-03  3.900587e-01 9.453625e-02 7.106904e-01
1.540000e+00  4.501644e-03  3.909912e-01 9.474366e-02 7.093318e-01
1.545000e+00  4.486228e-03  3.919287e-01 9.494813e-02 7.079664e-01
1.550000e+00  4.470811e-03  3.928716e-01 9.514763e-02 7.065945e-01
1.555000e+00  4.455394e-03  3.938204e-01 9.534035e-02 7.052166e-01
1.560000e+00  4.439978e-03  3.947753e-01 9.552467e-02 7.038331e-01
1.565000e+00  4.424561e-03  3.957365e-01 9.569926e-02 7.024449e-01
1.570000e+00  4.409145e-03  3.967038e-01 9.586309e-02 7.010527e-01
1.575000e+00  4.393728e-03  3.976771e-01 9.601537e-02 6.996572e-01
1.580000e+00  4.378311e-03  3.986562e-01 9.615558e-02 6.982595e-01
1.585000e+00  4.362895e-03  3.996405e-01 9.628349e-02 6.968603e-01
1.590000e+00  4.347478e-03  4.006294e-01 9.639917e-02 6.954606e-01
1.595000e+00  4.332062e-03  4.016225e-01 9.650297e-02 6.940612e-01
1.600000e+00  4.316645e-03  4.026189e-01 9.659546e-02 6.926630e-01
1.605000e+00  4.301229e-03  4.036180e-01 9.667744e-02 6.912667e-01
1.610000e+00  4.285812e-03  4.046189e-01 9.674985e-02 6.898731e-01
1.615000e+00  4.270395e-03  4.056210e-01 9.681384e-02 6.884826e-01
1.620000e+00  4.254979e-03  4.066233e-01 9.687072e-02 6.870959e-01
1.625000e+00  4.239562e-03  4.076252e-01 9.692185e-02 6.857133e-01
1.630000e+00  4.224146e-03  4.086259e-01 9.696866e-02 6.843351e-01
1.635000e+00  4.208729e-03  4.096248e-01 9.701258e-02 6.829616e-01
1.640000e+00  4.193312e-03  4.106214e-01 9.705505e-02 6.815928e-01
1.645000e+00  4.177896e-03  4.116150e-01 9.709749e-02 6.802286e-01
1.650000e+00  4.162479e-03  4.126053e-01 9.714124e-02 6.788690e-01
1.655000e+00  4.147063e-03  4.135920e-01 9.718755e-02 6.775138e-01
1.660000e+00  4.131646e-03  4.145749e-01 9.723750e-02 6.761626e-01
1.665000e+00  4.116229e-03  4.155537e-01 9.729207e-02 6.748151e-01
1.670000e+00  4.100813e-03  4.165285e-01 9.735206e-02 6.734707e-01
1.675000e+00  4.085396e-03  4.174993e-01 9.741816e-02 6.721291e-01
1.680000e+00  4.069980e-03  4.184662e-01 9.749084e-02 6.707897e-01
1.685000e+00  4.054563e-03  4.194296e-01 9.757039e-02 6.694520e-01
1.690000e+00  4.039147e-03  4.203896e-01 9.765691e-02 6.681153e-01
1.695000e+00  4.023730e-03  4.213465e-01 9.775035e-02 6.667791e-01
1.700000e+00  4.008313e-03  4.223008e-01 9.785053e-02 6.654430e-01
1.705000e+00  3.992897e-03  4.232529e-01 9.795708e-02 6.641063e-01
1.710000e+00  3.977480e-03  4.242033e-01 9.806953e-02 6.627686e-01
1.715000e+00  3.962064e-03  4.251523e-01 9.818724e-02 6.614295e-01
1.720000e+00  3.946647e-03  4.261006e-01 9.830950e-02 6.600886e-01
1.725000e+00  3.931230e-03  4.270484e-01 9.843555e-02 6.587455e-01
1.730000e+00  3.915814e-03  4.279963e-01 9.856457e-02 6.574002e-01
1.735000e+00  3.900397e-03  4.289447e-01 9.869572e-02 6.560522e-01
1.740000e+00  3.884981e-03  4.298939e-01 9.882811e-02 6.547016e-01
1.745000e+00  3.869564e-03  4.308443e-01 9.896087e-02 6.533484e-01
1.750000e+00  3.854147e-03  4.317962e-01 9.909317e-02 6.519924e-01
1.755000e+00  3.838731e-03  4.327497e-01 9.922425e-02 6.506338e-01
1.760000e+00  3.823314e-03  4.337051e-01 9.935342e-02 6.492728e-01
1.765000e+00  3.807898e-03  4.346625e-01 9.948003e-02 6.479094e-01
1.770000e+00  3.792481e-03  4.356220e-01 9.960354e-02 6.465440e-01
1.775000e+00  3.777064e-03  4.365836e-01 9.972345e-02 6.451768e-01
1.780000e+00  3.761648e-03  4.375471e-01 9.983945e-02 6.438081e-01
1.785000e+00  3.746231e-03  4.385126e-01 9.995131e-02 6.424382e-01
1.790000e+00  3.730815e-03  4.394799e-01 1.000589e-01 6.410674e-01
1.795000e+00  3.715398e-03  4.404489e-01 1.001622e-01 6.396961e-01
1.800000e+00  3.699982e-03  4.414192e-01 1.002612e-01 6.383245e-01
1.805000e+00  3.684565e-03  4.423908e-01 1.003561e-01 6.369531e-01
1.810000e+00  3.669148e-03  4.433634e-01 1.004472e-01 6.355819e-01
1.815000e+00  3.653732e-03  4.443366e-01 1.005347e-01 6.342114e-01
1.820000e+00  3.638315e-03  4.453102e-01 1.006191e-01 6.328418e-01
1.825000e+00  3.622899e-03  4.462839e-01 1.007007e-01 6.314733e-01
1.830000e+00  3.607482e-03  4.472576e-01 1.007801e-01 6.301060e-01
1.835000e+00  3.592065e-03  4.482309e-01 1.008578e-01 6.287401e-01
1.840000e+00  3.576649e-03  4.492036e-01 1.009341e-01 6.273757e-01
1.845000e+00  3.561232e-03  4.501754e-01 1.010098e-01 6.260129e-01
1.850000e+00  3.545816e-03  4.511462e-01 1.010853e-01 6.246515e-01
1.855000e+00  3.530399e-03  4.521159e-01 1.011610e-01 6.232918e-01
1.860000e+00  3.514982e-03  4.530843e-01 1.012374e-01 6.219334e-01
1.865000e+00  3.499566e-03  4.540514e-01 1.013148e-01 6.205765e-01
1.870000e+00  3.484149e-03  4.550169e-01 1.013938e-01 6.192209e-01
1.875000e+00  3.468733e-03  4.559810e-01 1.014746e-01 6.178663e-01
1.880000e+00  3.453316e-03  4.569436e-01 1.015574e-01 6.165128e-01
1.885000e+00  3.437900e-03  4.579048e-01 1.016424e-01 6.151601e-01
1.890000e+00  3.422483e-03  4.588646e-01 1.017298e-01 6.138079e-01
1.895000e+00  3.407066e-03  4.598231e-01 1.018195e-01 6.124562e-01
1.900000e+00  3.391650e-03  4.607805e-01 1.019117e-01 6.111048e-01
1.905000e+00  3.376233e-03  4.617367e-01 1.020063e-01 6.097534e-01
1.910000e+00  3.360817e-03  4.626920e-01 1.021031e-01 6.084019e-01
1.915000e+00  3.345400e-03  4.636466e-01 1.022021e-01 6.070501e-01
1.920000e+00  3.329983e-03  4.646006e-01 1.023030e-01 6.056978e-01
1.925000e+00  3.314567e-03  4.655541e-01 1.024055e-01 6.043449e-01
1.930000e+00  3.299150e-03  4.665072e-01 1.025095e-01 6.029914e-01
1.935000e+00  3.283734e-03  4.674602e-01 1.026146e-01 6.016371e-01
1.940000e+00  3.268317e-03  4.684132e-01 1.027206e-01 6.002819e-01
1.945000e+00  3.252900e-03  4.693664e-01 1.028272e-01 5.989258e-01
1.950000e+00  3.237484e-03  4.703198e-01 1.029340e-01 5.975688e-01
1.955000e+00  3.222067e-03  4.712735e-01 1.030408e-01 5.962108e-01
1.960000e+00  3.206651e-03  4.722276e-01 1.031472e-01 5.948519e-01
1.965000e+00  3.191234e-03  4.731822e-01 1.032532e-01 5.934921e-01
1.970000e+00  3.175817e-03  4.741373e-01 1.033584e-01 5.921316e-01
1.975000e+00  3.160401e-03  4.750931e-01 1.034626e-01 5.907702e-01
1.980000e+00  3.144984e-03  4.760494e-01 1.035656e-01 5.894082e-01
1.985000e+00  3.129568e-03  4.770064e-01 1.036674e-01 5.880456e-01
1.990000e+00  3.114151e-03  4.779638e-01 1.037677e-01 5.866826e-01
1.995000e+00  3.098735e-03  4.789217e-01 1.038666e-01 5.853192e-01
2.000000e+00  3.083318e-03  4.798801e-01 1.039641e-01 5.839555e-01
2.005000e+00  3.067901e-03  4.808389e-01 1.040602e-01 5.825917e-01
2.010000e+00  3.052485e-03  4.817981e-01 1.041549e-01 5.812279e-01
2.015000e+00  3.037068e-03  4.827575e-01 1.042481e-01 5.798641e-01
2.020000e+00  3.021652e-03  4.837170e-01 1.043401e-01 5.785005e-01
2.025000e+00  3.006235e-03  4.846765e-01 1.044310e-01 5.771372e-01
2.030000e+00  2.990818e-03  4.856360e-01 1.045210e-01 5.757741e-01
2.035000e+00  2.975402e-03  4.865955e-01 1.046102e-01 5.744115e-01
2.040000e+00  2.959985e-03  4.875547e-01 1.046987e-01 5.730493e-01
2.045000e+00  2.944569e-03  4.885137e-01 1.047866e-01 5.716876e-01
2.050000e+00  2.929152e-03  4.894723e-01 1.048742e-01 5.703263e-01
2.055000e+00  2.913735e-03  4.904305e-01 1.049617e-01 5.689656e-01
2.060000e+00  2.898319e-03  4.913881e-01 1.050492e-01 5.676054e-01
2.065000e+00  2.882902e-03  4.923453e-01 1.051370e-01 5.662457e-01
2.070000e+00  2.867486e-03  4.933019e-01 1.052250e-01 5.648865e-01
2.075000e+00  2.852069e-03  4.942580e-01 1.053135e-01 5.635276e-01
2.080000e+00  2.836653e-03  4.952135e-01 1.054024e-01 5.621692e-01
2.085000e+00  2.821236e-03  4.961683e-01 1.054920e-01 5.608112e-01
2.090000e+00  2.805819e-03  4.971224e-01 1.055824e-01 5.594534e-01
2.095000e+00  2.790403e-03  4.980760e-01 1.056736e-01 5.580958e-01
2.100000e+00  2.774986e-03  4.990292e-01 1.057656e-01 5.567384e-01
2.105000e+00  2.759570e-03  4.999818e-01 1.058584e-01 5.553812e-01
2.110000e+00  2.744153e-03  5.009340e-01 1.059518e-01 5.540239e-01
2.115000e+00  2.728736e-03  5.018856e-01 1.060461e-01 5.526666e-01
2.120000e+00  2.713320e-03  5.028368e-01 1.061410e-01 5.513093e-01
2.125000e+00  2.697903e-03  5.037877e-01 1.062368e-01 5.499518e-01
2.130000e+00  2.682487e-03  5.047384e-01 1.063331e-01 5.485942e-01
2.135000e+00  2.667070e-03  5.056889e-01 1.064299e-01 5.472364e-01
2.140000e+00  2.651653e-03  5.066392e-01 1.065270e-01 5.458783e-01
2.145000e+00  2.636237e-03  5.075892e-01 1.066244e-01 5.445199e-01
2.150000e+00  2.620820e-03  5.085392e-01 1.067220e-01 5.431612e-01
2.155000e+00  2.605404e-03  5.094890e-01 1.068199e-01 5.418022e-01
2.160000e+00  2.589987e-03  5.104389e-01 1.069178e-01 5.404430e-01
2.165000e+00  2.574570e-03  5.113889e-01 1.070156e-01 5.390834e-01
2.170000e+00  2.559154e-03  5.123390e-01 1.071132e-01 5.377235e-01
2.175000e+00  2.543737e-03  5.132890e-01 1.072105e-01 5.363633e-01
2.180000e+00  2.528321e-03  5.142391e-01 1.073075e-01 5.350029e-01
2.185000e+00  2.512904e-03  5.151891e-01 1.074042e-01 5.336423e-01
2.190000e+00  2.497488e-03  5.161393e-01 1.075005e-01 5.322815e-01
2.195000e+00  2.482071e-03  5.170896e-01 1.075965e-01 5.309205e-01
2.200000e+00  2.466654e-03  5.180401e-01 1.076918e-01 5.295594e-01
2.205000e+00  2.451238e-03  5.189905e-01 1.077866e-01 5.281981e-01
2.210000e+00  2.435821e-03  5.199409e-01 1.078809e-01 5.268369e-01
2.215000e+00  2.420405e-03  5.208912e-01 1.079748e-01 5.254756e-01
2.220000e+00  2.404988e-03  5.218414e-01 1.080683e-01 5.241143e-01
2.225000e+00  2.389571e-03  5.227917e-01 1.081614e-01 5.227531e-01
2.230000e+00  2.374155e-03  5.237420e-01 1.082541e-01 5.213919e-01
2.235000e+00  2.358738e-03  5.246922e-01 1.083464e-01 5.200309e-01
2.240000e+00  2.343322e-03  5.256421e-01 1.084383e-01 5.186699e-01
2.245000e+00  2.327905e-03  5.265918e-01 1.085300e-01 5.173091e-01
2.250000e+00  2.312488e-03  5.275412e-01 1.086216e-01 5.159485e-01
2.255000e+00  2.297072e-03  5.284905e-01 1.087131e-01 5.145881e-01
2.260000e+00  2.281655e-03  5.294396e-01 1.088046e-01 5.132278e-01
2.265000e+00  2.266239e-03  5.303885e-01 1.088960e-01 5.118677e-01
2.270000e+00  2.250822e-03  5.313370e-01 1.089873e-01 5.105077e-01
2.275000e+00  2.235406e-03  5.322852e-01 1.090787e-01 5.091479e-01
2.280000e+00  2.219989e-03  5.332330e-01 1.091702e-01 5.077883e-01
2.285000e+00  2.204572e-03  5.341804e-01 1.092620e-01 5.064288e-01
2.290000e+00  2.189156e-03  5.351276e-01 1.093541e-01 5.050695e-01
2.295000e+00  2.173739e-03  5.360746e-01 1.094464e-01 5.037102e-01
2.300000e+00  2.158323e-03  5.370213e-01 1.095388e-01 5.023510e-01
2.305000e+00  2.142906e-03  5.379676e-01 1.096314e-01 5.009919e-01
2.310000e+00  2.127489e-03  5.389135e-01 1.097242e-01 4.996329e-01
2.315000e+00  2.112073e-03  5.398591e-01 1.098175e-01 4.982739e-01
2.320000e+00  2.096656e-03  5.408044e-01 1.099110e-01 4.969149e-01
2.325000e+00  2.081240e-03  5.417496e-01 1.100048e-01 4.955558e-01
2.330000e+00  2.065823e-03  5.426945e-01 1.100987e-01 4.941968e-01
2.335000e+00  2.050406e-03  5.436393e-01 1.101928e-01 4.928377e-01
2.340000e+00  2.034990e-03  5.445838e-01 1.102869e-01 4.914785e-01
2.345000e+00  2.019573e-03  5.455279e-01 1.103813e-01 4.901193e-01
2.350000e+00  2.004157e-03  5.464719e-01 1.104759e-01 4.887600e-01
2.355000e+00  1.988740e-03  5.474157e-01 1.105705e-01 4.874006e-01
2.360000e+00  1.973323e-03  5.483595e-01 1.106653e-01 4.860411e-01
2.365000e+00  1.957907e-03  5.493032e-01 1.107600e-01 4.846815e-01
2.370000e+00  1.942490e-03  5.502468e-01 1.108546e-01 4.833219e-01
2.375000e+00  1.927074e-03  5.511901e-01 1.109491e-01 4.819621e-01
2.380000e+00  1.911657e-03  5.521333e-01 1.110435e-01 4.806023e-01
2.385000e+00  1.896241e-03  5.530763e-01 1.111380e-01 4.792424e-01
2.390000e+00  1.880824e-03  5.540192e-01 1.112324e-01 4.778824e-01
2.395000e+00  1.865407e-03  5.549622e-01 1.113267e-01 4.765223e-01
2.400000e+00  1.849991e-03  5.559051e-01 1.114208e-01 4.751623e-01
2.405000e+00  1.834574e-03  5.568478e-01 1.115145e-01 4.738021e-01
2.410000e+00  1.819158e-03  5.577903e-01 1.116081e-01 4.724420e-01
2.415000e+00  1.803741e-03  5.587326e-01 1.117016e-01 4.710818e-01
2.420000e+00  1.788324e-03  5.596748e-01 1.117951e-01 4.697216e-01
2.425000e+00  1.772908e-03  5.606169e-01 1.118885e-01 4.683615e-01
2.430000e+00  1.757491e-03  5.615589e-01 1.119817e-01 4.670013e-01
2.435000e+00  1.742075e-03  5.625009e-01 1.120746e-01 4.656412e-01
2.440000e+00  1.726658e-03  5.634426e-01 1.121673e-01 4.642812e-01
2.445000e+00  1.711241e-03  5.643840e-01 1.122600e-01 4.629211e-01
2.450000e+00  1.695825e-03  5.653251e-01 1.123525e-01 4.615612e-01
2.455000e+00  1.680408e-03  5.662660e-01 1.124452e-01 4.602013e-01
2.460000e+00  1.664992e-03  5.672068e-01 1.125379e-01 4.588414e-01
2.465000e+00  1.649575e-03  5.681475e-01 1.126305e-01 4.574817e-01
2.470000e+00  1.634159e-03  5.690880e-01 1.127229e-01 4.561220e-01
2.475000e+00  1.618742e-03  5.700282e-01 1.128152e-01 4.547623e-01
2.480000e+00  1.603325e-03  5.709681e-01 1.129076e-01 4.534027e-01
2.485000e+00  1.587909e-03  5.719076e-01 1.130002e-01 4.520432e-01
2.490000e+00  1.572492e-03  5.728469e-01 1.130929e-01 4.506838e-01
2.495000e+00  1.557076e-03  5.737860e-01 1.131856e-01 4.493244e-01
2.500000e+00  1.541659e-03  5.747250e-01 1.132784e-01 4.479650e-01
2.505000e+00  1.526242e-03  5.756638e-01 1.133712e-01 4.466057e-01
2.510000e+00  1.510826e-03  5.766023e-01 1.134640e-01 4.452464e-01
2.515000e+00  1.495409e-03  5.775404e-01 1.135568e-01 4.438871e-01
2.520000e+00  1.479993e-03  5.784782e-01 1.136497e-01 4.425279e-01
2.525000e+00  1.464576e-03  5.794158e-01 1.137429e-01 4.411687e-01
2.530000e+00  1.449159e-03  5.803531e-01 1.138362e-01 4.398095e-01
2.535000e+00  1.433743e-03  5.812904e-01 1.139296e-01 4.384503e-01
2.540000e+00  1.418326e-03  5.822275e-01 1.140230e-01 4.370911e-01
2.545000e+00  1.402910e-03  5.831644e-01 1.141163e-01 4.357319e-01
2.550000e+00  1.387493e-03  5.841010e-01 1.142095e-01 4.343727e-01
2.555000e+00  1.372076e-03  5.850372e-01 1.143029e-01 4.330134e-01
2.560000e+00  1.356660e-03  5.859732e-01 1.143964e-01 4.316542e-01
2.565000e+00  1.341243e-03  5.869091e-01 1.144900e-01 4.302949e-01
2.570000e+00  1.325827e-03  5.878448e-01 1.145836e-01 4.289357e-01
2.575000e+00  1.310410e-03  5.887805e-01 1.146772e-01 4.275764e-01
2.580000e+00  1.294994e-03  5.897160e-01 1.147706e-01 4.262170e-01
2.585000e+00  1.279577e-03  5.906512e-01 1.148639e-01 4.248577e-01
2.590000e+00  1.264160e-03  5.915861e-01 1.149572e-01 4.234983e-01
2.595000e+00  1.248744e-03  5.925207e-01 1.150506e-01 4.221390e-01
2.600000e+00  1.233327e-03  5.934552e-01 1.151440e-01 4.207796e-01
2.605000e+00  1.217911e-03  5.943895e-01 1.152374e-01 4.194203e-01
2.610000e+00  1.202494e-03  5.953238e-01 1.153308e-01 4.180609e-01
2.615000e+00  1.187077e-03  5.962580e-01 1.154239e-01 4.167015e-01
2.620000e+00  1.171661e-03  5.971919e-01 1.155169e-01 4.153422e-01
2.625000e+00  1.156244e-03  5.981254e-01 1.156098e-01 4.139828e-01
2.630000e+00  1.140828e-03  5.990587e-01 1.157027e-01 4.126235e-01
2.635000e+00  1.125411e-03  5.999917e-01 1.157957e-01 4.112642e-01
2.640000e+00  1.109994e-03  6.009246e-01 1.158888e-01 4.099049e-01
2.645000e+00  1.094578e-03  6.018574e-01 1.159818e-01 4.085457e-01
2.650000e+00  1.079161e-03  6.027901e-01 1.160746e-01 4.071864e-01
2.655000e+00  1.063745e-03  6.037225e-01 1.161673e-01 4.058272e-01
2.660000e+00  1.048328e-03  6.046546e-01 1.162600e-01 4.044681e-01
2.665000e+00  1.032912e-03  6.055864e-01 1.163526e-01 4.031089e-01
2.670000e+00  1.017495e-03  6.065179e-01 1.164453e-01 4.017498e-01
2.675000e+00  1.002078e-03  6.074491e-01 1.165381e-01 4.003908e-01
2.680000e+00  9.866617e-04  6.083802e-01 1.166310e-01 3.990318e-01
2.685000e+00  9.712452e-04  6.093112e-01 1.167238e-01 3.976728e-01
2.690000e+00  9.558286e-04  6.102420e-01 1.168166e-01 3.963138e-01
2.695000e+00  9.404120e-04  6.111725e-01 1.169092e-01 3.949549e-01
2.700000e+00  9.249954e-04  6.121026e-01 1.170018e-01 3.935960e-01
2.705000e+00  9.095788e-04  6.130324e-01 1.170945e-01 3.922372e-01
2.710000e+00  8.941622e-04  6.139619e-01 1.171873e-01 3.908784e-01
2.715000e+00  8.787456e-04  6.148911e-01 1.172802e-01 3.895196e-01
2.720000e+00  8.633290e-04  6.158203e-01 1.173732e-01 3.881608e-01
2.725000e+00  8.479124e-04  6.167493e-01 1.174662e-01 3.868020e-01
2.730000e+00  8.324958e-04  6.176782e-01 1.175590e-01 3.854433e-01
2.735000e+00  8.170793e-04  6.186066e-01 1.176518e-01 3.840846e-01
2.740000e+00  8.016627e-04  6.195348e-01 1.177446e-01 3.827259e-01
2.745000e+00  7.862461e-04  6.204625e-01 1.178374e-01 3.813672e-01
2.750000e+00  7.708295e-04  6.213900e-01 1.179304e-01 3.800086e-01
2.755000e+00  7.554129e-04  6.223173e-01 1.180235e-01 3.786499e-01
2.760000e+00  7.399963e-04  6.232446e-01 1.181167e-01 3.772913e-01
2.765000e+00  7.245797e-04  6.241717e-01 1.182097e-01 3.759327e-01
2.770000e+00  7.091631e-04  6.250985e-01 1.183026e-01 3.745740e-01
2.775000e+00  6.937465e-04  6.260250e-01 1.183955e-01 3.732154e-01
2.780000e+00  6.783299e-04  6.269512e-01 1.184883e-01 3.718568e-01
2.785000e+00  6.629134e-04  6.278770e-01 1.185812e-01 3.704983e-01
2.790000e+00  6.474968e-04  6.288025e-01 1.186742e-01 3.691397e-01
2.795000e+00  6.320802e-04  6.297279e-01 1.187673e-01 3.677812e-01
2.800000e+00  6.166636e-04  6.306532e-01 1.188604e-01 3.664226e-01
2.805000e+00  6.012470e-04  6.315784e-01 1.189533e-01 3.650641e-01
2.810000e+00  5.858304e-04  6.325033e-01 1.190462e-01 3.637056e-01
2.815000e+00  5.704138e-04  6.334278e-01 1.191389e-01 3.623471e-01
2.820000e+00  5.549972e-04  6.343520e-01 1.192315e-01 3.609886e-01
2.825000e+00  5.395806e-04  6.352759e-01 1.193243e-01 3.596302e-01
2.830000e+00  5.241641e-04  6.361995e-01 1.194171e-01 3.582717e-01
2.835000e+00  5.087475e-04  6.371228e-01 1.195101e-01 3.569133e-01
2.840000e+00  4.933309e-04  6.380462e-01 1.196030e-01 3.555550e-01
2.845000e+00  4.779143e-04  6.389693e-01 1.196958e-01 3.541966e-01
2.850000e+00  4.624977e-04  6.398922e-01 1.197885e-01 3.528383e-01
2.855000e+00  4.470811e-04  6.408148e-01 1.198810e-01 3.514800e-01
2.860000e+00  4.316645e-04  6.417370e-01 1.199735e-01 3.501217e-01
2.865000e+00  4.162479e-04  6.426588e-01 1.200661e-01 3.487635e-01
2.870000e+00  4.008313e-04  6.435802e-01 1.201588e-01 3.474053e-01
2.875000e+00  3.854147e-04  6.445015e-01 1.202516e-01 3.460471e-01
2.880000e+00  3.699982e-04  6.454227e-01 1.203444e-01 3.446890e-01
2.885000e+00  3.545816e-04  6.463437e-01 1.204372e-01 3.433308e-01
2.890000e+00  3.391650e-04  6.472645e-01 1.205298e-01 3.419727e-01
2.895000e+00  3.237484e-04  6.481849e-01 1.206223e-01 3.406147e-01
2.900000e+00  3.083318e-04  6.491050e-01 1.207147e-01 3.392567e-01
2.905000e+00  2.929152e-04  6.500246e-01 1.208072e-01 3.378987e-01
2.910000e+00  2.774986e-04  6.509439e-01 1.208998e-01 3.365407e-01
2.915000e+00  2.620820e-04  6.518630e-01 1.209926e-01 3.351828e-01
2.920000e+00  2.466654e-04  6.527819e-01 1.210854e-01 3.338249e-01
2.925000e+00  2.312488e-04  6.537007e-01 1.211782e-01 3.324670e-01
2.930000e+00  2.158323e-04  6.546192e-01 1.212709e-01 3.311092e-01
2.935000e+00  2.004157e-04  6.555375e-01 1.213634e-01 3.297514e-01
2.940000e+00  1.849991e-04  6.564553e-01 1.214558e-01 3.283936e-01
2.945000e+00  1.695825e-04  6.573728e-01 1.215483e-01 3.270358e-01
2.950000e+00  1.541659e-04  6.582898e-01 1.216409e-01 3.256781e-01
2.955000e+00  1.387493e-04  6.592066e-01 1.217336e-01 3.243204e-01
2.960000e+00  1.233327e-04  6.601231e-01 1.218264e-01 3.229627e-01
2.965000e+00  1.079161e-04  6.610396e-01 1.219192e-01 3.216051e-01
2.970000e+00  9.249954e-05  6.619559e-01 1.220120e-01 3.202475e-01
2.975000e+00  7.708295e-05  6.628719e-01 1.221045e-01 3.188899e-01
2.980000e+00  6.166636e-05  6.637875e-01 1.221970e-01 3.175323e-01
2.985000e+00  4.624977e-05  6.647027e-01 1.222894e-01 3.161747e-01
2.990000e+00  3.083318e-05  6.656175e-01 1.223819e-01 3.148172e-01
2.995000e+00  1.541659e-05  6.665320e-01 1.224744e-01 3.134597e-01
3.000000e+00  1.283695e-16  6.674461e-01 1.225671e-01 3.121023e-01
3.005000e+00  -1.541659e-05  6.683602e-01 1.226599e-01 3.107449e-01
3.010000e+00  -3.083318e-05  6.692740e-01 1.227527e-01 3.093875e-01
3.015000e+00  -4.624977e-05  6.701877e-01 1.228453e-01 3.080301e-01
3.020000e+00  -6.166636e-05  6.711011e-01 1.229377e-01 3.066727e-01
3.025000e+00  -7.708295e-05  6.720140e-01 1.230301e-01 3.053154e-01
3.030000e+00  -9.249954e-05  6.729266e-01 1.231224e-01 3.039581e-01
3.035000e+00  -1.079161e-04  6.738387e-01 1.232148e-01 3.026009e-01
3.040000e+00  -1.233327e-04  6.747505e-01 1.233072e-01 3.012437e-01
3.045000e+00  -1.387493e-04  6.756620e-01 1.233998e-01 2.998865e-01
3.050000e+00  -1.541659e-04  6.765733e-01 1.234925e-01 2.985294e-01
3.055000e+00  -1.695825e-04  6.774845e-01 1.235851e-01 2.971722e-01
3.060000e+00  -1.849991e-04  6.783955e-01 1.236776e-01 2.958152e-01
3.065000e+00  -2.004157e-04  6.793061e-01 1.237699e-01 2.944581e-01
3.070000e+00  -2.158323e-04  6.802163e-01 1.238621e-01 2.931011e-01
3.075000e+00  -2.312488e-04  6.811261e-01 1.239543e-01 2.917441e-01
3.080000e+00  -2.466654e-04  6.820354e-01 1.240466e-01 2.903872e-01
3.085000e+00  -2.620820e-04  6.829444e-01 1.241389e-01 2.890303e-01
3.090000e+00  -2.774986e-04  6.838531e-01 1.242314e-01 2.876734e-01
3.095000e+00  -2.929152e-04  6.847616e-01 1.243240e-01 2.863166e-01
3.100000e+00  -3.083318e-04  6.856700e-01 1.244165e-01 2.849599e-01
3.105000e+00  -3.237484e-04  6.865781e-01 1.245089e-01 2.836031e-01
3.110000e+00  -3.391650e-04  6.874858e-01 1.246011e-01 2.822464e-01
3.115000e+00  -3.545816e-04  6.883931e-01 1.246933e-01 2.808897e-01
3.120000e+00  -3.699982e-04  6.893000e-01 1.247854e-01 2.795331e-01
3.125000e+00  -3.854147e-04  6.902065e-01 1.248775e-01 2.781765e-01
3.130000e+00  -4.008313e-04  6.911126e-01 1.249698e-01 2.768199e-01
3.135000e+00  -4.162479e-04  6.920183e-01 1.250622e-01 2.754634e-01
3.140000e+00  -4.316645e-04  6.929238e-01 1.251547e-01 2.741070e-01
3.145000e+00  -4.470811e-04  6.938292e-01 1.252472e-01 2.727505e-01
3.150000e+00  -4.624977e-04  6.947343e-01 1.253395e-01 2.713941e-01
3.155000e+00  -4.779143e-04  6.956391e-01 1.254316e-01 2.700378e-01
3.160000e+00  -4.933309e-04  6.965434e-01 1.255237e-01 2.686815e-01
3.165000e+00  -5.087475e-04  6.974474e-01 1.256158e-01 2.673252e-01
3.170000e+00  -5.241641e-04  6.983508e-01 1.257078e-01 2.659689e-01
3.175000e+00  -5.395806e-04  6.992539e-01 1.257999e-01 2.646127e-01
3.180000e+00  -5.549972e-04  7.001566e-01 1.258922e-01 2.632566e-01
3.185000e+00  -5.704138e-04  7.010590e-01 1.259846e-01 2.619005e-01
3.190000e+00  -5.858304e-04  7.019612e-01 1.260770e-01 2.605444e-01
3.195000e+00  -6.012470e-04  7.028632e-01 1.261692e-01 2.591884e-01
3.200000e+00  -6.166636e-04  7.037649e-01 1.262614e-01 2.578324e-01
3.205000e+00  -6.320802e-04  7.046662e-01 1.263534e-01 2.564764e-01
3.210000e+00  -6.474968e-04  7.055671e-01 1.264453e-01 2.551205e-01
3.215000e+00  -6.629134e-04  7.064675e-01 1.265372e-01 2.537646e-01
3.220000e+00  -6.783299e-04  7.073674e-01 1.266292e-01 2.524088e-01
3.225000e+00  -6.937465e-04  7.082669e-01 1.267212e-01 2.510530e-01
3.230000e+00  -7.091631e-04  7.091661e-01 1.268133e-01 2.496973e-01
3.235000e+00  -7.245797e-04  7.100650e-01 1.269056e-01 2.483416e-01
3.240000e+00  -7.399963e-04  7.109638e-01 1.269978e-01 2.469860e-01
3.245000e+00  -7.554129e-04  7.118623e-01 1.270899e-01 2.456304e-01
3.250000e+00  -7.708295e-04  7.127603e-01 1.271818e-01 2.442748e-01
3.255000e+00  -7.862461e-04  7.136580e-01 1.272737e-01 2.429193e-01
3.260000e+00  -8.016627e-04  7.145552e-01 1.273654e-01 2.415639e-01
3.265000e+00  -8.170793e-04  7.154519e-01 1.274572e-01 2.402084e-01
3.270000e+00  -8.324958e-04  7.163482e-01 1.275490e-01 2.388531e-01
3.275000e+00  -8.479124e-04  7.172441e-01 1.276408e-01 2.374978e-01
3.280000e+00  -8.633290e-04  7.181395e-01 1.277328e-01 2.361425e-01
3.285000e+00  -8.787456e-04  7.190348e-01 1.278249e-01 2.347873e-01
3.290000e+00  -8.941622e-04  7.199298e-01 1.279170e-01 2.334322e-01
3.295000e+00  -9.095788e-04  7.208246e-01 1.280089e-01 2.320771e-01
3.300000e+00  -9.249954e-04  7.217189e-01 1.281006e-01 2.307220e-01
3.305000e+00  -9.404120e-04  7.226127e-01 1.281922e-01 2.293670e-01
3.310000e+00  -9.558286e-04  7.235061e-01 1.282838e-01 2.280120e-01
3.315000e+00  -9.712452e-04  7.243991e-01 1.283754e-01 2.266571e-01
3.320000e+00  -9.866617e-04  7.252915e-01 1.284670e-01 2.253022e-01
3.325000e+00  -1.002078e-03  7.261835e-01 1.285587e-01 2.239474e-01
3.330000e+00  -1.017495e-03  7.270751e-01 1.286505e-01 2.225927e-01
3.335000e+00  -1.032912e-03  7.279664e-01 1.287424e-01 2.212380e-01
3.340000e+00  -1.048328e-03  7.288575e-01 1.288342e-01 2.198834e-01
3.345000e+00  -1.063745e-03  7.297483e-01 1.289259e-01 2.185288e-01
3.350000e+00  -1.079161e-03  7.306387e-01 1.290175e-01 2.171743e-01
3.355000e+00  -1.094578e-03  7.315286e-01 1.291089e-01 2.158198e-01
3.360000e+00  -1.109994e-03  7.324180e-01 1.292003e-01 2.144654e-01
3.365000e+00  -1.125411e-03  7.333070e-01 1.292917e-01 2.131110e-01
3.370000e+00  -1.140828e-03  7.341954e-01 1.293831e-01 2.117567e-01
3.375000e+00  -1.156244e-03  7.350834e-01 1.294745e-01 2.104024e-01
3.380000e+00  -1.171661e-03  7.359709e-01 1.295661e-01 2.090483e-01
3.385000e+00  -1.187077e-03  7.368581e-01 1.296577e-01 2.076941e-01
3.390000e+00  -1.202494e-03  7.377450e-01 1.297493e-01 2.063401e-01
3.395000e+00  -1.217911e-03  7.386317e-01 1.298409e-01 2.049861e-01
3.400000e+00  -1.233327e-03  7.395179e-01 1.299322e-01 2.036321e-01
3.405000e+00  -1.248744e-03  7.404037e-01 1.300235e-01 2.022782e-01
3.410000e+00  -1.264160e-03  7.412889e-01 1.301146e-01 2.009244e-01
3.415000e+00  -1.279577e-03  7.421737e-01 1.302058e-01 1.995706e-01
3.420000e+00  -1.294994e-03  7.430580e-01 1.302969e-01 1.982169e-01
3.425000e+00  -1.310410e-03  7.439418e-01 1.303880e-01 1.968632e-01
3.430000e+00  -1.325827e-03  7.448251e-01 1.304792e-01 1.955096e-01
3.435000e+00  -1.341243e-03  7.457079e-01 1.305704e-01 1.941561e-01
3.440000e+00  -1.356660e-03  7.465904e-01 1.306618e-01 1.928027e-01
3.445000e+00  -1.372076e-03  7.474726e-01 1.307531e-01 1.914493e-01
3.450000e+00  -1.387493e-03  7.483545e-01 1.308442e-01 1.900960e-01
3.455000e+00  -1.402910e-03  7.492360e-01 1.309352e-01 1.887427e-01
3.460000e+00  -1.418326e-03  7.501169e-01 1.310261e-01 1.873895e-01
3.465000e+00  -1.433743e-03  7.509973e-01 1.311170e-01 1.860364e-01
3.470000e+00  -1.449159e-03  7.518772e-01 1.312077e-01 1.846833e-01
3.475000e+00  -1.464576e-03  7.527566e-01 1.312985e-01 1.833303e-01
3.480000e+00  -1.479993e-03  7.536354e-01 1.313893e-01 1.819774e-01
3.485000e+00  -1.495409e-03  7.545138e-01 1.314801e-01 1.806246e-01
3.490000e+00  -1.510826e-03  7.553917e-01 1.315710e-01 1.792718e-01
3.495000e+00  -1.526242e-03  7.562692e-01 1.316619e-01 1.779191e-01
3.500000e+00  -1.541659e-03  7.571464e-01 1.317528e-01 1.765665e-01
3.505000e+00  -1.557076e-03  7.580232e-01 1.318436e-01 1.752139e-01
3.510000e+00  -1.572492e-03  7.588996e-01 1.319342e-01 1.738614e-01
3.515000e+00  -1.587909e-03  7.597755e-01 1.320247e-01 1.725090e-01
3.520000e+00  -1.603325e-03  7.606508e-01 1.321151e-01 1.711566e-01
3.525000e+00  -1.618742e-03  7.615255e-01 1.322055e-01 1.698043e-01
3.530000e+00  -1.634159e-03  7.623998e-01 1.322958e-01 1.684521e-01
3.535000e+00  -1.649575e-03  7.632735e-01 1.323861e-01 1.671000e-01
3.540000e+00  -1.664992e-03  7.641466e-01 1.324764e-01 1.657480e-01
3.545000e+00  -1.680408e-03  7.650193e-01 1.325668e-01 1.643960e-01
3.550000e+00  -1.695825e-03  7.658915e-01 1.326572e-01 1.630442e-01
3.555000e+00  -1.711241e-03  7.667634e-01 1.327477e-01 1.616924e-01
3.560000e+00  -1.726658e-03  7.676349e-01 1.328380e-01 1.603406e-01
3.565000e+00  -1.742075e-03  7.685059e-01 1.329282e-01 1.589890e-01
3.570000e+00  -1.757491e-03  7.693764e-01 1.330182e-01 1.576374e-01
3.575000e+00  -1.772908e-03  7.702463e-01 1.331081e-01 1.562859e-01
3.580000e+00  -1.788324e-03  7.711157e-01 1.331979e-01 1.549345e-01
3.585000e+00  -1.803741e-03  7.719845e-01 1.332877e-01 1.535832e-01
3.590000e+00  -1.819158e-03  7.728528e-01 1.333774e-01 1.522319e-01
3.595000e+00  -1.834574e-03  7.737205e-01 1.334671e-01 1.508808e-01
3.600000e+00  -1.849991e-03  7.745877e-01 1.335568e-01 1.495297e-01
3.605000e+00  -1.865407e-03  7.754543e-01 1.336466e-01 1.481788e-01
3.610000e+00  -1.880824e-03  7.763205e-01 1.337364e-01 1.468279e-01
3.615000e+00  -1.896241e-03  7.771863e-01 1.338261e-01 1.454771e-01
3.620000e+00  -1.911657e-03  7.780517e-01 1.339157e-01 1.441264e-01
3.625000e+00  -1.927074e-03  7.789166e-01 1.340051e-01 1.427757e-01
3.630000e+00  -1.942490e-03  7.797809e-01 1.340944e-01 1.414252e-01
3.635000e+00  -1.957907e-03  7.806446e-01 1.341835e-01 1.400747e-01
3.640000e+00  -1.973323e-03  7.815078e-01 1.342726e-01 1.387243e-01
3.645000e+00  -1.988740e-03  7.823703e-01 1.343616e-01 1.373741e-01
3.650000e+00  -2.004157e-03  7.832323e-01 1.344506e-01 1.360239e-01
3.655000e+00  -2.019573e-03  7.840937e-01 1.345395e-01 1.346738e-01
3.660000e+00  -2.034990e-03  7.849545e-01 1.346283e-01 1.333238e-01
3.665000e+00  -2.050406e-03  7.858148e-01 1.347172e-01 1.319739e-01
3.670000e+00  -2.065823e-03  7.866746e-01 1.348061e-01 1.306241e-01
3.675000e+00  -2.081240e-03  7.875339e-01 1.348949e-01 1.292744e-01
3.680000e+00  -2.096656e-03  7.883929e-01 1.349836e-01 1.279248e-01
3.685000e+00  -2.112073e-03  7.892513e-01 1.350721e-01 1.265753e-01
3.690000e+00  -2.127489e-03  7.901091e-01 1.351604e-01 1.252259e-01
3.695000e+00  -2.142906e-03  7.909663e-01 1.352485e-01 1.238766e-01
3.700000e+00  -2.158323e-03  7.918229e-01 1.353366e-01 1.225273e-01
3.705000e+00  -2.173739e-03  7.926789e-01 1.354245e-01 1.211782e-01
3.710000e+00  -2.189156e-03  7.935343e-01 1.355124e-01 1.198292e-01
3.715000e+00  -2.204572e-03  7.943891e-01 1.356002e-01 1.184803e-01
3.720000e+00  -2.219989e-03  7.952433e-01 1.356879e-01 1.171314e-01
3.725000e+00  -2.235406e-03  7.960969e-01 1.357756e-01 1.157827e-01
3.730000e+00  -2.250822e-03  7.969499e-01 1.358632e-01 1.144341e-01
3.735000e+00  -2.266239e-03  7.978024e-01 1.359508e-01 1.130856e-01
3.740000e+00  -2.281655e-03  7.986545e-01 1.360383e-01 1.117372e-01
3.745000e+00  -2.297072e-03  7.995062e-01 1.361256e-01 1.103889e-01
3.750000e+00  -2.312488e-03  8.003572e-01 1.362126e-01 1.090407e-01
3.755000e+00  -2.327905e-03  8.012076e-01 1.362994e-01 1.076926e-01
3.760000e+00  -2.343322e-03  8.020574e-01 1.363861e-01 1.063446e-01
3.765000e+00  -2.358738e-03  8.029065e-01 1.364727e-01 1.049967e-01
3.770000e+00  -2.374155e-03  8.037551e-01 1.365591e-01 1.036489e-01
3.775000e+00  -2.389571e-03  8.046030e-01 1.366454e-01 1.023013e-01
3.780000e+00  -2.404988e-03  8.054503e-01 1.367315e-01 1.009537e-01
3.785000e+00  -2.420405e-03  8.062969e-01 1.368176e-01 9.960623e-02
3.790000e+00  -2.435821e-03  8.071430e-01 1.369035e-01 9.825888e-02
3.795000e+00  -2.451238e-03  8.079885e-01 1.369893e-01 9.691164e-02
3.800000e+00  -2.466654e-03  8.088334e-01 1.370751e-01 9.556452e-02
3.805000e+00  -2.482071e-03  8.096779e-01 1.371607e-01 9.421749e-02
3.810000e+00  -2.497488e-03  8.105219e-01 1.372460e-01 9.287057e-02
3.815000e+00  -2.512904e-03  8.113653e-01 1.373310e-01 9.152375e-02
3.820000e+00  -2.528321e-03  8.122080e-01 1.374159e-01 9.017703e-02
3.825000e+00  -2.543737e-03  8.130501e-01 1.375004e-01 8.883041e-02
3.830000e+00  -2.559154e-03  8.138916e-01 1.375848e-01 8.748390e-02
3.835000e+00  -2.574570e-03  8.147324e-01 1.376690e-01 8.613749e-02
3.840000e+00  -2.589987e-03  8.155726e-01 1.377530e-01 8.479120e-02
3.845000e+00  -2.605404e-03  8.164122e-01 1.378368e-01 8.344501e-02
3.850000e+00  -2.620820e-03  8.172512e-01 1.379204e-01 8.209894e-02
3.855000e+00  -2.636237e-03  8.180895e-01 1.380038e-01 8.075297e-02
3.860000e+00  -2.651653e-03  8.189272e-01 1.380870e-01 7.940711e-02
3.865000e+00  -2.667070e-03  8.197644e-01 1.381700e-01 7.806135e-02
3.870000e+00  -2.682487e-03  8.206010e-01 1.382529e-01 7.671570e-02
3.875000e+00  -2.697903e-03  8.214371e-01 1.383355e-01 7.537014e-02
3.880000e+00  -2.713320e-03  8.222728e-01 1.384178e-01 7.402468e-02
3.885000e+00  -2.728736e-03  8.231078e-01 1.384996e-01 7.267930e-02
3.890000e+00  -2.744153e-03  8.239421e-01 1.385812e-01 7.133402e-02
3.895000e+00  -2.759570e-03  8.247758e-01 1.386624e-01 6.998883e-02
3.900000e+00  -2.774986e-03  8.256089e-01 1.387434e-01 6.864374e-02
3.905000e+00  -2.790403e-03  8.264414e-01 1.388241e-01 6.729874e-02
3.910000e+00  -2.805819e-03  8.272733e-01 1.389044e-01 6.595383e-02
3.915000e+00  -2.821236e-03  8.281045e-01 1.389844e-01 6.460902e-02
3.920000e+00  -2.836653e-03  8.289351e-01 1.390641e-01 6.326430e-02
3.925000e+00  -2.852069e-03  8.297651e-01 1.391435e-01 6.191967e-02
3.930000e+00  -2.867486e-03  8.305945e-01 1.392226e-01 6.057512e-02
3.935000e+00  -2.882902e-03  8.314233e-01 1.393014e-01 5.923066e-02
3.940000e+00  -2.898319e-03  8.322516e-01 1.393798e-01 5.788627e-02
3.945000e+00  -2.913735e-03  8.330794e-01 1.394579e-01 5.654196e-02
3.950000e+00  -2.929152e-03  8.339068e-01 1.395356e-01 5.519772e-02
3.955000e+00  -2.944569e-03  8.347336e-01 1.396127e-01 5.385353e-02
3.960000e+00  -2.959985e-03  8.355598e-01 1.396893e-01 5.250939e-02
3.965000e+00  -2.975402e-03  8.363853e-01 1.397655e-01 5.116532e-02
3.970000e+00  -2.990818e-03  8.372103e-01 1.398412e-01 4.982130e-02
3.975000e+00  -3.006235e-03  8.380346e-01 1.399164e-01 4.847734e-02
3.980000e+00  -3.021652e-03  8.388584e-01 1.399912e-01 4.713342e-02
3.985000e+00  -3.037068e-03  8.396816e-01 1.400655e-01 4.578956e-02
3.990000e+00  -3.052485e-03  8.405042e-01 1.401392e-01 4.444574e-02
3.995000e+00  -3.067901e-03  8.413263e-01 1.402125e-01 4.310196e-02
4.000000e+00  -3.083318e-03  8.421478e-01 1.402852e-01 4.175821e-02
4.005000e+00  -3.098735e-03  8.429688e-01 1.403574e-01 4.041449e-02
4.010000e+00  -3.114151e-03  8.437892e-01 1.404290e-01 3.907078e-02
4.015000e+00  -3.129568e-03  8.446091e-01 1.405001e-01 3.772709e-02
4.020000e+00  -3.144984e-03  8.454286e-01 1.405707e-01 3.638340e-02
4.025000e+00  -3.160401e-03  8.462478e-01 1.406406e-01 3.503971e-02
4.030000e+00  -3.175817e-03  8.470664e-01 1.407097e-01 3.369600e-02
4.035000e+00  -3.191234e-03  8.478845e-01 1.407781e-01 3.235226e-02
4.040000e+00  -3.206651e-03  8.487020e-01 1.408457e-01 3.100849e-02
4.045000e+00  -3.222067e-03  8.495190e-01 1.409126e-01 2.966469e-02
4.050000e+00  -3.237484e-03  8.503355e-01 1.409787e-01 2.832085e-02
4.055000e+00  -3.252900e-03  8.511515e-01 1.410441e-01 2.697697e-02
4.060000e+00  -3.268317e-03  8.519670e-01 1.411087e-01 2.563304e-02
4.065000e+00  -3.283734e-03  8.527820e-01 1.411725e-01 2.428905e-02
4.070000e+00  -3.299150e-03  8.535966e-01 1.412354e-01 2.294499e-02
4.075000e+00  -3.314567e-03  8.544107e-01 1.412975e-01 2.160084e-02
4.080000e+00  -3.329983e-03  8.552244e-01 1.413588e-01 2.025659e-02
4.085000e+00  -3.345400e-03  8.560376e-01 1.414191e-01 1.891224e-02
4.090000e+00  -3.360817e-03  8.568503e-01 1.414785e-01 1.756777e-02
4.095000e+00  -3.376233e-03  8.576627e-01 1.415370e-01 1.622315e-02
4.100000e+00  -3.391650e-03  8.584747e-01 1.415946e-01 1.487840e-02
4.105000e+00  -3.407066e-03  8.592866e-01 1.416511e-01 1.353347e-02
4.110000e+00  -3.422483e-03  8.600980e-01 1.417064e-01 1.218836e-02
4.115000e+00  -3.437900e-03  8.609091e-01 1.417605e-01 1.084305e-02
4.120000e+00  -3.453316e-03  8.617197e-01 1.418134e-01 9.497536e-03
4.125000e+00  -3.468733e-03  8.625299e-01 1.418651e-01 8.151804e-03
4.130000e+00  -3.484149e-03  8.633398e-01 1.419156e-01 6.805847e-03
4.135000e+00  -3.499566e-03  8.641492e-01 1.419648e-01 5.459652e-03
4.140000e+00  -3.514982e-03  8.649584e-01 1.420127e-01 4.113206e-03
4.145000e+00  -3.530399e-03  8.657672e-01 1.420594e-01 2.766493e-03
4.150000e+00  -3.545816e-03  8.665756e-01 1.421046e-01 1.419493e-03
4.155000e+00  -3.561232e-03  8.673838e-01 1.421485e-01 7.218419e-05
4.160000e+00  -3.576649e-03  8.681917e-01 1.421910e-01 -1.275455e-03
4.165000e+00  -3.592065e-03  8.689993e-01 1.422319e-01 -2.623447e-03
4.170000e+00  -3.607482e-03  8.698067e-01 1.422714e-01 -3.971815e-03
4.175000e+00  -3.622899e-03  8.706138e-01 1.423093e-01 -5.320585e-03
4.180000e+00  -3.638315e-03  8.714206e-01 1.423457e-01 -6.669780e-03
4.185000e+00  -3.653732e-03  8.722272e-01 1.423804e-01 -8.019423e-03
4.190000e+00  -3.669148e-03  8.730337e-01 1.424136e-01 -9.369532e-03
4.195000e+00  -3.684565e-03  8.738402e-01 1.424449e-01 -1.072014e-02
4.200000e+00  -3.699982e-03  8.746465e-01 1.424742e-01 -1.207128e-02
4.205000e+00  -3.715398e-03  8.754525e-01 1.425014e-01 -1.342297e-02
4.210000e+00  -3.730815e-03  8.762583e-01 1.425267e-01 -1.477522e-02
4.215000e+00  -3.746231e-03  8.770639e-01 1.425500e-01 -1.612805e-02
4.220000e+00  -3.761648e-03  8.778693e-01 1.425713e-01 -1.748147e-02
4.225000e+00  -3.777064e-03  8.786746e-01 1.425904e-01 -1.883551e-02
4.230000e+00  -3.792481e-03  8.794797e-01 1.426074e-01 -2.019020e-02
4.235000e+00  -3.807898e-03  8.802846e-01 1.426222e-01 -2.154556e-02
4.240000e+00  -3.823314e-03  8.810894e-01 1.426347e-01 -2.290163e-02
4.245000e+00  -3.838731e-03  8.818942e-01 1.426449e-01 -2.425845e-02
4.250000e+00  -3.854147e-03  8.826988e-01 1.426527e-01 -2.561603e-02
4.255000e+00  -3.869564e-03  8.835033e-01 1.426581e-01 -2.697443e-02
4.260000e+00  -3.884981e-03  8.843078e-01 1.426610e-01 -2.833367e-02
4.265000e+00  -3.900397e-03  8.851122e-01 1.426613e-01 -2.969380e-02
4.270000e+00  -3.915814e-03  8.859166e-01 1.426590e-01 -3.105486e-02
4.275000e+00  -3.931230e-03  8.867209e-01 1.426540e-01 -3.241687e-02
4.280000e+00  -3.946647e-03  8.875251e-01 1.426462e-01 -3.377989e-02
4.285000e+00  -3.962064e-03  8.883292e-01 1.426355e-01 -3.514394e-02
4.290000e+00  -3.977480e-03  8.891333e-01 1.426220e-01 -3.650906e-02
4.295000e+00  -3.992897e-03  8.899374e-01 1.426056e-01 -3.787527e-02
4.300000e+00  -4.008313e-03  8.907419e-01 1.425860e-01 -3.924265e-02
4.305000e+00  -4.023730e-03  8.915462e-01 1.425628e-01 -4.061123e-02
4.310000e+00  -4.039147e-03  8.923504e-01 1.425363e-01 -4.198103e-02
4.315000e+00  -4.054563e-03  8.931544e-01 1.425064e-01 -4.335205e-02
4.320000e+00  -4.069980e-03  8.939584e-01 1.424730e-01 -4.472434e-02
4.325000e+00  -4.085396e-03  8.947623e-01 1.424362e-01 -4.609792e-02
4.330000e+00  -4.100813e-03  8.955661e-01 1.423957e-01 -4.747282e-02
4.335000e+00  -4.116229e-03  8.963699e-01 1.423516e-01 -4.884910e-02
4.340000e+00  -4.131646e-03  8.971736e-01 1.423038e-01 -5.022679e-02
4.345000e+00  -4.147063e-03  8.979772e-01 1.422522e-01 -5.160594e-02
4.350000e+00  -4.162479e-03  8.987807e-01 1.421967e-01 -5.298661e-02
4.355000e+00  -4.177896e-03  8.995841e-01 1.421373e-01 -5.436884e-02
4.360000e+00  -4.193312e-03  9.003875e-01 1.420739e-01 -5.575268e-02
4.365000e+00  -4.208729e-03  9.011907e-01 1.420063e-01 -5.713819e-02
4.370000e+00  -4.224146e-03  9.019938e-01 1.419346e-01 -5.852542e-02
4.375000e+00  -4.239562e-03  9.027967e-01 1.418585e-01 -5.991441e-02
4.380000e+00  -4.254979e-03  9.035994e-01 1.417781e-01 -6.130521e-02
4.385000e+00  -4.270395e-03  9.044020e-01 1.416931e-01 -6.269788e-02
4.390000e+00  -4.285812e-03  9.052043e-01 1.416035e-01 -6.409245e-02
4.395000e+00  -4.301229e-03  9.060063e-01 1.415092e-01 -6.548896e-02
4.400000e+00  -4.316645e-03  9.068081e-01 1.414102e-01 -6.688747e-02
4.405000e+00  -4.332062e-03  9.076095e-01 1.413062e-01 -6.828801e-02
4.410000e+00  -4.347478e-03  9.084106e-01 1.411972e-01 -6.969063e-02
4.415000e+00  -4.362895e-03  9.092113e-01 1.410831e-01 -7.109536e-02
4.420000e+00  -4.378311e-03  9.100116e-01 1.409638e-01 -7.250225e-02
4.425000e+00  -4.393728e-03  9.108113e-01 1.408393e-01 -7.391133e-02
4.430000e+00  -4.409145e-03  9.116106e-01 1.407095e-01 -7.532266e-02
4.435000e+00  -4.424561e-03  9.124092e-01 1.405741e-01 -7.673626e-02
4.440000e+00  -4.439978e-03  9.132072e-01 1.404333e-01 -7.815219e-02
4.445000e+00  -4.455394e-03  9.140045e-01 1.402869e-01 -7.957048e-02
4.450000e+00  -4.470811e-03  9.148011e-01 1.401348e-01 -8.099116e-02
4.455000e+00  -4.486228e-03  9.155968e-01 1.399769e-01 -8.241429e-02
4.460000e+00  -4.501644e-03  9.163916e-01 1.398131e-01 -8.383990e-02
4.465000e+00  -4.517061e-03  9.171855e-01 1.396434e-01 -8.526802e-02
4.470000e+00  -4.532477e-03  9.179783e-01 1.394677e-01 -8.669869e-02
4.475000e+00  -4.547894e-03  9.187700e-01 1.392859e-01 -8.813194e-02
4.480000e+00  -4.563311e-03  9.195604e-01 1.390980e-01 -8.956781e-02
4.485000e+00  -4.578727e-03  9.203495e-01 1.389038e-01 -9.100632e-02
4.490000e+00  -4.594144e-03  9.211372e-01 1.387032e-01 -9.244751e-02
4.495000e+00  -4.609560e-03  9.219235e-01 1.384963e-01 -9.389141e-02
4.500000e+00  -4.624977e-03  9.227081e-01 1.382830e-01 -9.533803e-02
4.505000e+00  -4.640394e-03  9.234910e-01 1.380632e-01 -9.678740e-02
4.510000e+00  -4.655810e-03  9.242720e-01 1.378368e-01 -9.823954e-02
4.515000e+00  -4.671227e-03  9.250511e-01 1.376038e-01 -9.969447e-02
4.520000e+00  -4.686643e-03  9.258282e-01 1.373641e-01 -1.011522e-01
4.525000e+00  -4.702060e-03  9.266030e-01 1.371178e-01 -1.026128e-01
4.530000e+00  -4.717476e-03  9.273755e-01 1.368647e-01 -1.040761e-01
4.535000e+00  -4.732893e-03  9.281455e-01 1.366048e-01 -1.055424e-01
4.540000e+00  -4.748310e-03  9.289130e-01 1.363381e-01 -1.070115e-01
4.545000e+00  -4.763726e-03  9.296777e-01 1.360645e-01 -1.084834e-01
4.550000e+00  -4.779143e-03  9.304395e-01 1.357841e-01 -1.099582e-01
4.555000e+00  -4.794559e-03  9.311982e-01 1.354968e-01 -1.114358e-01
4.560000e+00  -4.809976e-03  9.319537e-01 1.352026e-01 -1.129163e-01
4.565000e+00  -4.825393e-03  9.327059e-01 1.349014e-01 -1.143996e-01
4.570000e+00  -4.840809e-03  9.334545e-01 1.345934e-01 -1.158857e-01
4.575000e+00  -4.856226e-03  9.341994e-01 1.342784e-01 -1.173746e-01
4.580000e+00  -4.871642e-03  9.349404e-01 1.339565e-01 -1.188663e-01
4.585000e+00  -4.887059e-03  9.356773e-01 1.336276e-01 -1.203607e-01
4.590000e+00  -4.902476e-03  9.364100e-01 1.332919e-01 -1.218578e-01
4.595000e+00  -4.917892e-03  9.371382e-01 1.329494e-01 -1.233576e-01
4.600000e+00  -4.933309e-03  9.378618e-01 1.326000e-01 -1.248600e-01
4.605000e+00  -4.948725e-03  9.385805e-01 1.322438e-01 -1.263651e-01
4.610000e+00  -4.964142e-03  9.392942e-01 1.318809e-01 -1.278726e-01
4.615000e+00  -4.979558e-03  9.400026e-01 1.315114e-01 -1.293826e-01
4.620000e+00  -4.994975e-03  9.407056e-01 1.311352e-01 -1.308951e-01
4.625000e+00  -5.010392e-03  9.414029e-01 1.307524e-01 -1.324098e-01
4.630000e+00  -5.025808e-03  9.420943e-01 1.303632e-01 -1.339269e-01
4.635000e+00  -5.041225e-03  9.427796e-01 1.299676e-01 -1.354461e-01
4.640000e+00  -5.056641e-03  9.434586e-01 1.295657e-01 -1.369674e-01
4.645000e+00  -5.072058e-03  9.441311e-01 1.291577e-01 -1.384908e-01
4.650000e+00  -5.087475e-03  9.447967e-01 1.287436e-01 -1.400160e-01
4.655000e+00  -5.102891e-03  9.454554e-01 1.283235e-01 -1.415431e-01
4.660000e+00  -5.118308e-03  9.461068e-01 1.278976e-01 -1.430718e-01
4.665000e+00  -5.133724e-03  9.467508e-01 1.274660e-01 -1.446022e-01
4.670000e+00  -5.149141e-03  9.473870e-01 1.270289e-01 -1.461340e-01
4.675000e+00  -5.164558e-03  9.480154e-01 1.265865e-01 -1.476671e-01
4.680000e+00  -5.179974e-03  9.486356e-01 1.261388e-01 -1.492014e-01
4.685000e+00  -5.195391e-03  9.492474e-01 1.256861e-01 -1.507368e-01
4.690000e+00  -5.210807e-03  9.498506e-01 1.252285e-01 -1.522732e-01
4.695000e+00  -5.226224e-03  9.504449e-01 1.247663e-01 -1.538102e-01
4.700000e+00  -5.241641e-03  9.510301e-01 1.242997e-01 -1.553479e-01
4.705000e+00  -5.257057e-03  9.516061e-01 1.238288e-01 -1.568861e-01
4.710000e+00  -5.272474e-03  9.521725e-01 1.233538e-01 -1.584245e-01
4.715000e+00  -5.287890e-03  9.527292e-01 1.228751e-01 -1.599630e-01
4.720000e+00  -5.303307e-03  9.532759e-01 1.223928e-01 -1.615014e-01
4.725000e+00  -5.318723e-03  9.538124e-01 1.219072e-01 -1.630395e-01
4.730000e+00  -5.334140e-03  9.543385e-01 1.214186e-01 -1.645772e-01
4.735000e+00  -5.349557e-03  9.548540e-01 1.209271e-01 -1.661142e-01
4.740000e+00  -5.364973e-03  9.553586e-01 1.204331e-01 -1.676504e-01
4.745000e+00  -5.380390e-03  9.558523e-01 1.199368e-01 -1.691855e-01
4.750000e+00  -5.395806e-03  9.563347e-01 1.194386e-01 -1.707193e-01
4.755000e+00  -5.411223e-03  9.568058e-01 1.189386e-01 -1.722516e-01
4.760000e+00  -5.426640e-03  9.572653e-01 1.184373e-01 -1.737823e-01
4.765000e+00  -5.442056e-03  9.577130e-01 1.179348e-01 -1.753109e-01
4.770000e+00  -5.457473e-03  9.581487e-01 1.174316e-01 -1.768375e-01
4.775000e+00  -5.472889e-03  9.585724e-01 1.169278e-01 -1.783616e-01
4.780000e+00  -5.488306e-03  9.589838e-01 1.164239e-01 -1.798831e-01
4.785000e+00  -5.503723e-03  9.593829e-01 1.159202e-01 -1.814017e-01
4.790000e+00  -5.519139e-03  9.597694e-01 1.154169e-01 -1.829172e-01
4.795000e+00  -5.534556e-03  9.601432e-01 1.149145e-01 -1.844294e-01
4.800000e+00  -5.549972e-03  9.605042e-01 1.144132e-01 -1.859380e-01
4.805000e+00  -5.565389e-03  9.608523e-01 1.139135e-01 -1.874427e-01
4.810000e+00  -5.580805e-03  9.611874e-01 1.134155e-01 -1.889434e-01
4.815000e+00  -5.596222e-03  9.615094e-01 1.129198e-01 -1.904397e-01
4.820000e+00  -5.611639e-03  9.618182e-01 1.124265e-01 -1.919314e-01
4.825000e+00  -5.627055e-03  9.621137e-01 1.119362e-01 -1.934183e-01
4.830000e+00  -5.642472e-03  9.623958e-01 1.114492e-01 -1.949002e-01
4.835000e+00  -5.657888e-03  9.626645e-01 1.109657e-01 -1.963767e-01
4.840000e+00  -5.673305e-03  9.629197e-01 1.104862e-01 -1.978476e-01
4.845000e+00  -5.688722e-03  9.631614e-01 1.100111e-01 -1.993128e-01
4.850000e+00  -5.704138e-03  9.633895e-01 1.095406e-01 -2.007719e-01
4.855000e+00  -5.719555e-03  9.636041e-01 1.090753e-01 -2.022247e-01
4.860000e+00  -5.734971e-03  9.638051e-01 1.086154e-01 -2.036710e-01
4.865000e+00  -5.750388e-03  9.639924e-01 1.081613e-01 -2.051105e-01
4.870000e+00  -5.765805e-03  9.641662e-01 1.077135e-01 -2.065431e-01
4.875000e+00  -5.781221e-03  9.643264e-01 1.072722e-01 -2.079685e-01
4.880000e+00  -5.796638e-03  9.644730e-01 1.068379e-01 -2.093865e-01
4.885000e+00  -5.812054e-03  9.646060e-01 1.064110e-01 -2.107969e-01
4.890000e+00  -5.827471e-03  9.647256e-01 1.059918e-01 -2.121995e-01
4.895000e+00  -5.842888e-03  9.648316e-01 1.055808e-01 -2.135942e-01
4.900000e+00  -5.858304e-03  9.649243e-01 1.051784e-01 -2.149807e-01
4.905000e+00  -5.873721e-03  9.650035e-01 1.047850e-01 -2.163589e-01
4.910000e+00  -5.889137e-03  9.650695e-01 1.044010e-01 -2.177287e-01
4.915000e+00  -5.904554e-03  9.651221e-01 1.040269e-01 -2.190899e-01
4.920000e+00  -5.919970e-03  9.651616e-01 1.036631e-01 -2.204424e-01
4.925000e+00  -5.935387e-03  9.651880e-01 1.033101e-01 -2.217861e-01
4.930000e+00  -5.950804e-03  9.652013e-01 1.029684e-01 -2.231210e-01
4.935000e+00  -5.966220e-03  9.652017e-01 1.026386e-01 -2.244470e-01
4.940000e+00  -5.981637e-03  9.651891e-01 1.023213e-01 -2.257641e-01
4.945000e+00  -5.997053e-03  9.651636e-01 1.020169e-01 -2.270723e-01
4.950000e+00  -6.012470e-03  9.651253e-01 1.017263e-01 -2.283717e-01
4.955000e+00  -6.027887e-03  9.650742e-01 1.014501e-01 -2.296623e-01
4.960000e+00  -6.043303e-03  9.650104e-01 1.011893e-01 -2.309444e-01
4.965000e+00  -6.058720e-03  9.649338e-01 1.009447e-01 -2.322181e-01
4.970000e+00  -6.074136e-03  9.648444e-01 1.007175e-01 -2.334837e-01
4.975000e+00  -6.089553e-03  9.647421e-01 1.005090e-01 -2.347416e-01
4.980000e+00  -6.104970e-03  9.646268e-01 1.003208e-01 -2.359923e-01
4.985000e+00  -6.120386e-03  9.644983e-01 1.001547e-01 -2.372364e-01
4.990000e+00  -6.135803e-03  9.643564e-01 1.000131e-01 -2.384747e-01
4.995000e+00  -6.151219e-03  9.642005e-01 9.989905e-02 -2.397081e-01
5.000000e+00  -6.166636e-03  9.640301e-01 9.981650e-02 -2.409381e-01
5.005000e+00  -6.182052e-03  9.638444e-01 9.977081e-02 -2.421663e-01
