# Integral magnetization log: T, LP, Mx, Mx, Mz
1.000000e-03  9.234537e-03  1.095309e-01 1.454805e-04 9.918584e-01
2.000000e-03  9.219121e-03  1.094863e-01 1.273133e-04 9.918695e-01
3.000000e-03  9.203704e-03  1.094472e-01 1.456512e-04 9.918805e-01
4.000000e-03  9.188287e-03  1.094183e-01 1.984687e-04 9.918909e-01
5.000000e-03  9.172871e-03  1.094034e-01 2.830444e-04 9.919001e-01
6.000000e-03  9.157454e-03  1.094058e-01 3.961020e-04 9.919076e-01
7.000000e-03  9.142038e-03  1.094280e-01 5.340340e-04 9.919131e-01
8.000000e-03  9.126621e-03  1.094716e-01 6.930745e-04 9.919162e-01
9.000000e-03  9.111205e-03  1.095374e-01 8.694746e-04 9.919165e-01
1.000000e-02  9.095788e-03  1.096257e-01 1.059680e-03 9.919138e-01
1.100000e-02  9.080371e-03  1.097359e-01 1.260464e-03 9.919079e-01
1.200000e-02  9.064955e-03  1.098672e-01 1.469034e-03 9.918987e-01
1.300000e-02  9.049538e-03  1.100181e-01 1.683101e-03 9.918860e-01
1.400000e-02  9.034122e-03  1.101873e-01 1.900893e-03 9.918699e-01
1.500000e-02  9.018705e-03  1.103732e-01 2.121144e-03 9.918501e-01
1.600000e-02  9.003288e-03  1.105742e-01 2.343053e-03 9.918268e-01
1.700000e-02  8.987872e-03  1.107891e-01 2.566212e-03 9.917999e-01
1.800000e-02  8.972455e-03  1.110168e-01 2.790509e-03 9.917693e-01
1.900000e-02  8.957039e-03  1.112564e-01 3.016026e-03 9.917352e-01
2.000000e-02  8.941622e-03  1.115074e-01 3.242946e-03 9.916974e-01
2.100000e-02  8.926205e-03  1.117697e-01 3.471452e-03 9.916560e-01
2.200000e-02  8.910789e-03  1.120430e-01 3.701656e-03 9.916109e-01
2.300000e-02  8.895372e-03  1.123276e-01 3.933534e-03 9.915622e-01
2.400000e-02  8.879956e-03  1.126238e-01 4.166894e-03 9.915098e-01
2.500000e-02  8.864539e-03  1.129317e-01 4.401364e-03 9.914536e-01
2.600000e-02  8.849123e-03  1.132517e-01 4.636400e-03 9.913939e-01
2.700000e-02  8.833706e-03  1.135838e-01 4.871316e-03 9.913304e-01
2.800000e-02  8.818289e-03  1.139281e-01 5.105325e-03 9.912633e-01
2.900000e-02  8.802873e-03  1.142845e-01 5.337590e-03 9.911927e-01
3.000000e-02  8.787456e-03  1.146525e-01 5.567283e-03 9.911184e-01
3.100000e-02  8.772040e-03  1.150318e-01 5.793631e-03 9.910407e-01
3.200000e-02  8.756623e-03  1.154216e-01 6.015968e-03 9.909597e-01
3.300000e-02  8.741206e-03  1.158214e-01 6.233762e-03 9.908753e-01
3.400000e-02  8.725790e-03  1.162302e-01 6.446642e-03 9.907877e-01
3.500000e-02  8.710373e-03  1.166474e-01 6.654399e-03 9.906970e-01
3.600000e-02  8.694957e-03  1.170721e-01 6.856984e-03 9.906034e-01
3.700000e-02  8.679540e-03  1.175037e-01 7.054478e-03 9.905068e-01
3.800000e-02  8.664123e-03  1.179416e-01 7.247072e-03 9.904075e-01
3.900000e-02  8.648707e-03  1.183853e-01 7.435021e-03 9.903055e-01
4.000000e-02  8.633290e-03  1.188345e-01 7.618613e-03 9.902009e-01
4.100000e-02  8.617874e-03  1.192890e-01 7.798123e-03 9.900938e-01
4.200000e-02  8.602457e-03  1.197488e-01 7.973784e-03 9.899842e-01
4.300000e-02  8.587040e-03  1.202136e-01 8.145762e-03 9.898724e-01
4.400000e-02  8.571624e-03  1.206837e-01 8.314135e-03 9.897583e-01
4.500000e-02  8.556207e-03  1.211589e-01 8.478892e-03 9.896420e-01
4.600000e-02  8.540791e-03  1.216394e-01 8.639933e-03 9.895236e-01
4.700000e-02  8.525374e-03  1.221250e-01 8.797085e-03 9.894032e-01
4.800000e-02  8.509958e-03  1.226158e-01 8.950123e-03 9.892809e-01
4.900000e-02  8.494541e-03  1.231115e-01 9.098795e-03 9.891567e-01
5.000000e-02  8.479124e-03  1.236119e-01 9.242851e-03 9.890307e-01
5.100000e-02  8.463708e-03  1.241165e-01 9.382072e-03 9.889031e-01
5.200000e-02  8.448291e-03  1.246251e-01 9.516299e-03 9.887739e-01
5.300000e-02  8.432875e-03  1.251370e-01 9.645444e-03 9.886431e-01
5.400000e-02  8.417458e-03  1.256519e-01 9.769513e-03 9.885110e-01
5.500000e-02  8.402041e-03  1.261691e-01 9.888607e-03 9.883776e-01
5.600000e-02  8.386625e-03  1.266882e-01 1.000292e-02 9.882429e-01
5.700000e-02  8.371208e-03  1.272087e-01 1.011274e-02 9.881071e-01
5.800000e-02  8.355792e-03  1.277303e-01 1.021840e-02 9.879702e-01
5.900000e-02  8.340375e-03  1.282526e-01 1.032031e-02 9.878323e-01
6.000000e-02  8.324958e-03  1.287754e-01 1.041888e-02 9.876934e-01
6.100000e-02  8.309542e-03  1.292986e-01 1.051454e-02 9.875537e-01
6.200000e-02  8.294125e-03  1.298221e-01 1.060770e-02 9.874132e-01
6.300000e-02  8.278709e-03  1.303459e-01 1.069871e-02 9.872718e-01
6.400000e-02  8.263292e-03  1.308700e-01 1.078790e-02 9.871297e-01
6.500000e-02  8.247876e-03  1.313945e-01 1.087552e-02 9.869868e-01
6.600000e-02  8.232459e-03  1.319196e-01 1.096175e-02 9.868433e-01
6.700000e-02  8.217042e-03  1.324452e-01 1.104675e-02 9.866990e-01
6.800000e-02  8.201626e-03  1.329715e-01 1.113059e-02 9.865541e-01
6.900000e-02  8.186209e-03  1.334984e-01 1.121333e-02 9.864085e-01
7.000000e-02  8.170793e-03  1.340259e-01 1.129502e-02 9.862622e-01
7.100000e-02  8.155376e-03  1.345539e-01 1.137569e-02 9.861154e-01
7.200000e-02  8.139959e-03  1.350823e-01 1.145540e-02 9.859679e-01
7.300000e-02  8.124543e-03  1.356108e-01 1.153424e-02 9.858198e-01
7.400000e-02  8.109126e-03  1.361393e-01 1.161234e-02 9.856712e-01
7.500000e-02  8.093710e-03  1.366676e-01 1.168991e-02 9.855220e-01
7.600000e-02  8.078293e-03  1.371954e-01 1.176718e-02 9.853722e-01
7.700000e-02  8.062876e-03  1.377225e-01 1.184446e-02 9.852218e-01
7.800000e-02  8.047460e-03  1.382487e-01 1.192210e-02 9.850709e-01
7.900000e-02  8.032043e-03  1.387740e-01 1.200048e-02 9.849194e-01
8.000000e-02  8.016627e-03  1.392982e-01 1.208002e-02 9.847674e-01
8.100000e-02  8.001210e-03  1.398214e-01 1.216115e-02 9.846147e-01
8.200000e-02  7.985793e-03  1.403436e-01 1.224428e-02 9.844613e-01
8.300000e-02  7.970377e-03  1.408649e-01 1.232983e-02 9.843073e-01
8.400000e-02  7.954960e-03  1.413855e-01 1.241816e-02 9.841526e-01
8.500000e-02  7.939544e-03  1.419055e-01 1.250960e-02 9.839972e-01
8.600000e-02  7.924127e-03  1.424252e-01 1.260444e-02 9.838409e-01
8.700000e-02  7.908711e-03  1.429447e-01 1.270292e-02 9.836838e-01
8.800000e-02  7.893294e-03  1.434643e-01 1.280522e-02 9.835258e-01
8.900000e-02  7.877877e-03  1.439843e-01 1.291149e-02 9.833668e-01
9.000000e-02  7.862461e-03  1.445047e-01 1.302185e-02 9.832068e-01
9.100000e-02  7.847044e-03  1.450257e-01 1.313637e-02 9.830457e-01
9.200000e-02  7.831628e-03  1.455475e-01 1.325514e-02 9.828834e-01
9.300000e-02  7.816211e-03  1.460702e-01 1.337824e-02 9.827200e-01
9.400000e-02  7.800794e-03  1.465937e-01 1.350573e-02 9.825553e-01
9.500000e-02  7.785378e-03  1.471181e-01 1.363773e-02 9.823892e-01
9.600000e-02  7.769961e-03  1.476434e-01 1.377435e-02 9.822218e-01
9.700000e-02  7.754545e-03  1.481696e-01 1.391576e-02 9.820529e-01
9.800000e-02  7.739128e-03  1.486967e-01 1.406214e-02 9.818825e-01
9.900000e-02  7.723711e-03  1.492247e-01 1.421370e-02 9.817105e-01
1.000000e-01  7.708295e-03  1.497536e-01 1.437068e-02 9.815368e-01
1.010000e-01  7.692878e-03  1.502836e-01 1.453334e-02 9.813614e-01
1.020000e-01  7.677462e-03  1.508146e-01 1.470194e-02 9.811841e-01
1.030000e-01  7.662045e-03  1.513468e-01 1.487674e-02 9.810049e-01
1.040000e-01  7.646629e-03  1.518803e-01 1.505800e-02 9.808238e-01
1.050000e-01  7.631212e-03  1.524154e-01 1.524595e-02 9.806405e-01
1.060000e-01  7.615795e-03  1.529522e-01 1.544081e-02 9.804551e-01
1.070000e-01  7.600379e-03  1.534910e-01 1.564275e-02 9.802674e-01
1.080000e-01  7.584962e-03  1.540319e-01 1.585192e-02 9.800773e-01
1.090000e-01  7.569546e-03  1.545753e-01 1.606844e-02 9.798847e-01
1.100000e-01  7.554129e-03  1.551213e-01 1.629237e-02 9.796896e-01
1.110000e-01  7.538712e-03  1.556701e-01 1.652378e-02 9.794917e-01
1.120000e-01  7.523296e-03  1.562219e-01 1.676268e-02 9.792911e-01
1.130000e-01  7.507879e-03  1.567769e-01 1.700908e-02 9.790876e-01
1.140000e-01  7.492463e-03  1.573352e-01 1.726297e-02 9.788812e-01
1.150000e-01  7.477046e-03  1.578969e-01 1.752435e-02 9.786716e-01
1.160000e-01  7.461629e-03  1.584621e-01 1.779321e-02 9.784589e-01
1.170000e-01  7.446213e-03  1.590307e-01 1.806956e-02 9.782429e-01
1.180000e-01  7.430796e-03  1.596029e-01 1.835343e-02 9.780235e-01
1.190000e-01  7.415380e-03  1.601786e-01 1.864485e-02 9.778007e-01
1.200000e-01  7.399963e-03  1.607578e-01 1.894389e-02 9.775743e-01
1.210000e-01  7.384546e-03  1.613405e-01 1.925064e-02 9.773442e-01
1.220000e-01  7.369130e-03  1.619267e-01 1.956520e-02 9.771104e-01
1.230000e-01  7.353713e-03  1.625165e-01 1.988767e-02 9.768727e-01
1.240000e-01  7.338297e-03  1.631099e-01 2.021820e-02 9.766311e-01
1.250000e-01  7.322880e-03  1.637068e-01 2.055691e-02 9.763853e-01
1.260000e-01  7.307464e-03  1.643073e-01 2.090392e-02 9.761355e-01
1.270000e-01  7.292047e-03  1.649116e-01 2.125938e-02 9.758813e-01
1.280000e-01  7.276630e-03  1.655196e-01 2.162339e-02 9.756228e-01
1.290000e-01  7.261214e-03  1.661315e-01 2.199604e-02 9.753598e-01
1.300000e-01  7.245797e-03  1.667473e-01 2.237744e-02 9.750922e-01
1.310000e-01  7.230381e-03  1.673672e-01 2.276763e-02 9.748199e-01
1.320000e-01  7.214964e-03  1.679912e-01 2.316668e-02 9.745429e-01
1.330000e-01  7.199547e-03  1.686193e-01 2.357460e-02 9.742609e-01
1.340000e-01  7.184131e-03  1.692516e-01 2.399142e-02 9.739739e-01
1.350000e-01  7.168714e-03  1.698882e-01 2.441715e-02 9.736818e-01
1.360000e-01  7.153298e-03  1.705291e-01 2.485179e-02 9.733845e-01
1.370000e-01  7.137881e-03  1.711741e-01 2.529533e-02 9.730818e-01
1.380000e-01  7.122464e-03  1.718234e-01 2.574779e-02 9.727738e-01
1.390000e-01  7.107048e-03  1.724767e-01 2.620918e-02 9.724602e-01
1.400000e-01  7.091631e-03  1.731342e-01 2.667953e-02 9.721410e-01
1.410000e-01  7.076215e-03  1.737955e-01 2.715887e-02 9.718160e-01
1.420000e-01  7.060798e-03  1.744607e-01 2.764726e-02 9.714852e-01
1.430000e-01  7.045382e-03  1.751297e-01 2.814477e-02 9.711486e-01
1.440000e-01  7.029965e-03  1.758022e-01 2.865150e-02 9.708058e-01
1.450000e-01  7.014548e-03  1.764783e-01 2.916754e-02 9.704570e-01
1.460000e-01  6.999132e-03  1.771577e-01 2.969303e-02 9.701019e-01
1.470000e-01  6.983715e-03  1.778404e-01 3.022807e-02 9.697405e-01
1.480000e-01  6.968299e-03  1.785263e-01 3.077282e-02 9.693727e-01
1.490000e-01  6.952882e-03  1.792153e-01 3.132740e-02 9.689983e-01
1.500000e-01  6.937465e-03  1.799072e-01 3.189195e-02 9.686173e-01
1.510000e-01  6.922049e-03  1.806021e-01 3.246662e-02 9.682296e-01
1.520000e-01  6.906632e-03  1.812998e-01 3.305151e-02 9.678350e-01
1.530000e-01  6.891216e-03  1.820003e-01 3.364677e-02 9.674335e-01
1.540000e-01  6.875799e-03  1.827034e-01 3.425249e-02 9.670248e-01
1.550000e-01  6.860382e-03  1.834091e-01 3.486879e-02 9.666091e-01
1.560000e-01  6.844966e-03  1.841172e-01 3.549575e-02 9.661860e-01
1.570000e-01  6.829549e-03  1.848278e-01 3.613347e-02 9.657555e-01
1.580000e-01  6.814133e-03  1.855406e-01 3.678203e-02 9.653176e-01
1.590000e-01  6.798716e-03  1.862555e-01 3.744151e-02 9.648720e-01
1.600000e-01  6.783299e-03  1.869724e-01 3.811199e-02 9.644187e-01
1.610000e-01  6.767883e-03  1.876911e-01 3.879356e-02 9.639576e-01
1.620000e-01  6.752466e-03  1.884114e-01 3.948630e-02 9.634886e-01
1.630000e-01  6.737050e-03  1.891331e-01 4.019031e-02 9.630115e-01
1.640000e-01  6.721633e-03  1.898560e-01 4.090569e-02 9.625262e-01
1.650000e-01  6.706217e-03  1.905800e-01 4.163255e-02 9.620327e-01
1.660000e-01  6.690800e-03  1.913046e-01 4.237103e-02 9.615308e-01
1.670000e-01  6.675383e-03  1.920299e-01 4.312124e-02 9.610205e-01
1.680000e-01  6.659967e-03  1.927554e-01 4.388335e-02 9.605015e-01
1.690000e-01  6.644550e-03  1.934810e-01 4.465749e-02 9.599739e-01
1.700000e-01  6.629134e-03  1.942065e-01 4.544382e-02 9.594374e-01
1.710000e-01  6.613717e-03  1.949315e-01 4.624251e-02 9.588920e-01
1.720000e-01  6.598300e-03  1.956560e-01 4.705371e-02 9.583375e-01
1.730000e-01  6.582884e-03  1.963795e-01 4.787760e-02 9.577739e-01
1.740000e-01  6.567467e-03  1.971020e-01 4.871433e-02 9.572010e-01
1.750000e-01  6.552051e-03  1.978231e-01 4.956406e-02 9.566187e-01
1.760000e-01  6.536634e-03  1.985428e-01 5.042694e-02 9.560269e-01
1.770000e-01  6.521217e-03  1.992606e-01 5.130310e-02 9.554255e-01
1.780000e-01  6.505801e-03  1.999764e-01 5.219270e-02 9.548143e-01
1.790000e-01  6.490384e-03  2.006899e-01 5.309584e-02 9.541932e-01
1.800000e-01  6.474968e-03  2.014009e-01 5.401266e-02 9.535621e-01
1.810000e-01  6.459551e-03  2.021091e-01 5.494327e-02 9.529209e-01
1.820000e-01  6.444135e-03  2.028142e-01 5.588777e-02 9.522695e-01
1.830000e-01  6.428718e-03  2.035160e-01 5.684626e-02 9.516077e-01
1.840000e-01  6.413301e-03  2.042141e-01 5.781885e-02 9.509354e-01
1.850000e-01  6.397885e-03  2.049083e-01 5.880562e-02 9.502526e-01
1.860000e-01  6.382468e-03  2.055981e-01 5.980668e-02 9.495590e-01
1.870000e-01  6.367052e-03  2.062832e-01 6.082211e-02 9.488545e-01
1.880000e-01  6.351635e-03  2.069634e-01 6.185202e-02 9.481392e-01
1.890000e-01  6.336218e-03  2.076382e-01 6.289650e-02 9.474127e-01
1.900000e-01  6.320802e-03  2.083072e-01 6.395564e-02 9.466750e-01
1.910000e-01  6.305385e-03  2.089702e-01 6.502956e-02 9.459261e-01
1.920000e-01  6.289969e-03  2.096266e-01 6.611834e-02 9.451657e-01
1.930000e-01  6.274552e-03  2.102761e-01 6.722208e-02 9.443937e-01
1.940000e-01  6.259135e-03  2.109183e-01 6.834090e-02 9.436101e-01
1.950000e-01  6.243719e-03  2.115528e-01 6.947487e-02 9.428147e-01
1.960000e-01  6.228302e-03  2.121792e-01 7.062409e-02 9.420074e-01
1.970000e-01  6.212886e-03  2.127971e-01 7.178865e-02 9.411881e-01
1.980000e-01  6.197469e-03  2.134061e-01 7.296862e-02 9.403567e-01
1.990000e-01  6.182052e-03  2.140057e-01 7.416408e-02 9.395130e-01
2.000000e-01  6.166636e-03  2.145956e-01 7.537508e-02 9.386570e-01
2.010000e-01  6.151219e-03  2.151754e-01 7.660167e-02 9.377885e-01
2.020000e-01  6.135803e-03  2.157445e-01 7.784389e-02 9.369074e-01
2.030000e-01  6.120386e-03  2.163025e-01 7.910176e-02 9.360137e-01
2.040000e-01  6.104970e-03  2.168491e-01 8.037531e-02 9.351071e-01
2.050000e-01  6.089553e-03  2.173837e-01 8.166452e-02 9.341877e-01
2.060000e-01  6.074136e-03  2.179059e-01 8.296940e-02 9.332553e-01
2.070000e-01  6.058720e-03  2.184152e-01 8.428991e-02 9.323098e-01
2.080000e-01  6.043303e-03  2.189111e-01 8.562604e-02 9.313510e-01
2.090000e-01  6.027887e-03  2.193931e-01 8.697772e-02 9.303790e-01
2.100000e-01  6.012470e-03  2.198607e-01 8.834492e-02 9.293937e-01
2.110000e-01  5.997053e-03  2.203134e-01 8.972757e-02 9.283948e-01
2.120000e-01  5.981637e-03  2.207507e-01 9.112559e-02 9.273824e-01
2.130000e-01  5.966220e-03  2.211719e-01 9.253892e-02 9.263564e-01
2.140000e-01  5.950804e-03  2.215766e-01 9.396745e-02 9.253167e-01
2.150000e-01  5.935387e-03  2.219642e-01 9.541110e-02 9.242631e-01
2.160000e-01  5.919970e-03  2.223341e-01 9.686976e-02 9.231958e-01
2.170000e-01  5.904554e-03  2.226858e-01 9.834331e-02 9.221145e-01
2.180000e-01  5.889137e-03  2.230188e-01 9.983162e-02 9.210192e-01
2.190000e-01  5.873721e-03  2.233323e-01 1.013346e-01 9.199099e-01
2.200000e-01  5.858304e-03  2.236259e-01 1.028520e-01 9.187864e-01
2.210000e-01  5.842888e-03  2.238990e-01 1.043837e-01 9.176489e-01
2.220000e-01  5.827471e-03  2.241509e-01 1.059295e-01 9.164971e-01
2.230000e-01  5.812054e-03  2.243812e-01 1.074893e-01 9.153311e-01
2.240000e-01  5.796638e-03  2.245892e-01 1.090628e-01 9.141509e-01
2.250000e-01  5.781221e-03  2.247743e-01 1.106498e-01 9.129563e-01
2.260000e-01  5.765805e-03  2.249360e-01 1.122500e-01 9.117475e-01
2.270000e-01  5.750388e-03  2.250737e-01 1.138632e-01 9.105243e-01
2.280000e-01  5.734971e-03  2.251868e-01 1.154891e-01 9.092868e-01
2.290000e-01  5.719555e-03  2.252746e-01 1.171274e-01 9.080349e-01
2.300000e-01  5.704138e-03  2.253367e-01 1.187777e-01 9.067687e-01
2.310000e-01  5.688722e-03  2.253724e-01 1.204398e-01 9.054882e-01
2.320000e-01  5.673305e-03  2.253811e-01 1.221132e-01 9.041933e-01
2.330000e-01  5.657888e-03  2.253623e-01 1.237976e-01 9.028842e-01
2.340000e-01  5.642472e-03  2.253153e-01 1.254925e-01 9.015608e-01
2.350000e-01  5.627055e-03  2.252396e-01 1.271976e-01 9.002232e-01
2.360000e-01  5.611639e-03  2.251346e-01 1.289124e-01 8.988715e-01
2.370000e-01  5.596222e-03  2.249997e-01 1.306364e-01 8.975056e-01
2.380000e-01  5.580805e-03  2.248343e-01 1.323692e-01 8.961257e-01
2.390000e-01  5.565389e-03  2.246380e-01 1.341102e-01 8.947319e-01
2.400000e-01  5.549972e-03  2.244100e-01 1.358590e-01 8.933242e-01
2.410000e-01  5.534556e-03  2.241499e-01 1.376150e-01 8.919027e-01
2.420000e-01  5.519139e-03  2.238571e-01 1.393777e-01 8.904676e-01
2.430000e-01  5.503723e-03  2.235311e-01 1.411465e-01 8.890189e-01
2.440000e-01  5.488306e-03  2.231715e-01 1.429207e-01 8.875567e-01
2.450000e-01  5.472889e-03  2.227777e-01 1.446999e-01 8.860813e-01
2.460000e-01  5.457473e-03  2.223492e-01 1.464833e-01 8.845928e-01
2.470000e-01  5.442056e-03  2.218857e-01 1.482703e-01 8.830912e-01
2.480000e-01  5.426640e-03  2.213867e-01 1.500603e-01 8.815769e-01
2.490000e-01  5.411223e-03  2.208518e-01 1.518525e-01 8.800499e-01
2.500000e-01  5.395806e-03  2.202807e-01 1.536462e-01 8.785104e-01
2.510000e-01  5.380390e-03  2.196730e-01 1.554408e-01 8.769587e-01
2.520000e-01  5.364973e-03  2.190284e-01 1.572354e-01 8.753950e-01
2.530000e-01  5.349557e-03  2.183467e-01 1.590293e-01 8.738195e-01
2.540000e-01  5.334140e-03  2.176277e-01 1.608217e-01 8.722324e-01
2.550000e-01  5.318723e-03  2.168712e-01 1.626118e-01 8.706340e-01
2.560000e-01  5.303307e-03  2.160771e-01 1.643987e-01 8.690245e-01
2.570000e-01  5.287890e-03  2.152453e-01 1.661817e-01 8.674043e-01
2.580000e-01  5.272474e-03  2.143757e-01 1.679598e-01 8.657736e-01
2.590000e-01  5.257057e-03  2.134685e-01 1.697322e-01 8.641328e-01
2.600000e-01  5.241641e-03  2.125238e-01 1.714980e-01 8.624821e-01
2.610000e-01  5.226224e-03  2.115417e-01 1.732564e-01 8.608218e-01
2.620000e-01  5.210807e-03  2.105226e-01 1.750063e-01 8.591524e-01
2.630000e-01  5.195391e-03  2.094667e-01 1.767469e-01 8.574741e-01
2.640000e-01  5.179974e-03  2.083745e-01 1.784774e-01 8.557874e-01
2.650000e-01  5.164558e-03  2.072467e-01 1.801967e-01 8.540927e-01
2.660000e-01  5.149141e-03  2.060839e-01 1.819040e-01 8.523903e-01
2.670000e-01  5.133724e-03  2.048869e-01 1.835984e-01 8.506806e-01
2.680000e-01  5.118308e-03  2.036568e-01 1.852789e-01 8.489641e-01
2.690000e-01  5.102891e-03  2.023946e-01 1.869447e-01 8.472413e-01
2.700000e-01  5.087475e-03  2.011016e-01 1.885949e-01 8.455126e-01
2.710000e-01  5.072058e-03  1.997794e-01 1.902287e-01 8.437785e-01
2.720000e-01  5.056641e-03  1.984298e-01 1.918453e-01 8.420395e-01
2.730000e-01  5.041225e-03  1.970547e-01 1.934437e-01 8.402961e-01
2.740000e-01  5.025808e-03  1.956564e-01 1.950234e-01 8.385489e-01
2.750000e-01  5.010392e-03  1.942376e-01 1.965834e-01 8.367985e-01
2.760000e-01  4.994975e-03  1.928011e-01 1.981232e-01 8.350453e-01
2.770000e-01  4.979558e-03  1.913503e-01 1.996422e-01 8.332902e-01
2.780000e-01  4.964142e-03  1.898891e-01 2.011396e-01 8.315337e-01
2.790000e-01  4.948725e-03  1.884217e-01 2.026150e-01 8.297765e-01
2.800000e-01  4.933309e-03  1.869531e-01 2.040679e-01 8.280194e-01
2.810000e-01  4.917892e-03  1.854885e-01 2.054979e-01 8.262633e-01
2.820000e-01  4.902476e-03  1.840344e-01 2.069045e-01 8.245089e-01
2.830000e-01  4.887059e-03  1.825974e-01 2.082876e-01 8.227572e-01
2.840000e-01  4.871642e-03  1.811855e-01 2.096467e-01 8.210094e-01
2.850000e-01  4.856226e-03  1.798069e-01 2.109818e-01 8.192665e-01
2.860000e-01  4.840809e-03  1.784710e-01 2.122924e-01 8.175298e-01
2.870000e-01  4.825393e-03  1.771875e-01 2.135785e-01 8.158006e-01
2.880000e-01  4.809976e-03  1.759665e-01 2.148398e-01 8.140806e-01
2.890000e-01  4.794559e-03  1.748180e-01 2.160762e-01 8.123714e-01
2.900000e-01  4.779143e-03  1.737505e-01 2.172877e-01 8.106745e-01
2.910000e-01  4.763726e-03  1.727707e-01 2.184744e-01 8.089919e-01
2.920000e-01  4.748310e-03  1.718815e-01 2.196369e-01 8.073250e-01
2.930000e-01  4.732893e-03  1.710812e-01 2.207767e-01 8.056751e-01
2.940000e-01  4.717476e-03  1.703627e-01 2.218956e-01 8.040433e-01
2.950000e-01  4.702060e-03  1.697145e-01 2.229966e-01 8.024298e-01
2.960000e-01  4.686643e-03  1.691231e-01 2.240826e-01 8.008344e-01
2.970000e-01  4.671227e-03  1.685753e-01 2.251567e-01 7.992564e-01
2.980000e-01  4.655810e-03  1.680606e-01 2.262209e-01 7.976947e-01
2.990000e-01  4.640394e-03  1.675716e-01 2.272769e-01 7.961481e-01
3.000000e-01  4.624977e-03  1.671038e-01 2.283255e-01 7.946154e-01
3.010000e-01  4.609560e-03  1.666546e-01 2.293673e-01 7.930952e-01
3.020000e-01  4.594144e-03  1.662221e-01 2.304027e-01 7.915866e-01
3.030000e-01  4.578727e-03  1.658052e-01 2.314319e-01 7.900884e-01
3.040000e-01  4.563311e-03  1.654030e-01 2.324551e-01 7.885997e-01
3.050000e-01  4.547894e-03  1.650151e-01 2.334726e-01 7.871198e-01
3.060000e-01  4.532477e-03  1.646407e-01 2.344845e-01 7.856478e-01
3.070000e-01  4.517061e-03  1.642797e-01 2.354911e-01 7.841831e-01
3.080000e-01  4.501644e-03  1.639316e-01 2.364924e-01 7.827249e-01
3.090000e-01  4.486228e-03  1.635963e-01 2.374885e-01 7.812728e-01
3.100000e-01  4.470811e-03  1.632736e-01 2.384798e-01 7.798261e-01
3.110000e-01  4.455394e-03  1.629634e-01 2.394662e-01 7.783844e-01
3.120000e-01  4.439978e-03  1.626654e-01 2.404479e-01 7.769472e-01
3.130000e-01  4.424561e-03  1.623797e-01 2.414250e-01 7.755141e-01
3.140000e-01  4.409145e-03  1.621061e-01 2.423977e-01 7.740847e-01
3.150000e-01  4.393728e-03  1.618447e-01 2.433660e-01 7.726586e-01
3.160000e-01  4.378311e-03  1.615953e-01 2.443300e-01 7.712356e-01
3.170000e-01  4.362895e-03  1.613578e-01 2.452898e-01 7.698153e-01
3.180000e-01  4.347478e-03  1.611324e-01 2.462455e-01 7.683974e-01
3.190000e-01  4.332062e-03  1.609190e-01 2.471972e-01 7.669816e-01
3.200000e-01  4.316645e-03  1.607175e-01 2.481449e-01 7.655679e-01
3.210000e-01  4.301229e-03  1.605279e-01 2.490888e-01 7.641558e-01
3.220000e-01  4.285812e-03  1.603503e-01 2.500288e-01 7.627452e-01
3.230000e-01  4.270395e-03  1.601846e-01 2.509650e-01 7.613359e-01
3.240000e-01  4.254979e-03  1.600309e-01 2.518976e-01 7.599278e-01
3.250000e-01  4.239562e-03  1.598892e-01 2.528264e-01 7.585206e-01
3.260000e-01  4.224146e-03  1.597594e-01 2.537516e-01 7.571142e-01
3.270000e-01  4.208729e-03  1.596417e-01 2.546732e-01 7.557085e-01
3.280000e-01  4.193312e-03  1.595359e-01 2.555912e-01 7.543034e-01
3.290000e-01  4.177896e-03  1.594422e-01 2.565057e-01 7.528987e-01
3.300000e-01  4.162479e-03  1.593606e-01 2.574166e-01 7.514943e-01
3.310000e-01  4.147063e-03  1.592911e-01 2.583240e-01 7.500901e-01
3.320000e-01  4.131646e-03  1.592337e-01 2.592278e-01 7.486860e-01
3.330000e-01  4.116229e-03  1.591884e-01 2.601282e-01 7.472820e-01
3.340000e-01  4.100813e-03  1.591554e-01 2.610249e-01 7.458779e-01
3.350000e-01  4.085396e-03  1.591345e-01 2.619182e-01 7.444737e-01
3.360000e-01  4.069980e-03  1.591258e-01 2.628079e-01 7.430693e-01
3.370000e-01  4.054563e-03  1.591294e-01 2.636939e-01 7.416647e-01
3.380000e-01  4.039147e-03  1.591453e-01 2.645764e-01 7.402597e-01
3.390000e-01  4.023730e-03  1.591736e-01 2.654552e-01 7.388544e-01
3.400000e-01  4.008313e-03  1.592141e-01 2.663303e-01 7.374487e-01
3.410000e-01  3.992897e-03  1.592670e-01 2.672016e-01 7.360426e-01
3.420000e-01  3.977480e-03  1.593323e-01 2.680692e-01 7.346361e-01
3.430000e-01  3.962064e-03  1.594100e-01 2.689329e-01 7.332290e-01
3.440000e-01  3.946647e-03  1.595001e-01 2.697927e-01 7.318214e-01
3.450000e-01  3.931230e-03  1.596026e-01 2.706485e-01 7.304133e-01
3.460000e-01  3.915814e-03  1.597175e-01 2.715002e-01 7.290046e-01
3.470000e-01  3.900397e-03  1.598448e-01 2.723479e-01 7.275954e-01
3.480000e-01  3.884981e-03  1.599846e-01 2.731913e-01 7.261856e-01
3.490000e-01  3.869564e-03  1.601367e-01 2.740305e-01 7.247752e-01
3.500000e-01  3.854147e-03  1.603013e-01 2.748652e-01 7.233643e-01
3.510000e-01  3.838731e-03  1.604783e-01 2.756954e-01 7.219527e-01
3.520000e-01  3.823314e-03  1.606676e-01 2.765211e-01 7.205407e-01
3.530000e-01  3.807898e-03  1.608694e-01 2.773421e-01 7.191280e-01
3.540000e-01  3.792481e-03  1.610835e-01 2.781583e-01 7.177149e-01
3.550000e-01  3.777064e-03  1.613099e-01 2.789695e-01 7.163012e-01
3.560000e-01  3.761648e-03  1.615485e-01 2.797758e-01 7.148870e-01
3.570000e-01  3.746231e-03  1.617994e-01 2.805769e-01 7.134724e-01
3.580000e-01  3.730815e-03  1.620624e-01 2.813728e-01 7.120573e-01
3.590000e-01  3.715398e-03  1.623375e-01 2.821632e-01 7.106418e-01
3.600000e-01  3.699982e-03  1.626246e-01 2.829482e-01 7.092259e-01
3.610000e-01  3.684565e-03  1.629238e-01 2.837276e-01 7.078097e-01
3.620000e-01  3.669148e-03  1.632348e-01 2.845012e-01 7.063932e-01
3.630000e-01  3.653732e-03  1.635577e-01 2.852689e-01 7.049764e-01
3.640000e-01  3.638315e-03  1.638923e-01 2.860305e-01 7.035594e-01
3.650000e-01  3.622899e-03  1.642385e-01 2.867860e-01 7.021423e-01
3.660000e-01  3.607482e-03  1.645963e-01 2.875352e-01 7.007250e-01
3.670000e-01  3.592065e-03  1.649654e-01 2.882781e-01 6.993077e-01
3.680000e-01  3.576649e-03  1.653458e-01 2.890144e-01 6.978903e-01
3.690000e-01  3.561232e-03  1.657373e-01 2.897440e-01 6.964731e-01
3.700000e-01  3.545816e-03  1.661398e-01 2.904670e-01 6.950559e-01
3.710000e-01  3.530399e-03  1.665531e-01 2.911830e-01 6.936389e-01
3.720000e-01  3.514982e-03  1.669769e-01 2.918921e-01 6.922222e-01
3.730000e-01  3.499566e-03  1.674112e-01 2.925942e-01 6.908057e-01
3.740000e-01  3.484149e-03  1.678558e-01 2.932891e-01 6.893896e-01
3.750000e-01  3.468733e-03  1.683104e-01 2.939768e-01 6.879740e-01
3.760000e-01  3.453316e-03  1.687749e-01 2.946571e-01 6.865588e-01
3.770000e-01  3.437900e-03  1.692491e-01 2.953300e-01 6.851442e-01
3.780000e-01  3.422483e-03  1.697327e-01 2.959954e-01 6.837303e-01
3.790000e-01  3.407066e-03  1.702256e-01 2.966532e-01 6.823171e-01
3.800000e-01  3.391650e-03  1.707274e-01 2.973035e-01 6.809046e-01
3.810000e-01  3.376233e-03  1.712381e-01 2.979461e-01 6.794930e-01
3.820000e-01  3.360817e-03  1.717572e-01 2.985810e-01 6.780824e-01
3.830000e-01  3.345400e-03  1.722846e-01 2.992082e-01 6.766727e-01
3.840000e-01  3.329983e-03  1.728200e-01 2.998277e-01 6.752642e-01
3.850000e-01  3.314567e-03  1.733630e-01 3.004395e-01 6.738567e-01
3.860000e-01  3.299150e-03  1.739135e-01 3.010437e-01 6.724505e-01
3.870000e-01  3.283734e-03  1.744711e-01 3.016402e-01 6.710456e-01
3.880000e-01  3.268317e-03  1.750355e-01 3.022291e-01 6.696420e-01
3.890000e-01  3.252900e-03  1.756065e-01 3.028104e-01 6.682398e-01
3.900000e-01  3.237484e-03  1.761838e-01 3.033842e-01 6.668392e-01
3.910000e-01  3.222067e-03  1.767671e-01 3.039505e-01 6.654400e-01
3.920000e-01  3.206651e-03  1.773563e-01 3.045093e-01 6.640425e-01
3.930000e-01  3.191234e-03  1.779510e-01 3.050607e-01 6.626466e-01
3.940000e-01  3.175817e-03  1.785510e-01 3.056049e-01 6.612525e-01
3.950000e-01  3.160401e-03  1.791559e-01 3.061417e-01 6.598602e-01
3.960000e-01  3.144984e-03  1.797657e-01 3.066715e-01 6.584697e-01
3.970000e-01  3.129568e-03  1.803799e-01 3.071942e-01 6.570811e-01
3.980000e-01  3.114151e-03  1.809983e-01 3.077100e-01 6.556944e-01
3.990000e-01  3.098735e-03  1.816205e-01 3.082191e-01 6.543098e-01
4.000000e-01  3.083318e-03  1.822464e-01 3.087216e-01 6.529272e-01
4.010000e-01  3.067901e-03  1.828755e-01 3.092176e-01 6.515467e-01
4.020000e-01  3.052485e-03  1.835077e-01 3.097073e-01 6.501683e-01
4.030000e-01  3.037068e-03  1.841426e-01 3.101910e-01 6.487920e-01
4.040000e-01  3.021652e-03  1.847800e-01 3.106686e-01 6.474180e-01
4.050000e-01  3.006235e-03  1.854197e-01 3.111405e-01 6.460461e-01
4.060000e-01  2.990818e-03  1.860614e-01 3.116067e-01 6.446765e-01
4.070000e-01  2.975402e-03  1.867049e-01 3.120673e-01 6.433091e-01
4.080000e-01  2.959985e-03  1.873502e-01 3.125224e-01 6.419441e-01
4.090000e-01  2.944569e-03  1.879970e-01 3.129722e-01 6.405813e-01
4.100000e-01  2.929152e-03  1.886451e-01 3.134169e-01 6.392209e-01
4.110000e-01  2.913735e-03  1.892944e-01 3.138565e-01 6.378627e-01
4.120000e-01  2.898319e-03  1.899446e-01 3.142911e-01 6.365070e-01
4.130000e-01  2.882902e-03  1.905956e-01 3.147211e-01 6.351536e-01
4.140000e-01  2.867486e-03  1.912470e-01 3.151464e-01 6.338026e-01
4.150000e-01  2.852069e-03  1.918987e-01 3.155675e-01 6.324539e-01
4.160000e-01  2.836653e-03  1.925504e-01 3.159844e-01 6.311077e-01
4.170000e-01  2.821236e-03  1.932019e-01 3.163973e-01 6.297638e-01
4.180000e-01  2.805819e-03  1.938528e-01 3.168065e-01 6.284223e-01
4.190000e-01  2.790403e-03  1.945030e-01 3.172122e-01 6.270831e-01
4.200000e-01  2.774986e-03  1.951524e-01 3.176144e-01 6.257463e-01
4.210000e-01  2.759570e-03  1.958007e-01 3.180134e-01 6.244119e-01
4.220000e-01  2.744153e-03  1.964479e-01 3.184092e-01 6.230797e-01
4.230000e-01  2.728736e-03  1.970939e-01 3.188018e-01 6.217499e-01
4.240000e-01  2.713320e-03  1.977386e-01 3.191913e-01 6.204223e-01
4.250000e-01  2.697903e-03  1.983820e-01 3.195778e-01 6.190970e-01
4.260000e-01  2.682487e-03  1.990240e-01 3.199611e-01 6.177740e-01
4.270000e-01  2.667070e-03  1.996646e-01 3.203416e-01 6.164533e-01
4.280000e-01  2.651653e-03  2.003035e-01 3.207191e-01 6.151348e-01
4.290000e-01  2.636237e-03  2.009407e-01 3.210938e-01 6.138185e-01
4.300000e-01  2.620820e-03  2.015759e-01 3.214660e-01 6.125045e-01
4.310000e-01  2.605404e-03  2.022088e-01 3.218358e-01 6.111928e-01
4.320000e-01  2.589987e-03  2.028392e-01 3.222033e-01 6.098832e-01
4.330000e-01  2.574570e-03  2.034668e-01 3.225689e-01 6.085758e-01
4.340000e-01  2.559154e-03  2.040914e-01 3.229328e-01 6.072706e-01
4.350000e-01  2.543737e-03  2.047126e-01 3.232950e-01 6.059675e-01
4.360000e-01  2.528321e-03  2.053305e-01 3.236558e-01 6.046666e-01
4.370000e-01  2.512904e-03  2.059448e-01 3.240150e-01 6.033677e-01
4.380000e-01  2.497488e-03  2.065555e-01 3.243728e-01 6.020709e-01
4.390000e-01  2.482071e-03  2.071628e-01 3.247291e-01 6.007761e-01
4.400000e-01  2.466654e-03  2.077666e-01 3.250836e-01 5.994833e-01
4.410000e-01  2.451238e-03  2.083671e-01 3.254364e-01 5.981925e-01
4.420000e-01  2.435821e-03  2.089644e-01 3.257872e-01 5.969037e-01
4.430000e-01  2.420405e-03  2.095584e-01 3.261360e-01 5.956169e-01
4.440000e-01  2.404988e-03  2.101490e-01 3.264827e-01 5.943322e-01
4.450000e-01  2.389571e-03  2.107363e-01 3.268275e-01 5.930494e-01
4.460000e-01  2.374155e-03  2.113198e-01 3.271706e-01 5.917687e-01
4.470000e-01  2.358738e-03  2.118994e-01 3.275121e-01 5.904901e-01
4.480000e-01  2.343322e-03  2.124745e-01 3.278523e-01 5.892134e-01
4.490000e-01  2.327905e-03  2.130448e-01 3.281917e-01 5.879389e-01
4.500000e-01  2.312488e-03  2.136099e-01 3.285304e-01 5.866663e-01
4.510000e-01  2.297072e-03  2.141695e-01 3.288687e-01 5.853957e-01
4.520000e-01  2.281655e-03  2.147234e-01 3.292068e-01 5.841271e-01
4.530000e-01  2.266239e-03  2.152715e-01 3.295446e-01 5.828605e-01
4.540000e-01  2.250822e-03  2.158140e-01 3.298820e-01 5.815958e-01
4.550000e-01  2.235406e-03  2.163509e-01 3.302188e-01 5.803330e-01
4.560000e-01  2.219989e-03  2.168826e-01 3.305546e-01 5.790721e-01
4.570000e-01  2.204572e-03  2.174093e-01 3.308891e-01 5.778131e-01
4.580000e-01  2.189156e-03  2.179314e-01 3.312219e-01 5.765561e-01
4.590000e-01  2.173739e-03  2.184491e-01 3.315528e-01 5.753010e-01
4.600000e-01  2.158323e-03  2.189623e-01 3.318816e-01 5.740480e-01
4.610000e-01  2.142906e-03  2.194712e-01 3.322082e-01 5.727971e-01
4.620000e-01  2.127489e-03  2.199753e-01 3.325330e-01 5.715483e-01
4.630000e-01  2.112073e-03  2.204742e-01 3.328561e-01 5.703017e-01
4.640000e-01  2.096656e-03  2.209673e-01 3.331782e-01 5.690573e-01
4.650000e-01  2.081240e-03  2.214541e-01 3.334997e-01 5.678151e-01
4.660000e-01  2.065823e-03  2.219338e-01 3.338213e-01 5.665752e-01
4.670000e-01  2.050406e-03  2.224059e-01 3.341432e-01 5.653376e-01
4.680000e-01  2.034990e-03  2.228699e-01 3.344660e-01 5.641021e-01
4.690000e-01  2.019573e-03  2.233258e-01 3.347896e-01 5.628689e-01
4.700000e-01  2.004157e-03  2.237734e-01 3.351140e-01 5.616378e-01
4.710000e-01  1.988740e-03  2.242132e-01 3.354387e-01 5.604088e-01
4.720000e-01  1.973323e-03  2.246456e-01 3.357632e-01 5.591821e-01
4.730000e-01  1.957907e-03  2.250712e-01 3.360868e-01 5.579574e-01
4.740000e-01  1.942490e-03  2.254907e-01 3.364088e-01 5.567351e-01
4.750000e-01  1.927074e-03  2.259045e-01 3.367286e-01 5.555149e-01
4.760000e-01  1.911657e-03  2.263132e-01 3.370456e-01 5.542972e-01
4.770000e-01  1.896241e-03  2.267168e-01 3.373596e-01 5.530819e-01
4.780000e-01  1.880824e-03  2.271152e-01 3.376706e-01 5.518693e-01
4.790000e-01  1.865407e-03  2.275078e-01 3.379791e-01 5.506593e-01
4.800000e-01  1.849991e-03  2.278939e-01 3.382857e-01 5.494521e-01
4.810000e-01  1.834574e-03  2.282724e-01 3.385914e-01 5.482478e-01
4.820000e-01  1.819158e-03  2.286421e-01 3.388970e-01 5.470463e-01
4.830000e-01  1.803741e-03  2.290020e-01 3.392036e-01 5.458478e-01
4.840000e-01  1.788324e-03  2.293511e-01 3.395120e-01 5.446521e-01
4.850000e-01  1.772908e-03  2.296887e-01 3.398227e-01 5.434594e-01
4.860000e-01  1.757491e-03  2.300145e-01 3.401359e-01 5.422694e-01
4.870000e-01  1.742075e-03  2.303286e-01 3.404513e-01 5.410822e-01
4.880000e-01  1.726658e-03  2.306315e-01 3.407683e-01 5.398976e-01
4.890000e-01  1.711241e-03  2.309242e-01 3.410858e-01 5.387159e-01
4.900000e-01  1.695825e-03  2.312076e-01 3.414026e-01 5.375368e-01
4.910000e-01  1.680408e-03  2.314830e-01 3.417175e-01 5.363605e-01
4.920000e-01  1.664992e-03  2.317515e-01 3.420293e-01 5.351872e-01
4.930000e-01  1.649575e-03  2.320137e-01 3.423370e-01 5.340169e-01
4.940000e-01  1.634159e-03  2.322702e-01 3.426401e-01 5.328499e-01
4.950000e-01  1.618742e-03  2.325207e-01 3.429386e-01 5.316862e-01
4.960000e-01  1.603325e-03  2.327647e-01 3.432330e-01 5.305262e-01
4.970000e-01  1.587909e-03  2.330007e-01 3.435243e-01 5.293699e-01
4.980000e-01  1.572492e-03  2.332273e-01 3.438139e-01 5.282175e-01
4.990000e-01  1.557076e-03  2.334425e-01 3.441034e-01 5.270691e-01
5.000000e-01  1.541659e-03  2.336443e-01 3.443947e-01 5.259247e-01
5.010000e-01  1.526242e-03  2.338309e-01 3.446891e-01 5.247843e-01
5.020000e-01  1.510826e-03  2.340009e-01 3.449880e-01 5.236478e-01
5.030000e-01  1.495409e-03  2.341534e-01 3.452917e-01 5.225151e-01
5.040000e-01  1.479993e-03  2.342883e-01 3.456003e-01 5.213862e-01
5.050000e-01  1.464576e-03  2.344060e-01 3.459130e-01 5.202609e-01
5.060000e-01  1.449159e-03  2.345077e-01 3.462286e-01 5.191392e-01
5.070000e-01  1.433743e-03  2.345950e-01 3.465452e-01 5.180210e-01
5.080000e-01  1.418326e-03  2.346698e-01 3.468607e-01 5.169064e-01
5.090000e-01  1.402910e-03  2.347341e-01 3.471731e-01 5.157955e-01
5.100000e-01  1.387493e-03  2.347898e-01 3.474804e-01 5.146886e-01
5.110000e-01  1.372076e-03  2.348380e-01 3.477811e-01 5.135857e-01
5.120000e-01  1.356660e-03  2.348796e-01 3.480743e-01 5.124873e-01
5.130000e-01  1.341243e-03  2.349141e-01 3.483601e-01 5.113936e-01
5.140000e-01  1.325827e-03  2.349406e-01 3.486392e-01 5.103049e-01
5.150000e-01  1.310410e-03  2.349571e-01 3.489132e-01 5.092215e-01
5.160000e-01  1.294994e-03  2.349608e-01 3.491844e-01 5.081437e-01
5.170000e-01  1.279577e-03  2.349487e-01 3.494553e-01 5.070715e-01
5.180000e-01  1.264160e-03  2.349175e-01 3.497287e-01 5.060051e-01
5.190000e-01  1.248744e-03  2.348641e-01 3.500072e-01 5.049443e-01
5.200000e-01  1.233327e-03  2.347859e-01 3.502927e-01 5.038892e-01
5.210000e-01  1.217911e-03  2.346811e-01 3.505864e-01 5.028395e-01
5.220000e-01  1.202494e-03  2.345491e-01 3.508885e-01 5.017951e-01
5.230000e-01  1.187077e-03  2.343900e-01 3.511985e-01 5.007558e-01
5.240000e-01  1.171661e-03  2.342053e-01 3.515146e-01 4.997215e-01
5.250000e-01  1.156244e-03  2.339971e-01 3.518343e-01 4.986919e-01
5.260000e-01  1.140828e-03  2.337684e-01 3.521548e-01 4.976673e-01
5.270000e-01  1.125411e-03  2.335224e-01 3.524726e-01 4.966475e-01
5.280000e-01  1.109994e-03  2.332623e-01 3.527845e-01 4.956329e-01
5.290000e-01  1.094578e-03  2.329910e-01 3.530876e-01 4.946238e-01
5.300000e-01  1.079161e-03  2.327106e-01 3.533795e-01 4.936205e-01
5.310000e-01  1.063745e-03  2.324221e-01 3.536590e-01 4.926235e-01
5.320000e-01  1.048328e-03  2.321252e-01 3.539260e-01 4.916334e-01
5.330000e-01  1.032912e-03  2.318182e-01 3.541815e-01 4.906506e-01
5.340000e-01  1.017495e-03  2.314982e-01 3.544277e-01 4.896756e-01
5.350000e-01  1.002078e-03  2.311611e-01 3.546677e-01 4.887089e-01
5.360000e-01  9.866617e-04  2.308020e-01 3.549054e-01 4.877506e-01
5.370000e-01  9.712452e-04  2.304156e-01 3.551448e-01 4.868010e-01
5.380000e-01  9.558286e-04  2.299968e-01 3.553897e-01 4.858600e-01
5.390000e-01  9.404120e-04  2.295409e-01 3.556435e-01 4.849277e-01
5.400000e-01  9.249954e-04  2.290443e-01 3.559084e-01 4.840037e-01
5.410000e-01  9.095788e-04  2.285047e-01 3.561856e-01 4.830879e-01
5.420000e-01  8.941622e-04  2.279214e-01 3.564750e-01 4.821800e-01
5.430000e-01  8.787456e-04  2.272951e-01 3.567750e-01 4.812796e-01
5.440000e-01  8.633290e-04  2.266279e-01 3.570832e-01 4.803866e-01
5.450000e-01  8.479124e-04  2.259233e-01 3.573958e-01 4.795008e-01
5.460000e-01  8.324958e-04  2.251857e-01 3.577087e-01 4.786222e-01
5.470000e-01  8.170793e-04  2.244200e-01 3.580170e-01 4.777509e-01
5.480000e-01  8.016627e-04  2.236311e-01 3.583160e-01 4.768873e-01
5.490000e-01  7.862461e-04  2.228236e-01 3.586014e-01 4.760317e-01
5.500000e-01  7.708295e-04  2.220013e-01 3.588695e-01 4.751848e-01
5.510000e-01  7.554129e-04  2.211666e-01 3.591176e-01 4.743473e-01
5.520000e-01  7.399963e-04  2.203203e-01 3.593444e-01 4.735200e-01
5.530000e-01  7.245797e-04  2.194614e-01 3.595498e-01 4.727037e-01
5.540000e-01  7.091631e-04  2.185870e-01 3.597356e-01 4.718993e-01
5.550000e-01  6.937465e-04  2.176923e-01 3.599045e-01 4.711077e-01
5.560000e-01  6.783299e-04  2.167709e-01 3.600607e-01 4.703294e-01
5.570000e-01  6.629134e-04  2.158154e-01 3.602089e-01 4.695650e-01
5.580000e-01  6.474968e-04  2.148176e-01 3.603544e-01 4.688150e-01
5.590000e-01  6.320802e-04  2.137694e-01 3.605019e-01 4.680795e-01
5.600000e-01  6.166636e-04  2.126633e-01 3.606559e-01 4.673585e-01
5.610000e-01  6.012470e-04  2.114929e-01 3.608195e-01 4.666521e-01
5.620000e-01  5.858304e-04  2.102531e-01 3.609947e-01 4.659598e-01
5.630000e-01  5.704138e-04  2.089407e-01 3.611822e-01 4.652816e-01
5.640000e-01  5.549972e-04  2.075544e-01 3.613810e-01 4.646170e-01
5.650000e-01  5.395806e-04  2.060947e-01 3.615889e-01 4.639657e-01
5.660000e-01  5.241641e-04  2.045640e-01 3.618028e-01 4.633274e-01
5.670000e-01  5.087475e-04  2.029659e-01 3.620182e-01 4.627021e-01
5.680000e-01  4.933309e-04  2.013054e-01 3.622302e-01 4.620898e-01
5.690000e-01  4.779143e-04  1.995882e-01 3.624333e-01 4.614905e-01
5.700000e-01  4.624977e-04  1.978205e-01 3.626219e-01 4.609047e-01
5.710000e-01  4.470811e-04  1.960084e-01 3.627903e-01 4.603329e-01
5.720000e-01  4.316645e-04  1.941574e-01 3.629333e-01 4.597759e-01
5.730000e-01  4.162479e-04  1.922726e-01 3.630462e-01 4.592346e-01
5.740000e-01  4.008313e-04  1.903573e-01 3.631252e-01 4.587101e-01
5.750000e-01  3.854147e-04  1.884135e-01 3.631675e-01 4.582037e-01
5.760000e-01  3.699982e-04  1.864412e-01 3.631711e-01 4.577168e-01
5.770000e-01  3.545816e-04  1.844386e-01 3.631357e-01 4.572508e-01
5.780000e-01  3.391650e-04  1.824015e-01 3.630617e-01 4.568071e-01
5.790000e-01  3.237484e-04  1.803240e-01 3.629507e-01 4.563873e-01
5.800000e-01  3.083318e-04  1.781982e-01 3.628052e-01 4.559926e-01
5.810000e-01  2.929152e-04  1.760150e-01 3.626282e-01 4.556245e-01
5.820000e-01  2.774986e-04  1.737641e-01 3.624228e-01 4.552841e-01
5.830000e-01  2.620820e-04  1.714348e-01 3.621921e-01 4.549725e-01
5.840000e-01  2.466654e-04  1.690165e-01 3.619388e-01 4.546906e-01
5.850000e-01  2.312488e-04  1.664988e-01 3.616645e-01 4.544392e-01
5.860000e-01  2.158323e-04  1.638725e-01 3.613703e-01 4.542192e-01
5.870000e-01  2.004157e-04  1.611291e-01 3.610560e-01 4.540311e-01
5.880000e-01  1.849991e-04  1.582620e-01 3.607201e-01 4.538755e-01
5.890000e-01  1.695825e-04  1.552657e-01 3.603602e-01 4.537531e-01
5.900000e-01  1.541659e-04  1.521360e-01 3.599729e-01 4.536644e-01
5.910000e-01  1.387493e-04  1.488706e-01 3.595538e-01 4.536103e-01
5.920000e-01  1.233327e-04  1.454679e-01 3.590976e-01 4.535914e-01
5.930000e-01  1.079161e-04  1.419277e-01 3.585984e-01 4.536087e-01
5.940000e-01  9.249954e-05  1.382504e-01 3.580498e-01 4.536632e-01
5.950000e-01  7.708295e-05  1.344374e-01 3.574448e-01 4.537563e-01
5.960000e-01  6.166636e-05  1.304905e-01 3.567761e-01 4.538894e-01
5.970000e-01  4.624977e-05  1.264115e-01 3.560361e-01 4.540642e-01
5.980000e-01  3.083318e-05  1.222028e-01 3.552168e-01 4.542827e-01
5.990000e-01  1.541659e-05  1.178666e-01 3.543100e-01 4.545470e-01
6.000000e-01  -6.938894e-18  1.134051e-01 3.533072e-01 4.548597e-01
6.010000e-01  -1.541659e-05  1.088202e-01 3.521997e-01 4.552235e-01
6.020000e-01  -3.083318e-05  1.041138e-01 3.509783e-01 4.556417e-01
6.030000e-01  -4.624977e-05  9.928757e-02 3.496336e-01 4.561178e-01
6.040000e-01  -6.166636e-05  9.434293e-02 3.481554e-01 4.566557e-01
6.050000e-01  -7.708295e-05  8.928137e-02 3.465333e-01 4.572597e-01
6.060000e-01  -9.249954e-05  8.410442e-02 3.447559e-01 4.579348e-01
6.070000e-01  -1.079161e-04  7.881387e-02 3.428112e-01 4.586864e-01
6.080000e-01  -1.233327e-04  7.341206e-02 3.406859e-01 4.595206e-01
6.090000e-01  -1.387493e-04  6.790212e-02 3.383660e-01 4.604443e-01
6.100000e-01  -1.541659e-04  6.228840e-02 3.358359e-01 4.614652e-01
6.110000e-01  -1.695825e-04  5.657690e-02 3.330789e-01 4.625923e-01
6.120000e-01  -1.849991e-04  5.077581e-02 3.300765e-01 4.638355e-01
6.130000e-01  -2.004157e-04  4.489620e-02 3.268086e-01 4.652067e-01
6.140000e-01  -2.158323e-04  3.895280e-02 3.232534e-01 4.667196e-01
6.150000e-01  -2.312488e-04  3.296498e-02 3.193870e-01 4.683903e-01
6.160000e-01  -2.466654e-04  2.695807e-02 3.151835e-01 4.702380e-01
6.170000e-01  -2.620820e-04  2.096492e-02 3.106150e-01 4.722863e-01
6.180000e-01  -2.774986e-04  1.502814e-02 3.056514e-01 4.745638e-01
6.190000e-01  -2.929152e-04  9.203168e-03 3.002603e-01 4.771066e-01
6.200000e-01  -3.083318e-04  3.562759e-03 2.944072e-01 4.799612e-01
6.210000e-01  -3.237484e-04  -1.796026e-03 2.880557e-01 4.831889e-01
6.220000e-01  -3.391650e-04  -6.740379e-03 2.811684e-01 4.868738e-01
6.230000e-01  -3.545816e-04  -1.108159e-02 2.737081e-01 4.911364e-01
6.240000e-01  -3.699982e-04  -1.453621e-02 2.656440e-01 4.961606e-01
6.250000e-01  -3.854147e-04  -1.664255e-02 2.569688e-01 5.022515e-01
6.260000e-01  -4.008313e-04  -1.655078e-02 2.477661e-01 5.099845e-01
6.270000e-01  -4.162479e-04  -1.235922e-02 2.385477e-01 5.207026e-01
6.280000e-01  -4.316645e-04  1.875899e-03 2.334151e-01 5.393832e-01
6.290000e-01  -4.470811e-04  1.831435e-03 2.646217e-01 5.870126e-01
6.300000e-01  -4.624977e-04  -8.014053e-04 2.732221e-01 5.997197e-01
6.310000e-01  -4.779143e-04  -4.107714e-03 2.812442e-01 6.088865e-01
6.320000e-01  -4.933309e-04  -8.834042e-03 2.864322e-01 6.158426e-01
6.330000e-01  -5.087475e-04  -1.449243e-02 2.900636e-01 6.214728e-01
6.340000e-01  -5.241641e-04  -2.104497e-02 2.926179e-01 6.262156e-01
6.350000e-01  -5.395806e-04  -2.844831e-02 2.942317e-01 6.302973e-01
6.360000e-01  -5.549972e-04  -3.662391e-02 2.949462e-01 6.338618e-01
6.370000e-01  -5.704138e-04  -4.548564e-02 2.947628e-01 6.370122e-01
6.380000e-01  -5.858304e-04  -5.498789e-02 2.936716e-01 6.398264e-01
6.390000e-01  -6.012470e-04  -6.513762e-02 2.916506e-01 6.423650e-01
6.400000e-01  -6.166636e-04  -7.593949e-02 2.886437e-01 6.446758e-01
6.410000e-01  -6.320802e-04  -8.734585e-02 2.845547e-01 6.467991e-01
6.420000e-01  -6.474968e-04  -9.925304e-02 2.792607e-01 6.487700e-01
6.430000e-01  -6.629134e-04  -1.115173e-01 2.726276e-01 6.506217e-01
6.440000e-01  -6.783299e-04  -1.239677e-01 2.645206e-01 6.523866e-01
6.450000e-01  -6.937465e-04  -1.364111e-01 2.548118e-01 6.540977e-01
6.460000e-01  -7.091631e-04  -1.486332e-01 2.433862e-01 6.557883e-01
6.470000e-01  -7.245797e-04  -1.603959e-01 2.301478e-01 6.574928e-01
6.480000e-01  -7.399963e-04  -1.714336e-01 2.150271e-01 6.592465e-01
6.490000e-01  -7.554129e-04  -1.814487e-01 1.979912e-01 6.610848e-01
6.500000e-01  -7.708295e-04  -1.901112e-01 1.790584e-01 6.630431e-01
6.510000e-01  -7.862461e-04  -1.970645e-01 1.583141e-01 6.651563e-01
6.520000e-01  -8.016627e-04  -2.019404e-01 1.359241e-01 6.674572e-01
6.530000e-01  -8.170793e-04  -2.043805e-01 1.121410e-01 6.699759e-01
6.540000e-01  -8.324958e-04  -2.040608e-01 8.730198e-02 6.727383e-01
6.550000e-01  -8.479124e-04  -2.007148e-01 6.181865e-02 6.757650e-01
6.560000e-01  -8.633290e-04  -1.941516e-01 3.616012e-02 6.790701e-01
6.570000e-01  -8.787456e-04  -1.842675e-01 1.083342e-02 6.826605e-01
6.580000e-01  -8.941622e-04  -1.710516e-01 -1.363696e-02 6.865350e-01
6.590000e-01  -9.095788e-04  -1.545859e-01 -3.672862e-02 6.906847e-01
6.600000e-01  -9.249954e-04  -1.350413e-01 -5.793873e-02 6.950926e-01
6.610000e-01  -9.404120e-04  -1.126699e-01 -7.679907e-02 6.997341e-01
6.620000e-01  -9.558286e-04  -8.779605e-02 -9.288817e-02 7.045776e-01
6.630000e-01  -9.712452e-04  -6.080555e-02 -1.058409e-01 7.095853e-01
6.640000e-01  -9.866617e-04  -3.213449e-02 -1.153558e-01 7.147138e-01
6.650000e-01  -1.002078e-03  -2.257978e-03 -1.211998e-01 7.199155e-01
6.660000e-01  -1.017495e-03  2.832104e-02 -1.232119e-01 7.251388e-01
6.670000e-01  -1.032912e-03  5.908275e-02 -1.213052e-01 7.303298e-01
6.680000e-01  -1.048328e-03  8.950120e-02 -1.154677e-01 7.354326e-01
6.690000e-01  -1.063745e-03  1.190548e-01 -1.057618e-01 7.403910e-01
6.700000e-01  -1.079161e-03  1.472368e-01 -9.232390e-02 7.451487e-01
6.710000e-01  -1.094578e-03  1.735652e-01 -7.536152e-02 7.496516e-01
6.720000e-01  -1.109994e-03  1.975928e-01 -5.515061e-02 7.538486e-01
6.730000e-01  -1.125411e-03  2.189168e-01 -3.203100e-02 7.576933e-01
6.740000e-01  -1.140828e-03  2.371884e-01 -6.400839e-03 7.611450e-01
6.750000e-01  -1.156244e-03  2.521221e-01 2.129088e-02 7.641703e-01
6.760000e-01  -1.171661e-03  2.635058e-01 5.055517e-02 7.667434e-01
6.770000e-01  -1.187077e-03  2.712093e-01 8.087894e-02 7.688463e-01
6.780000e-01  -1.202494e-03  2.751886e-01 1.117456e-01 7.704661e-01
6.790000e-01  -1.217911e-03  2.755099e-01 1.426472e-01 7.715931e-01
