# Integral magnetization log: T, LP, Mx, Mx, Mz
1.000000e-04  -6.166636e-03  9.423411e-01 8.888208e-02 -1.911385e-01
2.000000e-04  -6.166636e-03  9.423393e-01 8.888476e-02 -1.911605e-01
3.000000e-04  -6.166636e-03  9.423386e-01 8.887770e-02 -1.911821e-01
4.000000e-04  -1.541659e-02  9.404802e-01 1.063224e-01 -1.913611e-01
5.000000e-04  -1.541659e-02  9.383352e-01 1.222713e-01 -1.918294e-01
6.000000e-04  -1.541659e-02  9.360845e-01 1.355051e-01 -1.925293e-01
7.000000e-04  -1.541659e-02  9.339306e-01 1.451627e-01 -1.933819e-01
8.000000e-04  -1.541659e-02  9.320302e-01 1.508608e-01 -1.942989e-01
9.000000e-04  -1.541659e-02  9.304505e-01 1.527259e-01 -1.952012e-01
1.000000e-03  -1.541659e-02  9.291730e-01 1.512966e-01 -1.960255e-01
1.100000e-03  -1.541659e-02  9.281252e-01 1.474103e-01 -1.967326e-01
1.200000e-03  -1.541659e-02  9.272197e-01 1.420484e-01 -1.973072e-01
1.300000e-03  -1.541659e-02  9.263866e-01 1.361942e-01 -1.977544e-01
1.400000e-03  -1.541659e-02  9.255861e-01 1.307195e-01 -1.980942e-01
1.500000e-03  -1.541659e-02  9.248049e-01 1.263083e-01 -1.983555e-01
1.600000e-03  -1.541659e-02  9.240443e-01 1.234162e-01 -1.985706e-01
1.700000e-03  -1.541659e-02  9.233077e-01 1.222626e-01 -1.987714e-01
1.800000e-03  -1.541659e-02  9.225940e-01 1.228434e-01 -1.989873e-01
1.900000e-03  -1.541659e-02  9.218942e-01 1.249672e-01 -1.992413e-01
2.000000e-03  -1.541659e-02  9.211967e-01 1.282998e-01 -1.995501e-01
2.100000e-03  -1.541659e-02  9.204928e-01 1.324168e-01 -1.999231e-01
2.200000e-03  -1.541659e-02  9.197800e-01 1.368598e-01 -2.003610e-01
2.300000e-03  -1.541659e-02  9.190668e-01 1.411930e-01 -2.008587e-01
2.400000e-03  -1.541659e-02  9.183716e-01 1.450386e-01 -2.014058e-01
2.500000e-03  -1.541659e-02  9.177136e-01 1.481167e-01 -2.019857e-01
2.600000e-03  -1.541659e-02  9.171145e-01 1.502618e-01 -2.025822e-01
2.700000e-03  -1.541659e-02  9.165862e-01 1.514235e-01 -2.031766e-01
2.800000e-03  -1.541659e-02  9.161367e-01 1.516634e-01 -2.037556e-01
2.900000e-03  -1.541659e-02  9.157617e-01 1.511308e-01 -2.043064e-01
3.000000e-03  -1.541659e-02  9.154541e-01 1.500322e-01 -2.048234e-01
3.100000e-03  -1.541659e-02  9.152033e-01 1.486058e-01 -2.053046e-01
3.200000e-03  -1.541659e-02  9.149992e-01 1.470879e-01 -2.057521e-01
3.300000e-03  -1.541659e-02  9.148331e-01 1.456879e-01 -2.061710e-01
3.400000e-03  -1.541659e-02  9.147005e-01 1.445698e-01 -2.065691e-01
3.500000e-03  -1.541659e-02  9.145984e-01 1.438421e-01 -2.069543e-01
3.600000e-03  -1.541659e-02  9.145251e-01 1.435547e-01 -2.073344e-01
3.700000e-03  -1.541659e-02  9.144797e-01 1.437029e-01 -2.077170e-01
3.800000e-03  -1.541659e-02  9.144621e-01 1.442304e-01 -2.081083e-01
3.900000e-03  -1.541659e-02  9.144689e-01 1.450474e-01 -2.085099e-01
4.000000e-03  -1.541659e-02  9.145017e-01 1.460425e-01 -2.089257e-01
4.100000e-03  -1.541659e-02  9.145584e-01 1.470923e-01 -2.093529e-01
4.200000e-03  -1.541659e-02  9.146428e-01 1.480798e-01 -2.097910e-01
4.300000e-03  -1.541659e-02  9.147541e-01 1.489043e-01 -2.102341e-01
4.400000e-03  -1.541659e-02  9.148969e-01 1.494871e-01 -2.106793e-01
4.500000e-03  -1.541659e-02  9.150733e-01 1.497802e-01 -2.111210e-01
4.600000e-03  -1.541659e-02  9.152854e-01 1.497675e-01 -2.115540e-01
4.700000e-03  -1.541659e-02  9.155337e-01 1.494620e-01 -2.119735e-01
4.800000e-03  -1.541659e-02  9.158173e-01 1.489011e-01 -2.123758e-01
4.900000e-03  -1.541659e-02  9.161356e-01 1.481407e-01 -2.127591e-01
5.000000e-03  -1.541659e-02  9.164860e-01 1.472465e-01 -2.131223e-01
5.100000e-03  -1.541659e-02  9.168656e-01 1.462860e-01 -2.134642e-01
5.200000e-03  -1.541659e-02  9.172735e-01 1.453227e-01 -2.137869e-01
5.300000e-03  -1.541659e-02  9.177090e-01 1.444066e-01 -2.140924e-01
5.400000e-03  -1.541659e-02  9.181701e-01 1.435731e-01 -2.143817e-01
5.500000e-03  -1.541659e-02  9.186564e-01 1.428429e-01 -2.146575e-01
5.600000e-03  -1.541659e-02  9.191677e-01 1.422154e-01 -2.149216e-01
5.700000e-03  -1.541659e-02  9.197022e-01 1.416802e-01 -2.151758e-01
5.800000e-03  -1.541659e-02  9.202585e-01 1.412097e-01 -2.154204e-01
5.900000e-03  -1.541659e-02  9.208360e-01 1.407723e-01 -2.156572e-01
6.000000e-03  -1.541659e-02  9.214317e-01 1.403325e-01 -2.158853e-01
6.100000e-03  -1.541659e-02  9.220429e-01 1.398536e-01 -2.161031e-01
6.200000e-03  -1.541659e-02  9.226685e-01 1.393050e-01 -2.163109e-01
6.300000e-03  -1.541659e-02  9.233054e-01 1.386652e-01 -2.165069e-01
6.400000e-03  -1.541659e-02  9.239506e-01 1.379207e-01 -2.166893e-01
6.500000e-03  -1.541659e-02  9.246009e-01 1.370696e-01 -2.168563e-01
6.600000e-03  -1.541659e-02  9.252538e-01 1.361190e-01 -2.170073e-01
6.700000e-03  -1.541659e-02  9.259053e-01 1.350867e-01 -2.171414e-01
6.800000e-03  -1.541659e-02  9.265528e-01 1.339962e-01 -2.172583e-01
6.900000e-03  -1.541659e-02  9.271932e-01 1.328749e-01 -2.173578e-01
7.000000e-03  -1.541659e-02  9.278236e-01 1.317508e-01 -2.174406e-01
7.100000e-03  -1.541659e-02  9.284420e-01 1.306511e-01 -2.175085e-01
7.200000e-03  -1.541659e-02  9.290455e-01 1.295977e-01 -2.175616e-01
7.300000e-03  -1.541659e-02  9.296326e-01 1.286079e-01 -2.176009e-01
7.400000e-03  -1.541659e-02  9.302025e-01 1.276910e-01 -2.176287e-01
7.500000e-03  -1.541659e-02  9.307544e-01 1.268500e-01 -2.176459e-01
7.600000e-03  -1.541659e-02  9.312878e-01 1.260810e-01 -2.176538e-01
7.700000e-03  -1.541659e-02  9.318024e-01 1.253743e-01 -2.176533e-01
7.800000e-03  -1.541659e-02  9.322980e-01 1.247165e-01 -2.176447e-01
7.900000e-03  -1.541659e-02  9.327742e-01 1.240925e-01 -2.176282e-01
8.000000e-03  -1.541659e-02  9.332314e-01 1.234876e-01 -2.176038e-01
8.100000e-03  -1.541659e-02  9.336712e-01 1.228861e-01 -2.175731e-01
8.200000e-03  -1.541659e-02  9.340932e-01 1.222753e-01 -2.175347e-01
8.300000e-03  -1.541659e-02  9.344971e-01 1.216479e-01 -2.174873e-01
8.400000e-03  -1.541659e-02  9.348843e-01 1.210009e-01 -2.174318e-01
8.500000e-03  -1.541659e-02  9.352555e-01 1.203328e-01 -2.173678e-01
8.600000e-03  -1.541659e-02  9.356097e-01 1.196486e-01 -2.172944e-01
8.700000e-03  -1.541659e-02  9.359473e-01 1.189565e-01 -2.172117e-01
8.800000e-03  -1.541659e-02  9.362687e-01 1.182664e-01 -2.171199e-01
8.900000e-03  -1.541659e-02  9.365743e-01 1.175886e-01 -2.170196e-01
9.000000e-03  -1.541659e-02  9.368632e-01 1.169339e-01 -2.169113e-01
9.100000e-03  -1.541659e-02  9.371350e-01 1.163126e-01 -2.167952e-01
9.200000e-03  -1.541659e-02  9.373896e-01 1.157328e-01 -2.166718e-01
9.300000e-03  -1.541659e-02  9.376276e-01 1.152012e-01 -2.165427e-01
9.400000e-03  -1.541659e-02  9.378485e-01 1.147193e-01 -2.164090e-01
9.500000e-03  -1.541659e-02  9.380521e-01 1.142875e-01 -2.162710e-01
9.600000e-03  -1.541659e-02  9.382385e-01 1.139040e-01 -2.161294e-01
9.700000e-03  -1.541659e-02  9.384074e-01 1.135648e-01 -2.159847e-01
9.800000e-03  -1.541659e-02  9.385592e-01 1.132654e-01 -2.158379e-01
9.900000e-03  -1.541659e-02  9.386945e-01 1.129993e-01 -2.156899e-01
1.000000e-02  -1.541659e-02  9.388138e-01 1.127611e-01 -2.155410e-01
1.010000e-02  -1.541659e-02  9.389171e-01 1.125453e-01 -2.153913e-01
1.020000e-02  -1.541659e-02  9.390050e-01 1.123478e-01 -2.152413e-01
1.030000e-02  -1.541659e-02  9.390778e-01 1.121664e-01 -2.150909e-01
1.040000e-02  -1.541659e-02  9.391361e-01 1.120000e-01 -2.149405e-01
1.050000e-02  -1.541659e-02  9.391804e-01 1.118489e-01 -2.147901e-01
1.060000e-02  -1.541659e-02  9.392112e-01 1.117147e-01 -2.146400e-01
1.070000e-02  -1.541659e-02  9.392293e-01 1.115998e-01 -2.144907e-01
1.080000e-02  -1.541659e-02  9.392349e-01 1.115065e-01 -2.143428e-01
1.090000e-02  -1.541659e-02  9.392283e-01 1.114389e-01 -2.141962e-01
1.100000e-02  -1.541659e-02  9.392100e-01 1.113987e-01 -2.140514e-01
1.110000e-02  -1.541659e-02  9.391805e-01 1.113876e-01 -2.139085e-01
1.120000e-02  -1.541659e-02  9.391408e-01 1.114066e-01 -2.137685e-01
1.130000e-02  -1.541659e-02  9.390911e-01 1.114558e-01 -2.136320e-01
1.140000e-02  -1.541659e-02  9.390315e-01 1.115337e-01 -2.134989e-01
1.150000e-02  -1.541659e-02  9.389629e-01 1.116384e-01 -2.133694e-01
1.160000e-02  -1.541659e-02  9.388857e-01 1.117674e-01 -2.132441e-01
1.170000e-02  -1.541659e-02  9.388004e-01 1.119167e-01 -2.131232e-01
1.180000e-02  -1.541659e-02  9.387074e-01 1.120833e-01 -2.130064e-01
1.190000e-02  -1.541659e-02  9.386073e-01 1.122631e-01 -2.128938e-01
1.200000e-02  -1.541659e-02  9.385009e-01 1.124534e-01 -2.127861e-01
1.210000e-02  -1.541659e-02  9.383886e-01 1.126517e-01 -2.126834e-01
1.220000e-02  -1.541659e-02  9.382713e-01 1.128562e-01 -2.125856e-01
1.230000e-02  -1.541659e-02  9.381491e-01 1.130660e-01 -2.124924e-01
1.240000e-02  -1.541659e-02  9.380224e-01 1.132804e-01 -2.124036e-01
1.250000e-02  -1.541659e-02  9.378915e-01 1.134991e-01 -2.123193e-01
1.260000e-02  -1.541659e-02  9.377572e-01 1.137225e-01 -2.122397e-01
1.270000e-02  -1.541659e-02  9.376202e-01 1.139516e-01 -2.121649e-01
1.280000e-02  -1.541659e-02  9.374805e-01 1.141876e-01 -2.120948e-01
1.290000e-02  -1.541659e-02  9.373381e-01 1.144309e-01 -2.120289e-01
1.300000e-02  -1.541659e-02  9.371933e-01 1.146812e-01 -2.119674e-01
1.310000e-02  -1.541659e-02  9.370474e-01 1.149386e-01 -2.119109e-01
1.320000e-02  -1.541659e-02  9.369003e-01 1.152033e-01 -2.118599e-01
1.330000e-02  -1.541659e-02  9.367523e-01 1.154742e-01 -2.118138e-01
1.340000e-02  -1.541659e-02  9.366038e-01 1.157504e-01 -2.117726e-01
1.350000e-02  -1.541659e-02  9.364546e-01 1.160306e-01 -2.117357e-01
1.360000e-02  -1.541659e-02  9.363052e-01 1.163125e-01 -2.117039e-01
1.370000e-02  -1.541659e-02  9.361562e-01 1.165949e-01 -2.116771e-01
1.380000e-02  -1.541659e-02  9.360077e-01 1.168759e-01 -2.116548e-01
1.390000e-02  -1.541659e-02  9.358603e-01 1.171542e-01 -2.116371e-01
1.400000e-02  -1.541659e-02  9.357142e-01 1.174281e-01 -2.116234e-01
1.410000e-02  -1.541659e-02  9.355699e-01 1.176973e-01 -2.116143e-01
1.420000e-02  -1.541659e-02  9.354272e-01 1.179610e-01 -2.116090e-01
1.430000e-02  -1.541659e-02  9.352868e-01 1.182187e-01 -2.116076e-01
1.440000e-02  -1.541659e-02  9.351488e-01 1.184702e-01 -2.116099e-01
1.450000e-02  -1.541659e-02  9.350134e-01 1.187159e-01 -2.116154e-01
1.460000e-02  -1.541659e-02  9.348816e-01 1.189557e-01 -2.116247e-01
1.470000e-02  -1.541659e-02  9.347528e-01 1.191898e-01 -2.116373e-01
1.480000e-02  -1.541659e-02  9.346272e-01 1.194187e-01 -2.116526e-01
1.490000e-02  -1.541659e-02  9.345056e-01 1.196416e-01 -2.116712e-01
1.500000e-02  -1.541659e-02  9.343875e-01 1.198593e-01 -2.116926e-01
1.510000e-02  -1.541659e-02  9.342735e-01 1.200713e-01 -2.117169e-01
1.520000e-02  -1.541659e-02  9.341636e-01 1.202773e-01 -2.117439e-01
1.530000e-02  -1.541659e-02  9.340580e-01 1.204767e-01 -2.117733e-01
1.540000e-02  -1.541659e-02  9.339568e-01 1.206690e-01 -2.118050e-01
1.550000e-02  -1.541659e-02  9.338601e-01 1.208536e-01 -2.118389e-01
1.560000e-02  -1.541659e-02  9.337681e-01 1.210300e-01 -2.118748e-01
1.570000e-02  -1.541659e-02  9.336808e-01 1.211971e-01 -2.119124e-01
1.580000e-02  -1.541659e-02  9.335982e-01 1.213562e-01 -2.119512e-01
1.590000e-02  -1.541659e-02  9.335208e-01 1.215056e-01 -2.119920e-01
1.600000e-02  -1.541659e-02  9.334486e-01 1.216451e-01 -2.120340e-01
1.610000e-02  -1.541659e-02  9.333815e-01 1.217745e-01 -2.120774e-01
1.620000e-02  -1.541659e-02  9.333190e-01 1.218945e-01 -2.121216e-01
1.630000e-02  -1.541659e-02  9.332614e-01 1.220056e-01 -2.121665e-01
1.640000e-02  -1.541659e-02  9.332096e-01 1.221077e-01 -2.122128e-01
1.650000e-02  -1.541659e-02  9.331624e-01 1.222004e-01 -2.122597e-01
1.660000e-02  -1.541659e-02  9.331198e-01 1.222846e-01 -2.123068e-01
1.670000e-02  -1.541659e-02  9.330820e-01 1.223614e-01 -2.123540e-01
1.680000e-02  -1.541659e-02  9.330496e-01 1.224306e-01 -2.124019e-01
1.690000e-02  -1.541659e-02  9.330221e-01 1.224910e-01 -2.124497e-01
1.700000e-02  -1.541659e-02  9.329979e-01 1.225453e-01 -2.124966e-01
1.710000e-02  -1.541659e-02  9.329797e-01 1.225924e-01 -2.125450e-01
1.720000e-02  -1.541659e-02  9.329653e-01 1.226313e-01 -2.125928e-01
1.730000e-02  -1.541659e-02  9.329548e-01 1.226642e-01 -2.126398e-01
1.740000e-02  -1.541659e-02  9.329499e-01 1.226896e-01 -2.126874e-01
1.750000e-02  -1.541659e-02  9.329476e-01 1.227072e-01 -2.127334e-01
1.760000e-02  -1.541659e-02  9.329505e-01 1.227198e-01 -2.127795e-01
1.770000e-02  -1.541659e-02  9.329567e-01 1.227233e-01 -2.128247e-01
1.780000e-02  -1.541659e-02  9.329670e-01 1.227214e-01 -2.128701e-01
1.790000e-02  -1.541659e-02  9.329802e-01 1.227119e-01 -2.129144e-01
1.800000e-02  -1.541659e-02  9.329979e-01 1.226965e-01 -2.129585e-01
1.810000e-02  -1.541659e-02  9.330174e-01 1.226744e-01 -2.130003e-01
1.820000e-02  -1.541659e-02  9.330418e-01 1.226460e-01 -2.130421e-01
1.830000e-02  -1.541659e-02  9.330682e-01 1.226133e-01 -2.130827e-01
1.840000e-02  -1.541659e-02  9.330972e-01 1.225739e-01 -2.131220e-01
1.850000e-02  -1.541659e-02  9.331301e-01 1.225300e-01 -2.131609e-01
1.860000e-02  -1.541659e-02  9.331647e-01 1.224824e-01 -2.131976e-01
1.870000e-02  -1.541659e-02  9.332015e-01 1.224296e-01 -2.132334e-01
1.880000e-02  -1.541659e-02  9.332404e-01 1.223723e-01 -2.132680e-01
1.890000e-02  -1.541659e-02  9.332823e-01 1.223113e-01 -2.133016e-01
1.900000e-02  -1.541659e-02  9.333258e-01 1.222479e-01 -2.133334e-01
1.910000e-02  -1.541659e-02  9.333708e-01 1.221808e-01 -2.133642e-01
1.920000e-02  -1.541659e-02  9.334173e-01 1.221107e-01 -2.133935e-01
1.930000e-02  -1.541659e-02  9.334650e-01 1.220373e-01 -2.134211e-01
1.940000e-02  -1.541659e-02  9.335142e-01 1.219607e-01 -2.134471e-01
1.950000e-02  -1.541659e-02  9.335653e-01 1.218822e-01 -2.134722e-01
1.960000e-02  -1.541659e-02  9.336168e-01 1.218013e-01 -2.134959e-01
1.970000e-02  -1.541659e-02  9.336693e-01 1.217181e-01 -2.135182e-01
1.980000e-02  -1.541659e-02  9.337226e-01 1.216329e-01 -2.135390e-01
1.990000e-02  -1.541659e-02  9.337760e-01 1.215457e-01 -2.135580e-01
2.000000e-02  -1.541659e-02  9.338306e-01 1.214576e-01 -2.135759e-01
2.010000e-02  -1.541659e-02  9.338851e-01 1.213679e-01 -2.135924e-01
2.020000e-02  -1.541659e-02  9.339397e-01 1.212771e-01 -2.136072e-01
2.030000e-02  -1.541659e-02  9.339943e-01 1.211857e-01 -2.136203e-01
2.040000e-02  -1.541659e-02  9.340492e-01 1.210940e-01 -2.136319e-01
2.050000e-02  -1.541659e-02  9.341040e-01 1.210023e-01 -2.136426e-01
2.060000e-02  -1.541659e-02  9.341583e-01 1.209107e-01 -2.136519e-01
2.070000e-02  -1.541659e-02  9.342122e-01 1.208193e-01 -2.136597e-01
2.080000e-02  -1.541659e-02  9.342655e-01 1.207283e-01 -2.136657e-01
2.090000e-02  -1.541659e-02  9.343180e-01 1.206382e-01 -2.136707e-01
2.100000e-02  -1.541659e-02  9.343696e-01 1.205489e-01 -2.136745e-01
2.110000e-02  -1.541659e-02  9.344205e-01 1.204620e-01 -2.136770e-01
2.120000e-02  -1.541659e-02  9.344707e-01 1.203759e-01 -2.136788e-01
2.130000e-02  -1.541659e-02  9.345201e-01 1.202904e-01 -2.136794e-01
2.140000e-02  -1.541659e-02  9.345679e-01 1.202065e-01 -2.136788e-01
2.150000e-02  -1.541659e-02  9.346143e-01 1.201246e-01 -2.136770e-01
2.160000e-02  -1.541659e-02  9.346598e-01 1.200449e-01 -2.136742e-01
2.170000e-02  -1.541659e-02  9.347047e-01 1.199667e-01 -2.136707e-01
2.180000e-02  -1.541659e-02  9.347475e-01 1.198896e-01 -2.136655e-01
2.190000e-02  -1.541659e-02  9.347886e-01 1.198158e-01 -2.136598e-01
2.200000e-02  -1.541659e-02  9.348291e-01 1.197439e-01 -2.136540e-01
2.210000e-02  -1.541659e-02  9.348677e-01 1.196735e-01 -2.136472e-01
2.220000e-02  -1.541659e-02  9.349044e-01 1.196061e-01 -2.136393e-01
2.230000e-02  -1.541659e-02  9.349400e-01 1.195413e-01 -2.136310e-01
2.240000e-02  -1.541659e-02  9.349739e-01 1.194783e-01 -2.136221e-01
2.250000e-02  -1.541659e-02  9.350058e-01 1.194182e-01 -2.136121e-01
2.260000e-02  -1.541659e-02  9.350364e-01 1.193611e-01 -2.136017e-01
2.270000e-02  -1.541659e-02  9.350656e-01 1.193060e-01 -2.135909e-01
2.280000e-02  -1.541659e-02  9.350926e-01 1.192537e-01 -2.135791e-01
2.290000e-02  -1.541659e-02  9.351183e-01 1.192047e-01 -2.135669e-01
2.300000e-02  -1.541659e-02  9.351427e-01 1.191576e-01 -2.135546e-01
2.310000e-02  -1.541659e-02  9.351649e-01 1.191133e-01 -2.135413e-01
2.320000e-02  -1.541659e-02  9.351859e-01 1.190723e-01 -2.135279e-01
2.330000e-02  -1.541659e-02  9.352056e-01 1.190330e-01 -2.135144e-01
2.340000e-02  -1.541659e-02  9.352231e-01 1.189967e-01 -2.135000e-01
2.350000e-02  -1.541659e-02  9.352398e-01 1.189636e-01 -2.134858e-01
2.360000e-02  -1.541659e-02  9.352550e-01 1.189317e-01 -2.134714e-01
2.370000e-02  -1.541659e-02  9.352680e-01 1.189037e-01 -2.134559e-01
2.380000e-02  -1.541659e-02  9.352813e-01 1.188779e-01 -2.134415e-01
2.390000e-02  -1.541659e-02  9.352915e-01 1.188546e-01 -2.134258e-01
2.400000e-02  -1.541659e-02  9.353017e-01 1.188337e-01 -2.134117e-01
2.410000e-02  -1.541659e-02  9.353094e-01 1.188154e-01 -2.133968e-01
2.420000e-02  -1.541659e-02  9.353169e-01 1.187996e-01 -2.133829e-01
2.430000e-02  -1.541659e-02  9.353218e-01 1.187859e-01 -2.133679e-01
2.440000e-02  -1.541659e-02  9.353271e-01 1.187751e-01 -2.133542e-01
2.450000e-02  -1.541659e-02  9.353296e-01 1.187668e-01 -2.133393e-01
2.460000e-02  -1.541659e-02  9.353317e-01 1.187602e-01 -2.133258e-01
2.470000e-02  -1.541659e-02  9.353327e-01 1.187571e-01 -2.133129e-01
2.480000e-02  -1.541659e-02  9.353317e-01 1.187554e-01 -2.132998e-01
2.490000e-02  -1.541659e-02  9.353305e-01 1.187559e-01 -2.132878e-01
2.500000e-02  -1.541659e-02  9.353274e-01 1.187594e-01 -2.132755e-01
2.510000e-02  -1.541659e-02  9.353234e-01 1.187637e-01 -2.132636e-01
2.520000e-02  -1.541659e-02  9.353189e-01 1.187710e-01 -2.132525e-01
2.530000e-02  -1.541659e-02  9.353125e-01 1.187803e-01 -2.132408e-01
2.540000e-02  -1.541659e-02  9.353058e-01 1.187902e-01 -2.132299e-01
2.550000e-02  -1.541659e-02  9.352991e-01 1.188031e-01 -2.132197e-01
2.560000e-02  -1.541659e-02  9.352906e-01 1.188177e-01 -2.132092e-01
2.570000e-02  -1.541659e-02  9.352816e-01 1.188334e-01 -2.132000e-01
2.580000e-02  -1.541659e-02  9.352719e-01 1.188497e-01 -2.131914e-01
2.590000e-02  -1.541659e-02  9.352622e-01 1.188672e-01 -2.131836e-01
2.600000e-02  -1.541659e-02  9.352519e-01 1.188859e-01 -2.131762e-01
2.610000e-02  -1.541659e-02  9.352408e-01 1.189054e-01 -2.131690e-01
2.620000e-02  -1.541659e-02  9.352291e-01 1.189250e-01 -2.131621e-01
2.630000e-02  -1.541659e-02  9.352175e-01 1.189447e-01 -2.131558e-01
2.640000e-02  -1.541659e-02  9.352061e-01 1.189650e-01 -2.131501e-01
2.650000e-02  -1.541659e-02  9.351945e-01 1.189859e-01 -2.131448e-01
2.660000e-02  -1.541659e-02  9.351828e-01 1.190074e-01 -2.131395e-01
2.670000e-02  -1.541659e-02  9.351707e-01 1.190287e-01 -2.131342e-01
2.680000e-02  -1.541659e-02  9.351589e-01 1.190501e-01 -2.131301e-01
2.690000e-02  -1.541659e-02  9.351472e-01 1.190714e-01 -2.131270e-01
2.700000e-02  -1.541659e-02  9.351352e-01 1.190930e-01 -2.131243e-01
2.710000e-02  -1.541659e-02  9.351234e-01 1.191143e-01 -2.131218e-01
2.720000e-02  -1.541659e-02  9.351118e-01 1.191357e-01 -2.131198e-01
2.730000e-02  -1.541659e-02  9.351000e-01 1.191571e-01 -2.131182e-01
2.740000e-02  -1.541659e-02  9.350884e-01 1.191784e-01 -2.131171e-01
2.750000e-02  -1.541659e-02  9.350770e-01 1.191997e-01 -2.131160e-01
2.760000e-02  -1.541659e-02  9.350661e-01 1.192215e-01 -2.131152e-01
2.770000e-02  -1.541659e-02  9.350555e-01 1.192432e-01 -2.131156e-01
2.780000e-02  -1.541659e-02  9.350452e-01 1.192641e-01 -2.131167e-01
2.790000e-02  -1.541659e-02  9.350351e-01 1.192844e-01 -2.131180e-01
2.800000e-02  -1.541659e-02  9.350250e-01 1.193041e-01 -2.131193e-01
2.810000e-02  -1.541659e-02  9.350148e-01 1.193237e-01 -2.131203e-01
2.820000e-02  -1.541659e-02  9.350057e-01 1.193439e-01 -2.131220e-01
2.830000e-02  -1.541659e-02  9.349973e-01 1.193629e-01 -2.131253e-01
2.840000e-02  -1.541659e-02  9.349886e-01 1.193805e-01 -2.131280e-01
2.850000e-02  -1.541659e-02  9.349802e-01 1.193989e-01 -2.131312e-01
2.860000e-02  -1.541659e-02  9.349729e-01 1.194157e-01 -2.131354e-01
2.870000e-02  -1.541659e-02  9.349653e-01 1.194314e-01 -2.131393e-01
2.880000e-02  -1.541659e-02  9.349581e-01 1.194472e-01 -2.131433e-01
2.890000e-02  -1.541659e-02  9.349523e-01 1.194617e-01 -2.131482e-01
2.900000e-02  -1.541659e-02  9.349462e-01 1.194744e-01 -2.131527e-01
2.910000e-02  -1.541659e-02  9.349403e-01 1.194878e-01 -2.131568e-01
2.920000e-02  -1.541659e-02  9.349366e-01 1.194994e-01 -2.131621e-01
2.930000e-02  -1.541659e-02  9.349316e-01 1.195100e-01 -2.131660e-01
2.940000e-02  -1.541659e-02  9.349290e-01 1.195201e-01 -2.131724e-01
2.950000e-02  -1.541659e-02  9.349253e-01 1.195290e-01 -2.131779e-01
2.960000e-02  -1.541659e-02  9.349234e-01 1.195367e-01 -2.131845e-01
2.970000e-02  -1.541659e-02  9.349208e-01 1.195433e-01 -2.131903e-01
2.980000e-02  -1.541659e-02  9.349200e-01 1.195490e-01 -2.131970e-01
2.990000e-02  -1.541659e-02  9.349184e-01 1.195534e-01 -2.132028e-01
3.000000e-02  -1.541659e-02  9.349187e-01 1.195569e-01 -2.132094e-01
3.010000e-02  -1.541659e-02  9.349182e-01 1.195596e-01 -2.132149e-01
3.020000e-02  -1.541659e-02  9.349197e-01 1.195606e-01 -2.132214e-01
3.030000e-02  -1.541659e-02  9.349207e-01 1.195625e-01 -2.132267e-01
3.040000e-02  -1.541659e-02  9.349226e-01 1.195615e-01 -2.132320e-01
3.050000e-02  -2.466654e-02  9.324951e-01 1.368532e-01 -2.133939e-01
3.060000e-02  -2.466654e-02  9.298293e-01 1.525019e-01 -2.138285e-01
3.070000e-02  -2.466654e-02  9.271633e-01 1.652313e-01 -2.144599e-01
3.080000e-02  -2.466654e-02  9.247319e-01 1.742818e-01 -2.152007e-01
3.090000e-02  -2.466654e-02  9.226984e-01 1.794309e-01 -2.159633e-01
3.100000e-02  -2.466654e-02  9.211220e-01 1.809421e-01 -2.166731e-01
3.110000e-02  -2.466654e-02  9.199680e-01 1.794526e-01 -2.172786e-01
3.120000e-02  -2.466654e-02  9.191426e-01 1.758250e-01 -2.177536e-01
3.130000e-02  -2.466654e-02  9.185327e-01 1.709961e-01 -2.180945e-01
3.140000e-02  -2.466654e-02  9.180369e-01 1.658485e-01 -2.183152e-01
3.150000e-02  -2.466654e-02  9.175806e-01 1.611197e-01 -2.184408e-01
3.160000e-02  -2.466654e-02  9.171164e-01 1.573515e-01 -2.185017e-01
3.170000e-02  -2.466654e-02  9.166184e-01 1.548730e-01 -2.185293e-01
3.180000e-02  -2.466654e-02  9.160737e-01 1.538093e-01 -2.185520e-01
3.190000e-02  -2.466654e-02  9.154763e-01 1.541124e-01 -2.185951e-01
3.200000e-02  -2.466654e-02  9.148258e-01 1.555980e-01 -2.186771e-01
3.210000e-02  -2.466654e-02  9.141274e-01 1.579887e-01 -2.188106e-01
3.220000e-02  -2.466654e-02  9.133911e-01 1.609586e-01 -2.190014e-01
3.230000e-02  -2.466654e-02  9.126312e-01 1.641759e-01 -2.192487e-01
3.240000e-02  -2.466654e-02  9.118690e-01 1.673380e-01 -2.195486e-01
3.250000e-02  -2.466654e-02  9.111277e-01 1.701918e-01 -2.198918e-01
3.260000e-02  -2.466654e-02  9.104282e-01 1.725597e-01 -2.202665e-01
3.270000e-02  -2.466654e-02  9.097895e-01 1.743370e-01 -2.206601e-01
3.280000e-02  -2.466654e-02  9.092248e-01 1.754984e-01 -2.210622e-01
3.290000e-02  -2.466654e-02  9.087391e-01 1.760806e-01 -2.214616e-01
3.300000e-02  -2.466654e-02  9.083327e-01 1.761700e-01 -2.218503e-01
3.310000e-02  -2.466654e-02  9.080017e-01 1.758848e-01 -2.222232e-01
3.320000e-02  -2.466654e-02  9.077392e-01 1.753567e-01 -2.225774e-01
3.330000e-02  -2.466654e-02  9.075376e-01 1.747140e-01 -2.229133e-01
3.340000e-02  -2.466654e-02  9.073891e-01 1.740683e-01 -2.232327e-01
3.350000e-02  -2.466654e-02  9.072872e-01 1.735075e-01 -2.235384e-01
3.360000e-02  -2.466654e-02  9.072285e-01 1.730894e-01 -2.238342e-01
3.370000e-02  -2.466654e-02  9.072110e-01 1.728394e-01 -2.241231e-01
3.380000e-02  -2.466654e-02  9.072332e-01 1.727589e-01 -2.244081e-01
3.390000e-02  -2.466654e-02  9.072965e-01 1.728220e-01 -2.246919e-01
3.400000e-02  -2.466654e-02  9.074022e-01 1.729903e-01 -2.249765e-01
3.410000e-02  -2.466654e-02  9.075521e-01 1.732117e-01 -2.252614e-01
3.420000e-02  -2.466654e-02  9.077495e-01 1.734326e-01 -2.255476e-01
3.430000e-02  -2.466654e-02  9.079966e-01 1.736025e-01 -2.258339e-01
3.440000e-02  -2.466654e-02  9.082949e-01 1.736780e-01 -2.261182e-01
3.450000e-02  -2.466654e-02  9.086451e-01 1.736266e-01 -2.263986e-01
3.460000e-02  -2.466654e-02  9.090469e-01 1.734289e-01 -2.266727e-01
3.470000e-02  -2.466654e-02  9.094979e-01 1.730801e-01 -2.269382e-01
3.480000e-02  -2.466654e-02  9.099955e-01 1.725854e-01 -2.271942e-01
3.490000e-02  -2.466654e-02  9.105349e-01 1.719614e-01 -2.274389e-01
3.500000e-02  -2.466654e-02  9.111103e-01 1.712318e-01 -2.276706e-01
3.510000e-02  -2.466654e-02  9.117154e-01 1.704260e-01 -2.278893e-01
3.520000e-02  -2.466654e-02  9.123450e-01 1.695717e-01 -2.280955e-01
3.530000e-02  -2.466654e-02  9.129918e-01 1.686972e-01 -2.282886e-01
3.540000e-02  -2.466654e-02  9.136525e-01 1.678256e-01 -2.284706e-01
3.550000e-02  -2.466654e-02  9.143203e-01 1.669754e-01 -2.286403e-01
3.560000e-02  -2.466654e-02  9.149939e-01 1.661560e-01 -2.288005e-01
3.570000e-02  -2.466654e-02  9.156699e-01 1.653749e-01 -2.289526e-01
3.580000e-02  -2.466654e-02  9.163458e-01 1.646298e-01 -2.290961e-01
3.590000e-02  -2.466654e-02  9.170213e-01 1.639142e-01 -2.292322e-01
3.600000e-02  -2.466654e-02  9.176960e-01 1.632191e-01 -2.293604e-01
3.610000e-02  -2.466654e-02  9.183703e-01 1.625323e-01 -2.294814e-01
3.620000e-02  -2.466654e-02  9.190436e-01 1.618427e-01 -2.295946e-01
3.630000e-02  -2.466654e-02  9.197164e-01 1.611385e-01 -2.296990e-01
3.640000e-02  -2.466654e-02  9.203884e-01 1.604114e-01 -2.297944e-01
3.650000e-02  -2.466654e-02  9.210592e-01 1.596552e-01 -2.298800e-01
3.660000e-02  -2.466654e-02  9.217284e-01 1.588670e-01 -2.299553e-01
3.670000e-02  -2.466654e-02  9.223947e-01 1.580466e-01 -2.300197e-01
3.680000e-02  -2.466654e-02  9.230565e-01 1.571970e-01 -2.300723e-01
3.690000e-02  -2.466654e-02  9.237115e-01 1.563243e-01 -2.301124e-01
3.700000e-02  -2.466654e-02  9.243574e-01 1.554367e-01 -2.301400e-01
3.710000e-02  -2.466654e-02  9.249926e-01 1.545426e-01 -2.301559e-01
3.720000e-02  -2.466654e-02  9.256147e-01 1.536498e-01 -2.301600e-01
3.730000e-02  -2.466654e-02  9.262204e-01 1.527672e-01 -2.301515e-01
3.740000e-02  -2.466654e-02  9.268077e-01 1.519036e-01 -2.301312e-01
3.750000e-02  -2.466654e-02  9.273758e-01 1.510648e-01 -2.301009e-01
3.760000e-02  -2.466654e-02  9.279217e-01 1.502540e-01 -2.300601e-01
3.770000e-02  -2.466654e-02  9.284440e-01 1.494769e-01 -2.300089e-01
3.780000e-02  -2.466654e-02  9.289425e-01 1.487339e-01 -2.299493e-01
3.790000e-02  -2.466654e-02  9.294155e-01 1.480255e-01 -2.298801e-01
3.800000e-02  -2.466654e-02  9.298625e-01 1.473524e-01 -2.298025e-01
3.810000e-02  -2.466654e-02  9.302837e-01 1.467135e-01 -2.297171e-01
3.820000e-02  -2.466654e-02  9.306793e-01 1.461067e-01 -2.296242e-01
3.830000e-02  -2.466654e-02  9.310480e-01 1.455312e-01 -2.295237e-01
3.840000e-02  -2.466654e-02  9.313907e-01 1.449866e-01 -2.294161e-01
3.850000e-02  -2.466654e-02  9.317082e-01 1.444721e-01 -2.293027e-01
3.860000e-02  -2.466654e-02  9.320003e-01 1.439868e-01 -2.291833e-01
3.870000e-02  -2.466654e-02  9.322673e-01 1.435302e-01 -2.290578e-01
3.880000e-02  -2.466654e-02  9.325095e-01 1.431042e-01 -2.289269e-01
3.890000e-02  -2.466654e-02  9.327273e-01 1.427091e-01 -2.287911e-01
3.900000e-02  -2.466654e-02  9.329212e-01 1.423463e-01 -2.286505e-01
3.910000e-02  -2.466654e-02  9.330913e-01 1.420171e-01 -2.285060e-01
3.920000e-02  -2.466654e-02  9.332382e-01 1.417219e-01 -2.283584e-01
3.930000e-02  -2.466654e-02  9.333619e-01 1.414630e-01 -2.282076e-01
3.940000e-02  -2.466654e-02  9.334631e-01 1.412403e-01 -2.280551e-01
3.950000e-02  -2.466654e-02  9.335420e-01 1.410549e-01 -2.279008e-01
3.960000e-02  -2.466654e-02  9.335986e-01 1.409065e-01 -2.277448e-01
3.970000e-02  -2.466654e-02  9.336337e-01 1.407951e-01 -2.275888e-01
3.980000e-02  -2.466654e-02  9.336479e-01 1.407198e-01 -2.274332e-01
3.990000e-02  -2.466654e-02  9.336421e-01 1.406808e-01 -2.272787e-01
4.000000e-02  -2.466654e-02  9.336157e-01 1.406772e-01 -2.271243e-01
4.010000e-02  -2.466654e-02  9.335696e-01 1.407065e-01 -2.269719e-01
4.020000e-02  -2.466654e-02  9.335061e-01 1.407685e-01 -2.268229e-01
4.030000e-02  -2.466654e-02  9.334236e-01 1.408619e-01 -2.266757e-01
4.040000e-02  -2.466654e-02  9.333246e-01 1.409836e-01 -2.265321e-01
4.050000e-02  -2.466654e-02  9.332089e-01 1.411345e-01 -2.263920e-01
4.060000e-02  -2.466654e-02  9.330773e-01 1.413109e-01 -2.262558e-01
4.070000e-02  -2.466654e-02  9.329314e-01 1.415127e-01 -2.261247e-01
4.080000e-02  -2.466654e-02  9.327708e-01 1.417377e-01 -2.259974e-01
4.090000e-02  -2.466654e-02  9.325981e-01 1.419852e-01 -2.258757e-01
4.100000e-02  -2.466654e-02  9.324121e-01 1.422523e-01 -2.257577e-01
4.110000e-02  -2.466654e-02  9.322159e-01 1.425395e-01 -2.256466e-01
4.120000e-02  -2.466654e-02  9.320081e-01 1.428439e-01 -2.255402e-01
4.130000e-02  -2.466654e-02  9.317918e-01 1.431648e-01 -2.254402e-01
4.140000e-02  -2.466654e-02  9.315660e-01 1.434997e-01 -2.253457e-01
4.150000e-02  -2.466654e-02  9.313328e-01 1.438488e-01 -2.252576e-01
4.160000e-02  -2.466654e-02  9.310930e-01 1.442079e-01 -2.251757e-01
4.170000e-02  -2.466654e-02  9.308459e-01 1.445788e-01 -2.250988e-01
4.180000e-02  -2.466654e-02  9.305948e-01 1.449567e-01 -2.250299e-01
4.190000e-02  -2.466654e-02  9.303384e-01 1.453424e-01 -2.249666e-01
4.200000e-02  -2.466654e-02  9.300792e-01 1.457333e-01 -2.249104e-01
4.210000e-02  -2.466654e-02  9.298165e-01 1.461275e-01 -2.248591e-01
4.220000e-02  -2.466654e-02  9.295525e-01 1.465252e-01 -2.248149e-01
4.230000e-02  -2.466654e-02  9.292870e-01 1.469231e-01 -2.247767e-01
4.240000e-02  -2.466654e-02  9.290210e-01 1.473219e-01 -2.247446e-01
4.250000e-02  -2.466654e-02  9.287558e-01 1.477185e-01 -2.247189e-01
4.260000e-02  -2.466654e-02  9.284911e-01 1.481128e-01 -2.246984e-01
4.270000e-02  -2.466654e-02  9.282288e-01 1.485039e-01 -2.246841e-01
4.280000e-02  -2.466654e-02  9.279689e-01 1.488895e-01 -2.246752e-01
4.290000e-02  -2.466654e-02  9.277120e-01 1.492703e-01 -2.246714e-01
4.300000e-02  -2.466654e-02  9.274596e-01 1.496443e-01 -2.246734e-01
4.310000e-02  -2.466654e-02  9.272111e-01 1.500105e-01 -2.246797e-01
4.320000e-02  -2.466654e-02  9.269682e-01 1.503693e-01 -2.246913e-01
4.330000e-02  -2.466654e-02  9.267311e-01 1.507181e-01 -2.247075e-01
4.340000e-02  -2.466654e-02  9.265000e-01 1.510580e-01 -2.247279e-01
4.350000e-02  -2.466654e-02  9.262764e-01 1.513868e-01 -2.247530e-01
4.360000e-02  -2.466654e-02  9.260594e-01 1.517049e-01 -2.247816e-01
4.370000e-02  -2.466654e-02  9.258511e-01 1.520111e-01 -2.248147e-01
4.380000e-02  -2.466654e-02  9.256499e-01 1.523058e-01 -2.248499e-01
4.390000e-02  -2.466654e-02  9.254586e-01 1.525867e-01 -2.248898e-01
4.400000e-02  -2.466654e-02  9.252757e-01 1.528559e-01 -2.249328e-01
4.410000e-02  -2.466654e-02  9.251019e-01 1.531107e-01 -2.249786e-01
4.420000e-02  -2.466654e-02  9.249382e-01 1.533524e-01 -2.250277e-01
4.430000e-02  -2.466654e-02  9.247836e-01 1.535802e-01 -2.250784e-01
4.440000e-02  -2.466654e-02  9.246394e-01 1.537934e-01 -2.251323e-01
4.450000e-02  -2.466654e-02  9.245057e-01 1.539931e-01 -2.251885e-01
4.460000e-02  -2.466654e-02  9.243812e-01 1.541786e-01 -2.252454e-01
4.470000e-02  -2.466654e-02  9.242677e-01 1.543488e-01 -2.253048e-01
4.480000e-02  -2.466654e-02  9.241649e-01 1.545050e-01 -2.253661e-01
4.490000e-02  -2.466654e-02  9.240723e-01 1.546472e-01 -2.254287e-01
4.500000e-02  -2.466654e-02  9.239899e-01 1.547752e-01 -2.254918e-01
4.510000e-02  -2.466654e-02  9.239180e-01 1.548881e-01 -2.255553e-01
4.520000e-02  -2.466654e-02  9.238573e-01 1.549867e-01 -2.256198e-01
4.530000e-02  -2.466654e-02  9.238068e-01 1.550722e-01 -2.256851e-01
4.540000e-02  -2.466654e-02  9.237667e-01 1.551436e-01 -2.257515e-01
4.550000e-02  -2.466654e-02  9.237367e-01 1.552011e-01 -2.258181e-01
4.560000e-02  -2.466654e-02  9.237168e-01 1.552446e-01 -2.258846e-01
4.570000e-02  -2.466654e-02  9.237069e-01 1.552745e-01 -2.259507e-01
4.580000e-02  -2.466654e-02  9.237064e-01 1.552915e-01 -2.260157e-01
4.590000e-02  -2.466654e-02  9.237154e-01 1.552953e-01 -2.260809e-01
4.600000e-02  -2.466654e-02  9.237336e-01 1.552864e-01 -2.261456e-01
4.610000e-02  -2.466654e-02  9.237607e-01 1.552651e-01 -2.262093e-01
4.620000e-02  -2.466654e-02  9.237971e-01 1.552320e-01 -2.262719e-01
4.630000e-02  -2.466654e-02  9.238419e-01 1.551869e-01 -2.263340e-01
4.640000e-02  -2.466654e-02  9.238945e-01 1.551302e-01 -2.263948e-01
4.650000e-02  -2.466654e-02  9.239545e-01 1.550627e-01 -2.264537e-01
4.660000e-02  -2.466654e-02  9.240219e-01 1.549860e-01 -2.265110e-01
4.670000e-02  -2.466654e-02  9.240972e-01 1.548986e-01 -2.265677e-01
4.680000e-02  -2.466654e-02  9.241782e-01 1.548013e-01 -2.266222e-01
4.690000e-02  -2.466654e-02  9.242655e-01 1.546958e-01 -2.266751e-01
4.700000e-02  -2.466654e-02  9.243591e-01 1.545816e-01 -2.267267e-01
4.710000e-02  -2.466654e-02  9.244577e-01 1.544586e-01 -2.267752e-01
4.720000e-02  -2.466654e-02  9.245613e-01 1.543290e-01 -2.268221e-01
4.730000e-02  -2.466654e-02  9.246699e-01 1.541916e-01 -2.268673e-01
4.740000e-02  -2.466654e-02  9.247818e-01 1.540481e-01 -2.269095e-01
4.750000e-02  -2.466654e-02  9.248987e-01 1.538985e-01 -2.269501e-01
4.760000e-02  -2.466654e-02  9.250179e-01 1.537432e-01 -2.269876e-01
4.770000e-02  -2.466654e-02  9.251408e-01 1.535838e-01 -2.270238e-01
4.780000e-02  -2.466654e-02  9.252656e-01 1.534188e-01 -2.270567e-01
4.790000e-02  -2.466654e-02  9.253929e-01 1.532515e-01 -2.270878e-01
4.800000e-02  -2.466654e-02  9.255217e-01 1.530792e-01 -2.271161e-01
4.810000e-02  -2.466654e-02  9.256518e-01 1.529058e-01 -2.271422e-01
4.820000e-02  -2.466654e-02  9.257827e-01 1.527286e-01 -2.271656e-01
4.830000e-02  -2.466654e-02  9.259144e-01 1.525511e-01 -2.271870e-01
4.840000e-02  -2.466654e-02  9.260456e-01 1.523713e-01 -2.272053e-01
4.850000e-02  -2.466654e-02  9.261773e-01 1.521915e-01 -2.272221e-01
4.860000e-02  -2.466654e-02  9.263074e-01 1.520113e-01 -2.272355e-01
4.870000e-02  -2.466654e-02  9.264373e-01 1.518311e-01 -2.272473e-01
4.880000e-02  -2.466654e-02  9.265653e-01 1.516525e-01 -2.272562e-01
4.890000e-02  -2.466654e-02  9.266918e-01 1.514741e-01 -2.272629e-01
4.900000e-02  -2.466654e-02  9.268166e-01 1.512985e-01 -2.272676e-01
4.910000e-02  -2.466654e-02  9.269386e-01 1.511246e-01 -2.272694e-01
4.920000e-02  -2.466654e-02  9.270586e-01 1.509531e-01 -2.272695e-01
4.930000e-02  -2.466654e-02  9.271755e-01 1.507853e-01 -2.272671e-01
4.940000e-02  -2.466654e-02  9.272893e-01 1.506201e-01 -2.272624e-01
4.950000e-02  -2.466654e-02  9.274004e-01 1.504590e-01 -2.272561e-01
4.960000e-02  -2.466654e-02  9.275074e-01 1.503022e-01 -2.272472e-01
4.970000e-02  -2.466654e-02  9.276111e-01 1.501490e-01 -2.272366e-01
4.980000e-02  -2.466654e-02  9.277112e-01 1.500012e-01 -2.272243e-01
4.990000e-02  -2.466654e-02  9.278067e-01 1.498581e-01 -2.272095e-01
5.000000e-02  -2.466654e-02  9.278989e-01 1.497197e-01 -2.271937e-01
5.010000e-02  -2.466654e-02  9.279865e-01 1.495880e-01 -2.271760e-01
5.020000e-02  -2.466654e-02  9.280692e-01 1.494609e-01 -2.271559e-01
5.030000e-02  -2.466654e-02  9.281488e-01 1.493399e-01 -2.271355e-01
5.040000e-02  -2.466654e-02  9.282230e-01 1.492265e-01 -2.271130e-01
5.050000e-02  -2.466654e-02  9.282922e-01 1.491188e-01 -2.270897e-01
5.060000e-02  -2.466654e-02  9.283569e-01 1.490172e-01 -2.270657e-01
5.070000e-02  -2.466654e-02  9.284170e-01 1.489228e-01 -2.270413e-01
5.080000e-02  -2.466654e-02  9.284717e-01 1.488355e-01 -2.270155e-01
5.090000e-02  -2.466654e-02  9.285213e-01 1.487545e-01 -2.269885e-01
5.100000e-02  -2.466654e-02  9.285668e-01 1.486803e-01 -2.269612e-01
5.110000e-02  -2.466654e-02  9.286072e-01 1.486144e-01 -2.269335e-01
5.120000e-02  -2.466654e-02  9.286423e-01 1.485554e-01 -2.269050e-01
5.130000e-02  -2.466654e-02  9.286724e-01 1.485032e-01 -2.268760e-01
5.140000e-02  -2.466654e-02  9.286982e-01 1.484575e-01 -2.268467e-01
5.150000e-02  -2.466654e-02  9.287197e-01 1.484193e-01 -2.268177e-01
5.160000e-02  -2.466654e-02  9.287363e-01 1.483885e-01 -2.267886e-01
5.170000e-02  -2.466654e-02  9.287480e-01 1.483636e-01 -2.267590e-01
5.180000e-02  -2.466654e-02  9.287560e-01 1.483446e-01 -2.267300e-01
5.190000e-02  -2.466654e-02  9.287602e-01 1.483325e-01 -2.267014e-01
5.200000e-02  -2.466654e-02  9.287597e-01 1.483271e-01 -2.266722e-01
5.210000e-02  -2.466654e-02  9.287555e-01 1.483264e-01 -2.266428e-01
5.220000e-02  -2.466654e-02  9.287477e-01 1.483316e-01 -2.266148e-01
5.230000e-02  -2.466654e-02  9.287366e-01 1.483419e-01 -2.265878e-01
5.240000e-02  -2.466654e-02  9.287222e-01 1.483577e-01 -2.265616e-01
5.250000e-02  -2.466654e-02  9.287042e-01 1.483791e-01 -2.265357e-01
5.260000e-02  -2.466654e-02  9.286827e-01 1.484053e-01 -2.265095e-01
5.270000e-02  -2.466654e-02  9.286584e-01 1.484355e-01 -2.264846e-01
5.280000e-02  -2.466654e-02  9.286312e-01 1.484701e-01 -2.264611e-01
5.290000e-02  -2.466654e-02  9.286015e-01 1.485090e-01 -2.264388e-01
5.300000e-02  -2.466654e-02  9.285691e-01 1.485519e-01 -2.264174e-01
5.310000e-02  -2.466654e-02  9.285346e-01 1.485991e-01 -2.263964e-01
5.320000e-02  -2.466654e-02  9.284976e-01 1.486499e-01 -2.263767e-01
5.330000e-02  -2.466654e-02  9.284586e-01 1.487040e-01 -2.263582e-01
5.340000e-02  -2.466654e-02  9.284178e-01 1.487612e-01 -2.263406e-01
5.350000e-02  -2.466654e-02  9.283751e-01 1.488211e-01 -2.263237e-01
5.360000e-02  -2.466654e-02  9.283311e-01 1.488832e-01 -2.263076e-01
5.370000e-02  -2.466654e-02  9.282860e-01 1.489473e-01 -2.262923e-01
5.380000e-02  -2.466654e-02  9.282406e-01 1.490132e-01 -2.262791e-01
5.390000e-02  -2.466654e-02  9.281938e-01 1.490807e-01 -2.262673e-01
5.400000e-02  -2.466654e-02  9.281465e-01 1.491492e-01 -2.262568e-01
5.410000e-02  -2.466654e-02  9.280986e-01 1.492184e-01 -2.262474e-01
5.420000e-02  -2.466654e-02  9.280505e-01 1.492881e-01 -2.262392e-01
5.430000e-02  -2.466654e-02  9.280022e-01 1.493580e-01 -2.262320e-01
5.440000e-02  -2.466654e-02  9.279539e-01 1.494279e-01 -2.262259e-01
5.450000e-02  -2.466654e-02  9.279058e-01 1.494977e-01 -2.262208e-01
5.460000e-02  -2.466654e-02  9.278581e-01 1.495672e-01 -2.262167e-01
5.470000e-02  -2.466654e-02  9.278108e-01 1.496363e-01 -2.262134e-01
5.480000e-02  -2.466654e-02  9.277642e-01 1.497050e-01 -2.262110e-01
5.490000e-02  -2.466654e-02  9.277184e-01 1.497732e-01 -2.262092e-01
5.500000e-02  -2.466654e-02  9.276742e-01 1.498406e-01 -2.262097e-01
5.510000e-02  -2.466654e-02  9.276305e-01 1.499067e-01 -2.262115e-01
5.520000e-02  -2.466654e-02  9.275878e-01 1.499710e-01 -2.262143e-01
5.530000e-02  -2.466654e-02  9.275460e-01 1.500340e-01 -2.262171e-01
5.540000e-02  -2.466654e-02  9.275053e-01 1.500957e-01 -2.262213e-01
5.550000e-02  -2.466654e-02  9.274661e-01 1.501560e-01 -2.262264e-01
5.560000e-02  -2.466654e-02  9.274294e-01 1.502133e-01 -2.262334e-01
5.570000e-02  -2.466654e-02  9.273937e-01 1.502680e-01 -2.262409e-01
5.580000e-02  -2.466654e-02  9.273589e-01 1.503213e-01 -2.262482e-01
5.590000e-02  -2.466654e-02  9.273266e-01 1.503724e-01 -2.262573e-01
5.600000e-02  -2.466654e-02  9.272963e-01 1.504201e-01 -2.262673e-01
5.610000e-02  -2.466654e-02  9.272673e-01 1.504646e-01 -2.262767e-01
5.620000e-02  -2.466654e-02  9.272403e-01 1.505085e-01 -2.262870e-01
5.630000e-02  -2.466654e-02  9.272158e-01 1.505485e-01 -2.262989e-01
5.640000e-02  -2.466654e-02  9.271928e-01 1.505852e-01 -2.263106e-01
5.650000e-02  -2.466654e-02  9.271718e-01 1.506200e-01 -2.263224e-01
5.660000e-02  -2.466654e-02  9.271545e-01 1.506513e-01 -2.263354e-01
5.670000e-02  -2.466654e-02  9.271380e-01 1.506786e-01 -2.263472e-01
5.680000e-02  -2.466654e-02  9.271245e-01 1.507042e-01 -2.263611e-01
5.690000e-02  -2.466654e-02  9.271129e-01 1.507252e-01 -2.263748e-01
5.700000e-02  -2.466654e-02  9.271038e-01 1.507441e-01 -2.263891e-01
5.710000e-02  -2.466654e-02  9.270969e-01 1.507581e-01 -2.264035e-01
5.720000e-02  -2.466654e-02  9.270918e-01 1.507708e-01 -2.264175e-01
5.730000e-02  -2.466654e-02  9.270900e-01 1.507781e-01 -2.264319e-01
5.740000e-02  -2.466654e-02  9.270896e-01 1.507849e-01 -2.264465e-01
5.750000e-02  -2.466654e-02  9.270908e-01 1.507865e-01 -2.264611e-01
5.760000e-02  -2.466654e-02  9.270953e-01 1.507861e-01 -2.264767e-01
5.770000e-02  -2.466654e-02  9.271004e-01 1.507834e-01 -2.264912e-01
5.780000e-02  -2.466654e-02  9.271079e-01 1.507767e-01 -2.265062e-01
5.790000e-02  -2.466654e-02  9.271176e-01 1.507683e-01 -2.265218e-01
5.800000e-02  -2.466654e-02  9.271280e-01 1.507576e-01 -2.265359e-01
5.810000e-02  -2.466654e-02  9.271413e-01 1.507430e-01 -2.265506e-01
5.820000e-02  -2.466654e-02  9.271564e-01 1.507269e-01 -2.265655e-01
5.830000e-02  -2.466654e-02  9.271723e-01 1.507091e-01 -2.265789e-01
5.840000e-02  -2.466654e-02  9.271903e-01 1.506874e-01 -2.265916e-01
5.850000e-02  -2.466654e-02  9.272104e-01 1.506638e-01 -2.266052e-01
5.860000e-02  -2.466654e-02  9.272319e-01 1.506385e-01 -2.266190e-01
5.870000e-02  -2.466654e-02  9.272543e-01 1.506112e-01 -2.266319e-01
5.880000e-02  -2.466654e-02  9.272779e-01 1.505808e-01 -2.266441e-01
5.890000e-02  -2.466654e-02  9.273034e-01 1.505477e-01 -2.266562e-01
5.900000e-02  -2.466654e-02  9.273306e-01 1.505131e-01 -2.266682e-01
5.910000e-02  -2.466654e-02  9.273589e-01 1.504772e-01 -2.266795e-01
5.920000e-02  -2.466654e-02  9.273879e-01 1.504397e-01 -2.266896e-01
5.930000e-02  -2.466654e-02  9.274179e-01 1.503999e-01 -2.266990e-01
5.940000e-02  -2.466654e-02  9.274488e-01 1.503590e-01 -2.267091e-01
5.950000e-02  -2.466654e-02  9.274802e-01 1.503167e-01 -2.267187e-01
5.960000e-02  -2.466654e-02  9.275123e-01 1.502733e-01 -2.267276e-01
5.970000e-02  -2.466654e-02  9.275450e-01 1.502290e-01 -2.267358e-01
5.980000e-02  -2.466654e-02  9.275782e-01 1.501840e-01 -2.267434e-01
5.990000e-02  -2.466654e-02  9.276121e-01 1.501387e-01 -2.267503e-01
6.000000e-02  -2.466654e-02  9.276467e-01 1.500923e-01 -2.267574e-01
