# Melting pressure [bars] vs T [K] (Greywall86)
# T he3_pmelt
0.000000e+00 3.441600e+01
1.000000e-04 3.441600e+01
2.000000e-04 3.441600e+01
3.000000e-04 3.441600e+01
4.000000e-04 3.441600e+01
5.000000e-04 3.441600e+01
6.000000e-04 3.441600e+01
7.000000e-04 3.441600e+01
8.000000e-04 3.441600e+01
9.000000e-04 3.439133e+01
1.000000e-03 3.438855e+01
1.100000e-03 3.438554e+01
1.200000e-03 3.438241e+01
1.300000e-03 3.437922e+01
1.400000e-03 3.437597e+01
1.500000e-03 3.437268e+01
1.600000e-03 3.436935e+01
1.700000e-03 3.436598e+01
1.800000e-03 3.436257e+01
1.900000e-03 3.435912e+01
2.000000e-03 3.435563e+01
2.100000e-03 3.435210e+01
2.200000e-03 3.434855e+01
2.300000e-03 3.434496e+01
2.400000e-03 3.434134e+01
2.500000e-03 3.433769e+01
2.600000e-03 3.433401e+01
2.700000e-03 3.433031e+01
2.800000e-03 3.432658e+01
2.900000e-03 3.432283e+01
3.000000e-03 3.431906e+01
3.100000e-03 3.431527e+01
3.200000e-03 3.431146e+01
3.300000e-03 3.430764e+01
3.400000e-03 3.430380e+01
3.500000e-03 3.429994e+01
3.600000e-03 3.429607e+01
3.700000e-03 3.429219e+01
3.800000e-03 3.428830e+01
3.900000e-03 3.428439e+01
4.000000e-03 3.428048e+01
4.100000e-03 3.427655e+01
4.200000e-03 3.427262e+01
4.300000e-03 3.426868e+01
4.400000e-03 3.426472e+01
4.500000e-03 3.426077e+01
4.600000e-03 3.425680e+01
4.700000e-03 3.425283e+01
4.800000e-03 3.424885e+01
4.900000e-03 3.424487e+01
5.000000e-03 3.424088e+01
5.100000e-03 3.423689e+01
5.200000e-03 3.423289e+01
5.300000e-03 3.422889e+01
5.400000e-03 3.422489e+01
5.500000e-03 3.422088e+01
5.600000e-03 3.421687e+01
5.700000e-03 3.421286e+01
5.800000e-03 3.420884e+01
5.900000e-03 3.420482e+01
6.000000e-03 3.420080e+01
6.100000e-03 3.419677e+01
6.200000e-03 3.419275e+01
6.300000e-03 3.418872e+01
6.400000e-03 3.418469e+01
6.500000e-03 3.418066e+01
6.600000e-03 3.417663e+01
6.700000e-03 3.417260e+01
6.800000e-03 3.416857e+01
6.900000e-03 3.416453e+01
7.000000e-03 3.416050e+01
7.100000e-03 3.415646e+01
7.200000e-03 3.415243e+01
7.300000e-03 3.414839e+01
7.400000e-03 3.414436e+01
7.500000e-03 3.414032e+01
7.600000e-03 3.413628e+01
7.700000e-03 3.413225e+01
7.800000e-03 3.412821e+01
7.900000e-03 3.412418e+01
8.000000e-03 3.412014e+01
8.100000e-03 3.411611e+01
8.200000e-03 3.411207e+01
8.300000e-03 3.410804e+01
8.400000e-03 3.410401e+01
8.500000e-03 3.409997e+01
8.600000e-03 3.409594e+01
8.700000e-03 3.409191e+01
8.800000e-03 3.408788e+01
8.900000e-03 3.408385e+01
9.000000e-03 3.407983e+01
9.100000e-03 3.407580e+01
9.200000e-03 3.407177e+01
9.300000e-03 3.406775e+01
9.400000e-03 3.406372e+01
9.500000e-03 3.405970e+01
9.600000e-03 3.405568e+01
9.700000e-03 3.405166e+01
9.800000e-03 3.404764e+01
9.900000e-03 3.404363e+01
1.000000e-02 3.403961e+01
1.010000e-02 3.403560e+01
1.020000e-02 3.403158e+01
1.030000e-02 3.402757e+01
1.040000e-02 3.402356e+01
1.050000e-02 3.401955e+01
1.060000e-02 3.401555e+01
1.070000e-02 3.401154e+01
1.080000e-02 3.400754e+01
1.090000e-02 3.400353e+01
1.100000e-02 3.399953e+01
1.110000e-02 3.399554e+01
1.120000e-02 3.399154e+01
1.130000e-02 3.398754e+01
1.140000e-02 3.398355e+01
1.150000e-02 3.397956e+01
1.160000e-02 3.397557e+01
1.170000e-02 3.397158e+01
1.180000e-02 3.396759e+01
1.190000e-02 3.396361e+01
1.200000e-02 3.395963e+01
1.210000e-02 3.395565e+01
1.220000e-02 3.395167e+01
1.230000e-02 3.394769e+01
1.240000e-02 3.394372e+01
1.250000e-02 3.393974e+01
1.260000e-02 3.393577e+01
1.270000e-02 3.393180e+01
1.280000e-02 3.392784e+01
1.290000e-02 3.392387e+01
1.300000e-02 3.391991e+01
1.310000e-02 3.391595e+01
1.320000e-02 3.391199e+01
1.330000e-02 3.390803e+01
1.340000e-02 3.390408e+01
1.350000e-02 3.390012e+01
1.360000e-02 3.389617e+01
1.370000e-02 3.389222e+01
1.380000e-02 3.388828e+01
1.390000e-02 3.388433e+01
1.400000e-02 3.388039e+01
1.410000e-02 3.387645e+01
1.420000e-02 3.387251e+01
1.430000e-02 3.386858e+01
1.440000e-02 3.386464e+01
1.450000e-02 3.386071e+01
1.460000e-02 3.385678e+01
1.470000e-02 3.385285e+01
1.480000e-02 3.384893e+01
1.490000e-02 3.384501e+01
1.500000e-02 3.384108e+01
1.510000e-02 3.383717e+01
1.520000e-02 3.383325e+01
1.530000e-02 3.382933e+01
1.540000e-02 3.382542e+01
1.550000e-02 3.382151e+01
1.560000e-02 3.381761e+01
1.570000e-02 3.381370e+01
1.580000e-02 3.380980e+01
1.590000e-02 3.380590e+01
1.600000e-02 3.380200e+01
1.610000e-02 3.379810e+01
1.620000e-02 3.379421e+01
1.630000e-02 3.379032e+01
1.640000e-02 3.378643e+01
1.650000e-02 3.378254e+01
1.660000e-02 3.377865e+01
1.670000e-02 3.377477e+01
1.680000e-02 3.377089e+01
1.690000e-02 3.376701e+01
1.700000e-02 3.376314e+01
1.710000e-02 3.375926e+01
1.720000e-02 3.375539e+01
1.730000e-02 3.375152e+01
1.740000e-02 3.374765e+01
1.750000e-02 3.374379e+01
1.760000e-02 3.373993e+01
1.770000e-02 3.373607e+01
1.780000e-02 3.373221e+01
1.790000e-02 3.372836e+01
1.800000e-02 3.372450e+01
1.810000e-02 3.372065e+01
1.820000e-02 3.371680e+01
1.830000e-02 3.371296e+01
1.840000e-02 3.370911e+01
1.850000e-02 3.370527e+01
1.860000e-02 3.370143e+01
1.870000e-02 3.369760e+01
1.880000e-02 3.369376e+01
1.890000e-02 3.368993e+01
1.900000e-02 3.368610e+01
1.910000e-02 3.368227e+01
1.920000e-02 3.367845e+01
1.930000e-02 3.367463e+01
1.940000e-02 3.367081e+01
1.950000e-02 3.366699e+01
1.960000e-02 3.366317e+01
1.970000e-02 3.365936e+01
1.980000e-02 3.365555e+01
1.990000e-02 3.365174e+01
2.000000e-02 3.364793e+01
2.010000e-02 3.364413e+01
2.020000e-02 3.364033e+01
2.030000e-02 3.363653e+01
2.040000e-02 3.363273e+01
2.050000e-02 3.362894e+01
2.060000e-02 3.362515e+01
2.070000e-02 3.362136e+01
2.080000e-02 3.361757e+01
2.090000e-02 3.361379e+01
2.100000e-02 3.361000e+01
2.110000e-02 3.360622e+01
2.120000e-02 3.360245e+01
2.130000e-02 3.359867e+01
2.140000e-02 3.359490e+01
2.150000e-02 3.359113e+01
2.160000e-02 3.358736e+01
2.170000e-02 3.358359e+01
2.180000e-02 3.357983e+01
2.190000e-02 3.357607e+01
2.200000e-02 3.357231e+01
2.210000e-02 3.356855e+01
2.220000e-02 3.356480e+01
2.230000e-02 3.356105e+01
2.240000e-02 3.355730e+01
2.250000e-02 3.355355e+01
2.260000e-02 3.354981e+01
2.270000e-02 3.354607e+01
2.280000e-02 3.354233e+01
2.290000e-02 3.353859e+01
2.300000e-02 3.353485e+01
2.310000e-02 3.353112e+01
2.320000e-02 3.352739e+01
2.330000e-02 3.352366e+01
2.340000e-02 3.351994e+01
2.350000e-02 3.351622e+01
2.360000e-02 3.351250e+01
2.370000e-02 3.350878e+01
2.380000e-02 3.350506e+01
2.390000e-02 3.350135e+01
2.400000e-02 3.349764e+01
2.410000e-02 3.349393e+01
2.420000e-02 3.349022e+01
2.430000e-02 3.348652e+01
2.440000e-02 3.348282e+01
2.450000e-02 3.347912e+01
2.460000e-02 3.347542e+01
2.470000e-02 3.347173e+01
2.480000e-02 3.346804e+01
2.490000e-02 3.346435e+01
2.500000e-02 3.346066e+01
2.510000e-02 3.345697e+01
2.520000e-02 3.345329e+01
2.530000e-02 3.344961e+01
2.540000e-02 3.344594e+01
2.550000e-02 3.344226e+01
2.560000e-02 3.343859e+01
2.570000e-02 3.343492e+01
2.580000e-02 3.343125e+01
2.590000e-02 3.342758e+01
2.600000e-02 3.342392e+01
2.610000e-02 3.342026e+01
2.620000e-02 3.341660e+01
2.630000e-02 3.341294e+01
2.640000e-02 3.340929e+01
2.650000e-02 3.340564e+01
2.660000e-02 3.340199e+01
2.670000e-02 3.339834e+01
2.680000e-02 3.339470e+01
2.690000e-02 3.339106e+01
2.700000e-02 3.338742e+01
2.710000e-02 3.338378e+01
2.720000e-02 3.338015e+01
2.730000e-02 3.337652e+01
2.740000e-02 3.337289e+01
2.750000e-02 3.336926e+01
2.760000e-02 3.336563e+01
2.770000e-02 3.336201e+01
2.780000e-02 3.335839e+01
2.790000e-02 3.335477e+01
2.800000e-02 3.335116e+01
2.810000e-02 3.334754e+01
2.820000e-02 3.334393e+01
2.830000e-02 3.334032e+01
2.840000e-02 3.333672e+01
2.850000e-02 3.333311e+01
2.860000e-02 3.332951e+01
2.870000e-02 3.332591e+01
2.880000e-02 3.332232e+01
2.890000e-02 3.331872e+01
2.900000e-02 3.331513e+01
2.910000e-02 3.331154e+01
2.920000e-02 3.330796e+01
2.930000e-02 3.330437e+01
2.940000e-02 3.330079e+01
2.950000e-02 3.329721e+01
2.960000e-02 3.329363e+01
2.970000e-02 3.329006e+01
2.980000e-02 3.328648e+01
2.990000e-02 3.328291e+01
3.000000e-02 3.327934e+01
3.010000e-02 3.327578e+01
3.020000e-02 3.327221e+01
3.030000e-02 3.326865e+01
3.040000e-02 3.326510e+01
3.050000e-02 3.326154e+01
3.060000e-02 3.325799e+01
3.070000e-02 3.325443e+01
3.080000e-02 3.325088e+01
3.090000e-02 3.324734e+01
3.100000e-02 3.324379e+01
3.110000e-02 3.324025e+01
3.120000e-02 3.323671e+01
3.130000e-02 3.323317e+01
3.140000e-02 3.322964e+01
3.150000e-02 3.322611e+01
3.160000e-02 3.322258e+01
3.170000e-02 3.321905e+01
3.180000e-02 3.321552e+01
3.190000e-02 3.321200e+01
3.200000e-02 3.320848e+01
3.210000e-02 3.320496e+01
3.220000e-02 3.320144e+01
3.230000e-02 3.319793e+01
3.240000e-02 3.319442e+01
3.250000e-02 3.319091e+01
3.260000e-02 3.318740e+01
3.270000e-02 3.318390e+01
3.280000e-02 3.318040e+01
3.290000e-02 3.317690e+01
3.300000e-02 3.317340e+01
3.310000e-02 3.316990e+01
3.320000e-02 3.316641e+01
3.330000e-02 3.316292e+01
3.340000e-02 3.315943e+01
3.350000e-02 3.315595e+01
3.360000e-02 3.315247e+01
3.370000e-02 3.314898e+01
3.380000e-02 3.314551e+01
3.390000e-02 3.314203e+01
3.400000e-02 3.313856e+01
3.410000e-02 3.313508e+01
3.420000e-02 3.313161e+01
3.430000e-02 3.312815e+01
3.440000e-02 3.312468e+01
3.450000e-02 3.312122e+01
3.460000e-02 3.311776e+01
3.470000e-02 3.311430e+01
3.480000e-02 3.311085e+01
3.490000e-02 3.310740e+01
3.500000e-02 3.310395e+01
3.510000e-02 3.310050e+01
3.520000e-02 3.309705e+01
3.530000e-02 3.309361e+01
3.540000e-02 3.309017e+01
3.550000e-02 3.308673e+01
3.560000e-02 3.308329e+01
3.570000e-02 3.307986e+01
3.580000e-02 3.307642e+01
3.590000e-02 3.307299e+01
3.600000e-02 3.306957e+01
3.610000e-02 3.306614e+01
3.620000e-02 3.306272e+01
3.630000e-02 3.305930e+01
3.640000e-02 3.305588e+01
3.650000e-02 3.305247e+01
3.660000e-02 3.304905e+01
3.670000e-02 3.304564e+01
3.680000e-02 3.304223e+01
3.690000e-02 3.303883e+01
3.700000e-02 3.303542e+01
3.710000e-02 3.303202e+01
3.720000e-02 3.302862e+01
3.730000e-02 3.302522e+01
3.740000e-02 3.302183e+01
3.750000e-02 3.301844e+01
3.760000e-02 3.301505e+01
3.770000e-02 3.301166e+01
3.780000e-02 3.300827e+01
3.790000e-02 3.300489e+01
3.800000e-02 3.300151e+01
3.810000e-02 3.299813e+01
3.820000e-02 3.299475e+01
3.830000e-02 3.299138e+01
3.840000e-02 3.298801e+01
3.850000e-02 3.298464e+01
3.860000e-02 3.298127e+01
3.870000e-02 3.297791e+01
3.880000e-02 3.297454e+01
3.890000e-02 3.297118e+01
3.900000e-02 3.296782e+01
3.910000e-02 3.296447e+01
3.920000e-02 3.296112e+01
3.930000e-02 3.295776e+01
3.940000e-02 3.295442e+01
3.950000e-02 3.295107e+01
3.960000e-02 3.294772e+01
3.970000e-02 3.294438e+01
3.980000e-02 3.294104e+01
3.990000e-02 3.293771e+01
4.000000e-02 3.293437e+01
4.010000e-02 3.293104e+01
4.020000e-02 3.292771e+01
4.030000e-02 3.292438e+01
4.040000e-02 3.292105e+01
4.050000e-02 3.291773e+01
4.060000e-02 3.291441e+01
4.070000e-02 3.291109e+01
4.080000e-02 3.290777e+01
4.090000e-02 3.290446e+01
4.100000e-02 3.290114e+01
4.110000e-02 3.289783e+01
4.120000e-02 3.289453e+01
4.130000e-02 3.289122e+01
4.140000e-02 3.288792e+01
4.150000e-02 3.288462e+01
4.160000e-02 3.288132e+01
4.170000e-02 3.287802e+01
4.180000e-02 3.287473e+01
4.190000e-02 3.287143e+01
4.200000e-02 3.286815e+01
4.210000e-02 3.286486e+01
4.220000e-02 3.286157e+01
4.230000e-02 3.285829e+01
4.240000e-02 3.285501e+01
4.250000e-02 3.285173e+01
4.260000e-02 3.284845e+01
4.270000e-02 3.284518e+01
4.280000e-02 3.284191e+01
4.290000e-02 3.283864e+01
4.300000e-02 3.283537e+01
4.310000e-02 3.283211e+01
4.320000e-02 3.282885e+01
4.330000e-02 3.282559e+01
4.340000e-02 3.282233e+01
4.350000e-02 3.281907e+01
4.360000e-02 3.281582e+01
4.370000e-02 3.281257e+01
4.380000e-02 3.280932e+01
4.390000e-02 3.280607e+01
4.400000e-02 3.280283e+01
4.410000e-02 3.279958e+01
4.420000e-02 3.279634e+01
4.430000e-02 3.279311e+01
4.440000e-02 3.278987e+01
4.450000e-02 3.278664e+01
4.460000e-02 3.278341e+01
4.470000e-02 3.278018e+01
4.480000e-02 3.277695e+01
4.490000e-02 3.277373e+01
4.500000e-02 3.277050e+01
4.510000e-02 3.276728e+01
4.520000e-02 3.276407e+01
4.530000e-02 3.276085e+01
4.540000e-02 3.275764e+01
4.550000e-02 3.275443e+01
4.560000e-02 3.275122e+01
4.570000e-02 3.274801e+01
4.580000e-02 3.274481e+01
4.590000e-02 3.274160e+01
4.600000e-02 3.273840e+01
4.610000e-02 3.273521e+01
4.620000e-02 3.273201e+01
4.630000e-02 3.272882e+01
4.640000e-02 3.272563e+01
4.650000e-02 3.272244e+01
4.660000e-02 3.271925e+01
4.670000e-02 3.271607e+01
4.680000e-02 3.271288e+01
4.690000e-02 3.270970e+01
4.700000e-02 3.270653e+01
4.710000e-02 3.270335e+01
4.720000e-02 3.270018e+01
4.730000e-02 3.269701e+01
4.740000e-02 3.269384e+01
4.750000e-02 3.269067e+01
4.760000e-02 3.268751e+01
4.770000e-02 3.268434e+01
4.780000e-02 3.268118e+01
4.790000e-02 3.267803e+01
4.800000e-02 3.267487e+01
4.810000e-02 3.267172e+01
4.820000e-02 3.266856e+01
4.830000e-02 3.266542e+01
4.840000e-02 3.266227e+01
4.850000e-02 3.265912e+01
4.860000e-02 3.265598e+01
4.870000e-02 3.265284e+01
4.880000e-02 3.264970e+01
4.890000e-02 3.264657e+01
4.900000e-02 3.264343e+01
4.910000e-02 3.264030e+01
4.920000e-02 3.263717e+01
4.930000e-02 3.263405e+01
4.940000e-02 3.263092e+01
4.950000e-02 3.262780e+01
4.960000e-02 3.262468e+01
4.970000e-02 3.262156e+01
4.980000e-02 3.261844e+01
4.990000e-02 3.261533e+01
5.000000e-02 3.261222e+01
5.010000e-02 3.260911e+01
5.020000e-02 3.260600e+01
5.030000e-02 3.260289e+01
5.040000e-02 3.259979e+01
5.050000e-02 3.259669e+01
5.060000e-02 3.259359e+01
5.070000e-02 3.259049e+01
5.080000e-02 3.258740e+01
5.090000e-02 3.258431e+01
5.100000e-02 3.258122e+01
5.110000e-02 3.257813e+01
5.120000e-02 3.257504e+01
5.130000e-02 3.257196e+01
5.140000e-02 3.256888e+01
5.150000e-02 3.256580e+01
5.160000e-02 3.256272e+01
5.170000e-02 3.255965e+01
5.180000e-02 3.255657e+01
5.190000e-02 3.255350e+01
5.200000e-02 3.255043e+01
5.210000e-02 3.254737e+01
5.220000e-02 3.254430e+01
5.230000e-02 3.254124e+01
5.240000e-02 3.253818e+01
5.250000e-02 3.253512e+01
5.260000e-02 3.253207e+01
5.270000e-02 3.252901e+01
5.280000e-02 3.252596e+01
5.290000e-02 3.252291e+01
5.300000e-02 3.251987e+01
5.310000e-02 3.251682e+01
5.320000e-02 3.251378e+01
5.330000e-02 3.251074e+01
5.340000e-02 3.250770e+01
5.350000e-02 3.250466e+01
5.360000e-02 3.250163e+01
5.370000e-02 3.249860e+01
5.380000e-02 3.249557e+01
5.390000e-02 3.249254e+01
5.400000e-02 3.248951e+01
5.410000e-02 3.248649e+01
5.420000e-02 3.248347e+01
5.430000e-02 3.248045e+01
5.440000e-02 3.247743e+01
5.450000e-02 3.247442e+01
5.460000e-02 3.247140e+01
5.470000e-02 3.246839e+01
5.480000e-02 3.246538e+01
5.490000e-02 3.246238e+01
5.500000e-02 3.245937e+01
5.510000e-02 3.245637e+01
5.520000e-02 3.245337e+01
5.530000e-02 3.245037e+01
5.540000e-02 3.244738e+01
5.550000e-02 3.244438e+01
5.560000e-02 3.244139e+01
5.570000e-02 3.243840e+01
5.580000e-02 3.243542e+01
5.590000e-02 3.243243e+01
5.600000e-02 3.242945e+01
5.610000e-02 3.242647e+01
5.620000e-02 3.242349e+01
5.630000e-02 3.242051e+01
5.640000e-02 3.241754e+01
5.650000e-02 3.241456e+01
5.660000e-02 3.241159e+01
5.670000e-02 3.240862e+01
5.680000e-02 3.240566e+01
5.690000e-02 3.240269e+01
5.700000e-02 3.239973e+01
5.710000e-02 3.239677e+01
5.720000e-02 3.239381e+01
5.730000e-02 3.239086e+01
5.740000e-02 3.238790e+01
5.750000e-02 3.238495e+01
5.760000e-02 3.238200e+01
5.770000e-02 3.237905e+01
5.780000e-02 3.237611e+01
5.790000e-02 3.237317e+01
5.800000e-02 3.237022e+01
5.810000e-02 3.236729e+01
5.820000e-02 3.236435e+01
5.830000e-02 3.236141e+01
5.840000e-02 3.235848e+01
5.850000e-02 3.235555e+01
5.860000e-02 3.235262e+01
5.870000e-02 3.234970e+01
5.880000e-02 3.234677e+01
5.890000e-02 3.234385e+01
5.900000e-02 3.234093e+01
5.910000e-02 3.233801e+01
5.920000e-02 3.233509e+01
5.930000e-02 3.233218e+01
5.940000e-02 3.232927e+01
5.950000e-02 3.232636e+01
5.960000e-02 3.232345e+01
5.970000e-02 3.232054e+01
5.980000e-02 3.231764e+01
5.990000e-02 3.231474e+01
6.000000e-02 3.231184e+01
6.010000e-02 3.230894e+01
6.020000e-02 3.230605e+01
6.030000e-02 3.230315e+01
6.040000e-02 3.230026e+01
6.050000e-02 3.229737e+01
6.060000e-02 3.229448e+01
6.070000e-02 3.229160e+01
6.080000e-02 3.228872e+01
6.090000e-02 3.228584e+01
6.100000e-02 3.228296e+01
6.110000e-02 3.228008e+01
6.120000e-02 3.227720e+01
6.130000e-02 3.227433e+01
6.140000e-02 3.227146e+01
6.150000e-02 3.226859e+01
6.160000e-02 3.226573e+01
6.170000e-02 3.226286e+01
6.180000e-02 3.226000e+01
6.190000e-02 3.225714e+01
6.200000e-02 3.225428e+01
6.210000e-02 3.225142e+01
6.220000e-02 3.224857e+01
6.230000e-02 3.224572e+01
6.240000e-02 3.224287e+01
6.250000e-02 3.224002e+01
6.260000e-02 3.223717e+01
6.270000e-02 3.223433e+01
6.280000e-02 3.223148e+01
6.290000e-02 3.222864e+01
6.300000e-02 3.222581e+01
6.310000e-02 3.222297e+01
6.320000e-02 3.222014e+01
6.330000e-02 3.221730e+01
6.340000e-02 3.221447e+01
6.350000e-02 3.221165e+01
6.360000e-02 3.220882e+01
6.370000e-02 3.220600e+01
6.380000e-02 3.220317e+01
6.390000e-02 3.220035e+01
6.400000e-02 3.219754e+01
6.410000e-02 3.219472e+01
6.420000e-02 3.219191e+01
6.430000e-02 3.218910e+01
6.440000e-02 3.218629e+01
6.450000e-02 3.218348e+01
6.460000e-02 3.218067e+01
6.470000e-02 3.217787e+01
6.480000e-02 3.217507e+01
6.490000e-02 3.217227e+01
6.500000e-02 3.216947e+01
6.510000e-02 3.216667e+01
6.520000e-02 3.216388e+01
6.530000e-02 3.216109e+01
6.540000e-02 3.215830e+01
6.550000e-02 3.215551e+01
6.560000e-02 3.215273e+01
6.570000e-02 3.214994e+01
6.580000e-02 3.214716e+01
6.590000e-02 3.214438e+01
6.600000e-02 3.214160e+01
6.610000e-02 3.213883e+01
6.620000e-02 3.213605e+01
6.630000e-02 3.213328e+01
6.640000e-02 3.213051e+01
6.650000e-02 3.212775e+01
6.660000e-02 3.212498e+01
6.670000e-02 3.212222e+01
6.680000e-02 3.211945e+01
6.690000e-02 3.211669e+01
6.700000e-02 3.211394e+01
6.710000e-02 3.211118e+01
6.720000e-02 3.210843e+01
6.730000e-02 3.210568e+01
6.740000e-02 3.210293e+01
6.750000e-02 3.210018e+01
6.760000e-02 3.209743e+01
6.770000e-02 3.209469e+01
6.780000e-02 3.209195e+01
6.790000e-02 3.208921e+01
6.800000e-02 3.208647e+01
6.810000e-02 3.208373e+01
6.820000e-02 3.208100e+01
6.830000e-02 3.207827e+01
6.840000e-02 3.207554e+01
6.850000e-02 3.207281e+01
6.860000e-02 3.207008e+01
6.870000e-02 3.206736e+01
6.880000e-02 3.206464e+01
6.890000e-02 3.206192e+01
6.900000e-02 3.205920e+01
6.910000e-02 3.205648e+01
6.920000e-02 3.205377e+01
6.930000e-02 3.205106e+01
6.940000e-02 3.204835e+01
6.950000e-02 3.204564e+01
6.960000e-02 3.204293e+01
6.970000e-02 3.204023e+01
6.980000e-02 3.203752e+01
6.990000e-02 3.203482e+01
7.000000e-02 3.203213e+01
7.010000e-02 3.202943e+01
7.020000e-02 3.202673e+01
7.030000e-02 3.202404e+01
7.040000e-02 3.202135e+01
7.050000e-02 3.201866e+01
7.060000e-02 3.201598e+01
7.070000e-02 3.201329e+01
7.080000e-02 3.201061e+01
7.090000e-02 3.200793e+01
7.100000e-02 3.200525e+01
7.110000e-02 3.200257e+01
7.120000e-02 3.199989e+01
7.130000e-02 3.199722e+01
7.140000e-02 3.199455e+01
7.150000e-02 3.199188e+01
7.160000e-02 3.198921e+01
7.170000e-02 3.198655e+01
7.180000e-02 3.198388e+01
7.190000e-02 3.198122e+01
7.200000e-02 3.197856e+01
7.210000e-02 3.197591e+01
7.220000e-02 3.197325e+01
7.230000e-02 3.197060e+01
7.240000e-02 3.196794e+01
7.250000e-02 3.196529e+01
7.260000e-02 3.196265e+01
7.270000e-02 3.196000e+01
7.280000e-02 3.195735e+01
7.290000e-02 3.195471e+01
7.300000e-02 3.195207e+01
7.310000e-02 3.194943e+01
7.320000e-02 3.194680e+01
7.330000e-02 3.194416e+01
7.340000e-02 3.194153e+01
7.350000e-02 3.193890e+01
7.360000e-02 3.193627e+01
7.370000e-02 3.193364e+01
7.380000e-02 3.193102e+01
7.390000e-02 3.192839e+01
7.400000e-02 3.192577e+01
7.410000e-02 3.192315e+01
7.420000e-02 3.192054e+01
7.430000e-02 3.191792e+01
7.440000e-02 3.191531e+01
7.450000e-02 3.191269e+01
7.460000e-02 3.191008e+01
7.470000e-02 3.190748e+01
7.480000e-02 3.190487e+01
7.490000e-02 3.190227e+01
7.500000e-02 3.189966e+01
7.510000e-02 3.189706e+01
7.520000e-02 3.189447e+01
7.530000e-02 3.189187e+01
7.540000e-02 3.188927e+01
7.550000e-02 3.188668e+01
7.560000e-02 3.188409e+01
7.570000e-02 3.188150e+01
7.580000e-02 3.187891e+01
7.590000e-02 3.187633e+01
7.600000e-02 3.187375e+01
7.610000e-02 3.187116e+01
7.620000e-02 3.186858e+01
7.630000e-02 3.186601e+01
7.640000e-02 3.186343e+01
7.650000e-02 3.186086e+01
7.660000e-02 3.185829e+01
7.670000e-02 3.185571e+01
7.680000e-02 3.185315e+01
7.690000e-02 3.185058e+01
7.700000e-02 3.184802e+01
7.710000e-02 3.184545e+01
7.720000e-02 3.184289e+01
7.730000e-02 3.184033e+01
7.740000e-02 3.183778e+01
7.750000e-02 3.183522e+01
7.760000e-02 3.183267e+01
7.770000e-02 3.183012e+01
7.780000e-02 3.182757e+01
7.790000e-02 3.182502e+01
7.800000e-02 3.182247e+01
7.810000e-02 3.181993e+01
7.820000e-02 3.181739e+01
7.830000e-02 3.181485e+01
7.840000e-02 3.181231e+01
7.850000e-02 3.180977e+01
7.860000e-02 3.180724e+01
7.870000e-02 3.180470e+01
7.880000e-02 3.180217e+01
7.890000e-02 3.179964e+01
7.900000e-02 3.179712e+01
7.910000e-02 3.179459e+01
7.920000e-02 3.179207e+01
7.930000e-02 3.178955e+01
7.940000e-02 3.178703e+01
7.950000e-02 3.178451e+01
7.960000e-02 3.178199e+01
7.970000e-02 3.177948e+01
7.980000e-02 3.177696e+01
7.990000e-02 3.177445e+01
8.000000e-02 3.177195e+01
8.010000e-02 3.176944e+01
8.020000e-02 3.176693e+01
8.030000e-02 3.176443e+01
8.040000e-02 3.176193e+01
8.050000e-02 3.175943e+01
8.060000e-02 3.175693e+01
8.070000e-02 3.175444e+01
8.080000e-02 3.175194e+01
8.090000e-02 3.174945e+01
8.100000e-02 3.174696e+01
8.110000e-02 3.174447e+01
8.120000e-02 3.174198e+01
8.130000e-02 3.173950e+01
8.140000e-02 3.173701e+01
8.150000e-02 3.173453e+01
8.160000e-02 3.173205e+01
8.170000e-02 3.172958e+01
8.180000e-02 3.172710e+01
8.190000e-02 3.172463e+01
8.200000e-02 3.172215e+01
8.210000e-02 3.171968e+01
8.220000e-02 3.171722e+01
8.230000e-02 3.171475e+01
8.240000e-02 3.171228e+01
8.250000e-02 3.170982e+01
8.260000e-02 3.170736e+01
8.270000e-02 3.170490e+01
8.280000e-02 3.170244e+01
8.290000e-02 3.169999e+01
8.300000e-02 3.169753e+01
8.310000e-02 3.169508e+01
8.320000e-02 3.169263e+01
8.330000e-02 3.169018e+01
8.340000e-02 3.168773e+01
8.350000e-02 3.168529e+01
8.360000e-02 3.168285e+01
8.370000e-02 3.168040e+01
8.380000e-02 3.167796e+01
8.390000e-02 3.167553e+01
8.400000e-02 3.167309e+01
8.410000e-02 3.167066e+01
8.420000e-02 3.166822e+01
8.430000e-02 3.166579e+01
8.440000e-02 3.166336e+01
8.450000e-02 3.166094e+01
8.460000e-02 3.165851e+01
8.470000e-02 3.165609e+01
8.480000e-02 3.165367e+01
8.490000e-02 3.165125e+01
8.500000e-02 3.164883e+01
8.510000e-02 3.164641e+01
8.520000e-02 3.164400e+01
8.530000e-02 3.164158e+01
8.540000e-02 3.163917e+01
8.550000e-02 3.163676e+01
8.560000e-02 3.163436e+01
8.570000e-02 3.163195e+01
8.580000e-02 3.162955e+01
8.590000e-02 3.162715e+01
8.600000e-02 3.162474e+01
8.610000e-02 3.162235e+01
8.620000e-02 3.161995e+01
8.630000e-02 3.161755e+01
8.640000e-02 3.161516e+01
8.650000e-02 3.161277e+01
8.660000e-02 3.161038e+01
8.670000e-02 3.160799e+01
8.680000e-02 3.160561e+01
8.690000e-02 3.160322e+01
8.700000e-02 3.160084e+01
8.710000e-02 3.159846e+01
8.720000e-02 3.159608e+01
8.730000e-02 3.159370e+01
8.740000e-02 3.159133e+01
8.750000e-02 3.158895e+01
8.760000e-02 3.158658e+01
8.770000e-02 3.158421e+01
8.780000e-02 3.158184e+01
8.790000e-02 3.157947e+01
8.800000e-02 3.157711e+01
8.810000e-02 3.157475e+01
8.820000e-02 3.157238e+01
8.830000e-02 3.157002e+01
8.840000e-02 3.156767e+01
8.850000e-02 3.156531e+01
8.860000e-02 3.156296e+01
8.870000e-02 3.156060e+01
8.880000e-02 3.155825e+01
8.890000e-02 3.155590e+01
8.900000e-02 3.155355e+01
8.910000e-02 3.155121e+01
8.920000e-02 3.154886e+01
8.930000e-02 3.154652e+01
8.940000e-02 3.154418e+01
8.950000e-02 3.154184e+01
8.960000e-02 3.153951e+01
8.970000e-02 3.153717e+01
8.980000e-02 3.153484e+01
8.990000e-02 3.153250e+01
9.000000e-02 3.153017e+01
9.010000e-02 3.152785e+01
9.020000e-02 3.152552e+01
9.030000e-02 3.152319e+01
9.040000e-02 3.152087e+01
9.050000e-02 3.151855e+01
9.060000e-02 3.151623e+01
9.070000e-02 3.151391e+01
9.080000e-02 3.151159e+01
9.090000e-02 3.150928e+01
9.100000e-02 3.150697e+01
9.110000e-02 3.150466e+01
9.120000e-02 3.150235e+01
9.130000e-02 3.150004e+01
9.140000e-02 3.149773e+01
9.150000e-02 3.149543e+01
9.160000e-02 3.149313e+01
9.170000e-02 3.149082e+01
9.180000e-02 3.148853e+01
9.190000e-02 3.148623e+01
9.200000e-02 3.148393e+01
9.210000e-02 3.148164e+01
9.220000e-02 3.147935e+01
9.230000e-02 3.147705e+01
9.240000e-02 3.147477e+01
9.250000e-02 3.147248e+01
9.260000e-02 3.147019e+01
9.270000e-02 3.146791e+01
9.280000e-02 3.146563e+01
9.290000e-02 3.146335e+01
9.300000e-02 3.146107e+01
9.310000e-02 3.145879e+01
9.320000e-02 3.145652e+01
9.330000e-02 3.145424e+01
9.340000e-02 3.145197e+01
9.350000e-02 3.144970e+01
9.360000e-02 3.144743e+01
9.370000e-02 3.144516e+01
9.380000e-02 3.144290e+01
9.390000e-02 3.144063e+01
9.400000e-02 3.143837e+01
9.410000e-02 3.143611e+01
9.420000e-02 3.143385e+01
9.430000e-02 3.143160e+01
9.440000e-02 3.142934e+01
9.450000e-02 3.142709e+01
9.460000e-02 3.142484e+01
9.470000e-02 3.142259e+01
9.480000e-02 3.142034e+01
9.490000e-02 3.141809e+01
9.500000e-02 3.141585e+01
9.510000e-02 3.141360e+01
9.520000e-02 3.141136e+01
9.530000e-02 3.140912e+01
9.540000e-02 3.140688e+01
9.550000e-02 3.140465e+01
9.560000e-02 3.140241e+01
9.570000e-02 3.140018e+01
9.580000e-02 3.139795e+01
9.590000e-02 3.139572e+01
9.600000e-02 3.139349e+01
9.610000e-02 3.139126e+01
9.620000e-02 3.138904e+01
9.630000e-02 3.138681e+01
9.640000e-02 3.138459e+01
9.650000e-02 3.138237e+01
9.660000e-02 3.138015e+01
9.670000e-02 3.137794e+01
9.680000e-02 3.137572e+01
9.690000e-02 3.137351e+01
9.700000e-02 3.137130e+01
9.710000e-02 3.136909e+01
9.720000e-02 3.136688e+01
9.730000e-02 3.136467e+01
9.740000e-02 3.136247e+01
9.750000e-02 3.136026e+01
9.760000e-02 3.135806e+01
9.770000e-02 3.135586e+01
9.780000e-02 3.135366e+01
9.790000e-02 3.135147e+01
9.800000e-02 3.134927e+01
9.810000e-02 3.134708e+01
9.820000e-02 3.134489e+01
9.830000e-02 3.134270e+01
9.840000e-02 3.134051e+01
9.850000e-02 3.133832e+01
9.860000e-02 3.133613e+01
9.870000e-02 3.133395e+01
9.880000e-02 3.133177e+01
9.890000e-02 3.132959e+01
9.900000e-02 3.132741e+01
9.910000e-02 3.132523e+01
9.920000e-02 3.132306e+01
9.930000e-02 3.132088e+01
9.940000e-02 3.131871e+01
9.950000e-02 3.131654e+01
9.960000e-02 3.131437e+01
9.970000e-02 3.131220e+01
9.980000e-02 3.131004e+01
9.990000e-02 3.130787e+01
1.000000e-01 3.130571e+01
