# Vapor pressure [bar] vs T [K]
# T he3_pvap
1.000000e+00 1.178890e-02
1.010000e+00 1.235446e-02
1.020000e+00 1.293824e-02
1.030000e+00 1.354053e-02
1.040000e+00 1.416161e-02
1.050000e+00 1.480175e-02
1.060000e+00 1.546124e-02
1.070000e+00 1.614037e-02
1.080000e+00 1.683941e-02
1.090000e+00 1.755865e-02
1.100000e+00 1.829835e-02
1.110000e+00 1.905879e-02
1.120000e+00 1.984026e-02
1.130000e+00 2.064303e-02
1.140000e+00 2.146736e-02
1.150000e+00 2.231354e-02
1.160000e+00 2.318184e-02
1.170000e+00 2.407252e-02
1.180000e+00 2.498587e-02
1.190000e+00 2.592214e-02
1.200000e+00 2.688161e-02
1.210000e+00 2.786454e-02
1.220000e+00 2.887121e-02
1.230000e+00 2.990188e-02
1.240000e+00 3.095681e-02
1.250000e+00 3.203628e-02
1.260000e+00 3.314054e-02
1.270000e+00 3.426986e-02
1.280000e+00 3.542450e-02
1.290000e+00 3.660472e-02
1.300000e+00 3.781079e-02
1.310000e+00 3.904296e-02
1.320000e+00 4.030150e-02
1.330000e+00 4.158667e-02
1.340000e+00 4.289872e-02
1.350000e+00 4.423792e-02
1.360000e+00 4.560451e-02
1.370000e+00 4.699876e-02
1.380000e+00 4.842093e-02
1.390000e+00 4.987126e-02
1.400000e+00 5.135002e-02
1.410000e+00 5.285746e-02
1.420000e+00 5.439383e-02
1.430000e+00 5.595939e-02
1.440000e+00 5.755439e-02
1.450000e+00 5.917908e-02
1.460000e+00 6.083372e-02
1.470000e+00 6.251855e-02
1.480000e+00 6.423383e-02
1.490000e+00 6.597981e-02
1.500000e+00 6.775674e-02
1.510000e+00 6.956486e-02
1.520000e+00 7.140443e-02
1.530000e+00 7.327569e-02
1.540000e+00 7.517890e-02
1.550000e+00 7.711429e-02
1.560000e+00 7.908213e-02
1.570000e+00 8.108264e-02
1.580000e+00 8.311609e-02
1.590000e+00 8.518272e-02
1.600000e+00 8.728277e-02
1.610000e+00 8.941649e-02
1.620000e+00 9.158411e-02
1.630000e+00 9.378590e-02
1.640000e+00 9.602209e-02
1.650000e+00 9.829292e-02
1.660000e+00 1.005986e-01
1.670000e+00 1.029395e-01
1.680000e+00 1.053157e-01
1.690000e+00 1.077275e-01
1.700000e+00 1.101752e-01
1.710000e+00 1.126590e-01
1.720000e+00 1.151792e-01
1.730000e+00 1.177359e-01
1.740000e+00 1.203294e-01
1.750000e+00 1.229600e-01
1.760000e+00 1.256279e-01
1.770000e+00 1.283333e-01
1.780000e+00 1.310765e-01
1.790000e+00 1.338578e-01
1.800000e+00 1.366772e-01
1.810000e+00 1.395352e-01
1.820000e+00 1.424319e-01
1.830000e+00 1.453676e-01
1.840000e+00 1.483425e-01
1.850000e+00 1.513569e-01
1.860000e+00 1.544109e-01
1.870000e+00 1.575048e-01
1.880000e+00 1.606389e-01
1.890000e+00 1.638134e-01
1.900000e+00 1.670286e-01
1.910000e+00 1.702845e-01
1.920000e+00 1.735816e-01
1.930000e+00 1.769201e-01
1.940000e+00 1.803001e-01
1.950000e+00 1.837219e-01
1.960000e+00 1.871857e-01
1.970000e+00 1.906919e-01
1.980000e+00 1.942405e-01
1.990000e+00 1.978319e-01
2.000000e+00 2.014663e-01
2.010000e+00 2.051439e-01
2.020000e+00 2.088649e-01
2.030000e+00 2.126296e-01
2.040000e+00 2.164383e-01
2.050000e+00 2.202911e-01
2.060000e+00 2.241883e-01
2.070000e+00 2.281301e-01
2.080000e+00 2.321168e-01
2.090000e+00 2.361485e-01
2.100000e+00 2.402256e-01
2.110000e+00 2.443483e-01
2.120000e+00 2.485167e-01
2.130000e+00 2.527312e-01
2.140000e+00 2.569920e-01
2.150000e+00 2.612992e-01
2.160000e+00 2.656532e-01
2.170000e+00 2.700542e-01
2.180000e+00 2.745023e-01
2.190000e+00 2.789979e-01
2.200000e+00 2.835412e-01
2.210000e+00 2.881324e-01
2.220000e+00 2.927718e-01
2.230000e+00 2.974595e-01
2.240000e+00 3.021959e-01
2.250000e+00 3.069811e-01
2.260000e+00 3.118154e-01
2.270000e+00 3.166991e-01
2.280000e+00 3.216323e-01
2.290000e+00 3.266154e-01
2.300000e+00 3.316485e-01
2.310000e+00 3.367319e-01
2.320000e+00 3.418659e-01
2.330000e+00 3.470506e-01
2.340000e+00 3.522863e-01
2.350000e+00 3.575733e-01
2.360000e+00 3.629118e-01
2.370000e+00 3.683021e-01
2.380000e+00 3.737444e-01
2.390000e+00 3.792388e-01
2.400000e+00 3.847858e-01
2.410000e+00 3.903855e-01
2.420000e+00 3.960382e-01
2.430000e+00 4.017442e-01
2.440000e+00 4.075036e-01
2.450000e+00 4.133167e-01
2.460000e+00 4.191838e-01
2.470000e+00 4.251052e-01
2.480000e+00 4.310810e-01
2.490000e+00 4.371116e-01
2.500000e+00 4.431972e-01
2.510000e+00 4.493380e-01
2.520000e+00 4.555344e-01
2.530000e+00 4.617866e-01
2.540000e+00 4.680947e-01
2.550000e+00 4.744592e-01
2.560000e+00 4.808803e-01
2.570000e+00 4.873582e-01
2.580000e+00 4.938932e-01
2.590000e+00 5.004856e-01
2.600000e+00 5.071356e-01
2.610000e+00 5.138436e-01
2.620000e+00 5.206097e-01
2.630000e+00 5.274343e-01
2.640000e+00 5.343177e-01
2.650000e+00 5.412601e-01
2.660000e+00 5.482618e-01
2.670000e+00 5.553232e-01
2.680000e+00 5.624444e-01
2.690000e+00 5.696258e-01
2.700000e+00 5.768676e-01
2.710000e+00 5.841702e-01
2.720000e+00 5.915339e-01
2.730000e+00 5.989590e-01
2.740000e+00 6.064457e-01
2.750000e+00 6.139944e-01
2.760000e+00 6.216053e-01
2.770000e+00 6.292789e-01
2.780000e+00 6.370154e-01
2.790000e+00 6.448150e-01
2.800000e+00 6.526782e-01
2.810000e+00 6.606053e-01
2.820000e+00 6.685966e-01
2.830000e+00 6.766524e-01
2.840000e+00 6.847730e-01
2.850000e+00 6.929588e-01
2.860000e+00 7.012101e-01
2.870000e+00 7.095273e-01
2.880000e+00 7.179108e-01
2.890000e+00 7.263608e-01
2.900000e+00 7.348777e-01
2.910000e+00 7.434619e-01
2.920000e+00 7.521138e-01
2.930000e+00 7.608336e-01
2.940000e+00 7.696219e-01
2.950000e+00 7.784789e-01
2.960000e+00 7.874051e-01
2.970000e+00 7.964007e-01
2.980000e+00 8.054664e-01
2.990000e+00 8.146023e-01
3.000000e+00 8.238089e-01
3.010000e+00 8.330867e-01
3.020000e+00 8.424360e-01
3.030000e+00 8.518572e-01
3.040000e+00 8.613509e-01
3.050000e+00 8.709173e-01
3.060000e+00 8.805569e-01
3.070000e+00 8.902702e-01
3.080000e+00 9.000576e-01
3.090000e+00 9.099196e-01
3.100000e+00 9.198566e-01
3.110000e+00 9.298691e-01
3.120000e+00 9.399576e-01
3.130000e+00 9.501225e-01
3.140000e+00 9.603642e-01
3.150000e+00 9.706834e-01
3.160000e+00 9.810805e-01
3.170000e+00 9.915560e-01
3.180000e+00 1.002110e+00
3.190000e+00 1.012744e+00
3.200000e+00 1.023458e+00
3.210000e+00 1.034252e+00
3.220000e+00 1.045128e+00
3.230000e+00 1.056085e+00
3.240000e+00 1.067124e+00
3.250000e+00 1.078245e+00
3.260000e+00 1.089450e+00
3.270000e+00 1.100739e+00
3.280000e+00 1.112113e+00
3.290000e+00 1.123571e+00
3.300000e+00 1.135115e+00
3.310000e+00 1.146746e+00
3.320000e+00 1.158463e+00
3.330000e+00 nan
3.340000e+00 nan
3.350000e+00 nan
3.360000e+00 nan
3.370000e+00 nan
3.380000e+00 nan
3.390000e+00 nan
3.400000e+00 nan
