0 0 -109.630120
1 0 -108.029780
2 0 112.702228
3 0 42.505665
4 0 -51.594325
5 0 49.641144
6 0 7.213148
7 0 17.684240
8 0 109.367233
9 0 -103.191139
10 0 -176.057208
11 0 145.056932
12 0 88.094396
13 0 -26.063417
14 0 94.625688
15 0 -136.574334
16 0 -86.608411
17 0 6.523803
18 0 -67.085586
19 0 72.019776
0 1 -109.053460
1 1 45.256135
2 1 -9.181703
3 1 36.113846
4 1 -83.959868
5 1 12.151144
6 1 -118.702322
7 1 -117.527269
8 1 -150.165892
9 1 164.473030
10 1 -122.684304
11 1 -90.161825
12 1 -159.231694
13 1 -123.630296
14 1 -39.429346
15 1 -79.912469
16 1 -71.719027
17 1 158.642485
18 1 -170.820844
19 1 -137.449622
0 2 48.294882
1 2 0.776814
2 2 39.159923
3 2 -170.199366
4 2 35.454114
5 2 82.969292
6 2 59.261958
7 2 -128.761292
8 2 130.842562
9 2 1.547646
10 2 -104.808532
11 2 64.707238
12 2 108.847909
13 2 -3.176710
14 2 33.417809
15 2 80.666932
16 2 4.125341
17 2 -58.543451
18 2 -4.550671
19 2 103.143347
0 3 -111.517408
1 3 -161.020573
2 3 -137.163483
3 3 122.379771
4 3 -64.636714
5 3 -49.051569
6 3 -3.671518
7 3 92.223235
8 3 -58.065182
9 3 117.607000
10 3 127.991185
11 3 27.605781
12 3 59.251611
13 3 -63.064905
14 3 -85.964978
15 3 121.625985
16 3 101.280952
17 3 -177.857816
18 3 -106.746360
19 3 135.839598
0 4 -126.321518
1 4 105.220448
2 4 -101.034982
3 4 -109.775522
4 4 81.043667
5 4 137.027648
6 4 -67.932112
7 4 -109.689805
8 4 93.140439
9 4 -9.075584
10 4 173.147514
11 4 -161.815019
12 4 140.488080
13 4 71.391861
14 4 -60.383843
15 4 72.201937
16 4 110.157005
17 4 121.016864
18 4 -90.172378
19 4 78.450648
0 5 -85.883348
1 5 134.117833
2 5 -76.740228
3 5 57.402831
4 5 173.652922
5 5 44.028099
6 5 -69.280223
7 5 74.069467
8 5 -119.019524
9 5 0.325160
10 5 -9.411740
11 5 42.735229
12 5 -81.870823
13 5 -65.743246
14 5 -90.860510
15 5 171.612022
16 5 56.420282
17 5 -146.840263
18 5 -119.260792
19 5 -156.983344
0 6 -51.401644
1 6 -88.753105
2 6 -63.811429
3 6 135.959243
4 6 9.118903
5 6 -136.119698
6 6 -73.280701
7 6 -74.018307
8 6 -36.372488
9 6 -149.954503
10 6 72.347341
11 6 -101.962428
12 6 111.850213
13 6 13.578956
14 6 134.777836
15 6 -51.005018
16 6 102.477884
17 6 33.730152
18 6 -11.721233
19 6 -15.385902
0 7 66.063107
1 7 41.482510
2 7 -78.548028
3 7 -170.337424
4 7 -7.799732
5 7 -43.087214
6 7 156.351166
7 7 -171.950974
8 7 158.455412
9 7 47.628878
10 7 119.731995
11 7 161.852269
12 7 -133.307470
13 7 87.416606
14 7 -111.687758
15 7 -86.047785
16 7 -68.055950
17 7 61.809986
18 7 72.846144
19 7 -60.698450
0 8 172.089735
1 8 -86.971507
2 8 -55.227639
3 8 75.969278
4 8 103.950136
5 8 -3.967510
6 8 177.512452
7 8 70.912592
8 8 141.509615
9 8 141.236019
10 8 -131.433770
11 8 149.466048
12 8 -158.333587
13 8 104.345454
14 8 38.047732
15 8 24.978891
16 8 37.048286
17 8 -117.951659
18 8 -63.212776
19 8 -110.326796
0 9 147.001655
1 9 -18.270932
2 9 48.563291
3 9 -115.970419
4 9 -81.948505
5 9 147.515399
6 9 165.214797
7 9 -15.116258
8 9 -126.875572
9 9 -117.141133
10 9 -107.461841
11 9 47.616316
12 9 -137.920165
13 9 -113.752509
14 9 14.057394
15 9 -48.410725
16 9 -89.927452
17 9 131.884101
18 9 177.385788
19 9 -52.708035
