0 0 -41.314340
1 0 27.750687
2 0 -22.170678
3 0 -24.021642
4 0 -27.919011
5 0 -36.452603
6 0 -23.076743
7 0 -31.175170
8 0 41.069938
9 0 -38.918261
10 0 -40.605848
11 0 3.560668
12 0 -6.979955
13 0 -20.407893
14 0 -29.016598
15 0 6.469962
16 0 -40.455208
17 0 -24.134777
18 0 41.806348
19 0 -38.302572
0 1 16.377632
1 1 -3.368073
2 1 -39.461691
3 1 -31.281124
4 1 39.266244
5 1 -20.106638
6 1 12.003098
7 1 38.745971
8 1 -35.878169
9 1 8.635767
10 1 39.338902
11 1 13.617138
12 1 -36.585773
13 1 -24.574449
14 1 -18.061926
15 1 -31.170927
16 1 -28.784292
17 1 29.516371
18 1 -10.305434
19 1 -14.002343
0 2 -35.894413
1 2 40.305652
2 2 22.234083
3 2 22.211509
4 2 -39.726612
5 2 19.325874
6 2 25.024057
7 2 32.623418
8 2 -34.007501
9 2 41.787008
10 2 -41.279957
11 2 -23.514948
12 2 18.567795
13 2 -13.195540
14 2 -3.248900
15 2 -39.694625
16 2 23.276764
17 2 -41.626756
18 2 41.803823
19 2 41.651545
0 3 -15.432728
1 3 19.820990
2 3 -8.446750
3 3 27.959947
4 3 4.677519
5 3 -29.409394
6 3 17.395985
7 3 -37.440582
8 3 -33.380977
9 3 18.933644
10 3 38.489446
11 3 6.980464
12 3 40.947395
13 3 37.082532
14 3 40.143538
15 3 -5.946017
16 3 34.914944
17 3 9.940433
18 3 -15.406117
19 3 -11.723201
0 4 3.477916
1 4 5.060945
2 4 -30.420497
3 4 -41.147862
4 4 -40.892294
5 4 9.643234
6 4 26.110503
7 4 14.413242
8 4 -3.722167
9 4 4.155280
10 4 -21.307732
11 4 -16.077149
12 4 -6.774511
13 4 -24.239830
14 4 -17.746895
15 4 -29.206248
16 4 -40.944634
17 4 15.748428
18 4 40.805817
19 4 -41.803140
0 5 33.044928
1 5 -41.808047
2 5 33.945367
3 5 -40.526957
4 5 -31.914569
5 5 31.168773
6 5 -35.277204
7 5 -33.107218
8 5 -14.033081
9 5 -32.147663
10 5 -28.983152
11 5 -32.886529
12 5 -9.015753
13 5 12.750466
14 5 4.909187
15 5 -41.242417
16 5 -31.655306
17 5 7.111102
18 5 39.842936
19 5 -9.138605
0 6 -11.005902
1 6 -30.481116
2 6 37.879130
3 6 -41.564619
4 6 4.588420
5 6 41.205674
6 6 -38.751619
7 6 -32.042947
8 6 -7.287704
9 6 -41.794193
10 6 33.568451
11 6 -41.263561
12 6 -34.037316
13 6 27.045196
14 6 -28.220348
15 6 -29.912862
16 6 38.765338
17 6 -25.452154
18 6 6.457931
19 6 35.585645
0 7 19.373216
1 7 32.984191
2 7 41.341177
3 7 -34.595794
4 7 35.541050
5 7 -34.433984
6 7 22.777173
7 7 39.368077
8 7 6.895377
9 7 13.594035
10 7 36.322214
11 7 -41.597350
12 7 -36.901933
13 7 -19.332000
14 7 19.156811
15 7 -39.101096
16 7 -4.478419
17 7 41.465747
18 7 35.215522
19 7 1.744889
0 8 40.993582
1 8 20.634942
2 8 -16.859428
3 8 -38.559301
4 8 -25.316572
5 8 -9.965799
6 8 41.226784
7 8 16.809533
8 8 26.730252
9 8 -17.156189
10 8 34.175233
11 8 21.251080
12 8 -39.358269
13 8 1.800116
14 8 3.218262
15 8 -40.443740
16 8 -36.729312
17 8 -23.218313
18 8 -1.557331
19 8 25.486776
0 9 -37.326238
1 9 40.333670
2 9 40.555782
3 9 30.556531
4 9 25.248061
5 9 -4.848669
6 9 29.150045
7 9 40.608412
8 9 -38.370616
9 9 18.447728
10 9 38.562568
11 9 -38.373414
12 9 41.331416
13 9 30.464945
14 9 -41.736343
15 9 24.231380
16 9 32.420521
17 9 -17.990468
18 9 -39.104078
19 9 -36.248148
