## relaxation vs temperature ans omega
## constant radiation damping removed (102s)
## zero fork width got from 0 rad/s data fit

# omega  fork     relaxation
0.000000 42.580000 0.045337
0.000000 218.770000 0.193187
0.000000 251.320000 0.210690
0.000000 57.650000 0.060141
0.000000 62.300000 0.058820
0.000000 76.590000 0.073044
0.000000 437.140000 0.380601
0.000000 113.730000 0.103770
0.000000 299.710000 0.262041
0.000000 308.350000 0.263799
0.000000 336.880000 0.295486
0.000000 80.840000 0.075027
0.000000 300.740000 0.294848
0.000000 300.740000 0.296186
0.000000 439.970000 0.384344
0.000000 117.170000 0.104317
0.000000 240.350000 0.211307
0.000000 245.800000 0.230584
0.000000 128.650000 0.124517
0.000000 137.000000 0.124522
0.000000 336.900000 0.296316
0.000000 95.880000 0.088695
0.000000 254.560000 0.231261
0.000000 168.570000 0.147442
0.000000 198.410000 0.174607
0.000000 198.540000 0.173993
0.000000 348.650000 0.345569
0.000000 385.950000 0.336896
0.000000 386.420000 0.337010
0.000000 98.890000 0.089322
0.000000 369.270000 0.347011
0.000000 168.670000 0.147386
0.000000 219.260000 0.186818
0.000000 103.389800 0.093267
0.000000 104.909800 0.096041
0.000000 51.569800 0.047483
0.000000 52.329800 0.047546
0.000000 66.229800 0.059850
0.000000 68.849800 0.061508
0.000000 96.149800 0.086432
0.000000 97.699800 0.087526
0.000000 147.079800 0.132079
0.000000 245.189800 0.223086
0.000000 250.449800 0.228616
0.000000 391.219800 0.353670
0.000000 394.879800 0.364358
0.000000 219.429800 0.204158
0.000000 223.459800 0.208817
0.000000 295.349800 0.271596
0.000000 304.979800 0.280546
0.000000 402.589800 0.370593
0.000000 413.209800 0.376026
0.000000 568.759800 0.518125
0.000000 592.899800 0.530548
0.000000 844.339800 0.762101
0.000000 866.839800 0.783606
0.000000 152.370000 0.132427
0.000000 82.550000 0.074868
0.000000 183.750000 0.159051
0.000000 184.850000 0.160311
0.000000 309.520000 0.268658
0.000000 348.120000 0.304647
0.000000 390.150000 0.338690
0.000000 395.420000 0.344016
0.000000 313.930000 0.270403
0.000000 86.460000 0.074910
0.000000 119.960000 0.104435
0.000000 268.460000 0.231114
0.000000 35.960000 0.033728
0.000000 349.930000 0.302216
0.000000 120.220000 0.103981
0.000000 225.640000 0.192572
0.000000 269.140000 0.229209
0.000000 35.260000 0.033130
0.000000 62.090000 0.056671
0.000000 62.570000 0.057336
0.000000 154.000000 0.131208
0.000000 225.090000 0.187935
0.000000 54.670000 0.053970
0.000000 88.060000 0.080272
0.000000 240.060000 0.212999
0.000000 128.840000 0.114205
0.000000 159.640000 0.140761
0.000000 159.820000 0.141452
0.000000 48.060000 0.048070
0.000000 66.160000 0.061576
0.000000 241.030000 0.214813
0.000000 413.590000 0.364979
0.000000 189.640000 0.167406
0.000000 104.040000 0.093949
0.000000 105.080000 0.093512
0.000000 85.350000 0.078982
0.000000 42.120000 0.041035
0.000000 47.460000 0.046423
0.000000 76.570000 0.069860
0.000000 364.670000 0.309972
0.000000 505.070000 0.434345
0.000000 43.610000 0.041192
0.000000 64.680000 0.061094
0.000000 357.340000 0.306373
0.000000 403.000000 0.346778
0.000000 418.120000 0.369516
0.000000 406.290000 0.349008
0.000000 500.820000 0.428700
0.000000 59.620000 0.053100
0.000000 404.630000 0.347616
0.000000 401.550000 0.344967
0.000000 138.490000 0.115193
0.000000 38.600000 0.038735
0.000000 240.920000 0.201685
0.000000 240.860000 0.200972
0.000000 38.670000 0.038712
0.000000 138.100000 0.114546
0.000000 80.870000 0.074874
0.000000 81.320000 0.073933
0.200000 460.360000 0.487043
0.200000 227.970000 0.248392
0.200000 282.630000 0.308015
0.200000 381.010000 0.445611
0.200000 379.800000 0.404264
0.200000 381.400000 0.411242
0.200000 464.050000 0.485785
0.200000 134.800000 0.155364
0.200000 252.950000 0.276517
0.200000 292.820000 0.313189
0.200000 159.520000 0.176109
0.200000 162.120000 0.183188
0.200000 180.400000 0.201780
0.200000 76.140000 0.099740
0.200000 178.420000 0.204406
0.200000 228.150000 0.249013
0.200000 316.340000 0.336745
0.200000 129.710000 0.157971
0.200000 40.950000 0.066408
0.200000 52.920000 0.078007
0.200000 245.360000 0.272387
0.200000 102.450000 0.125208
0.200000 39.730000 0.065574
0.200000 327.290000 0.339824
0.200000 68.550000 0.100412
0.200000 76.560000 0.087992
0.200000 52.440000 0.080795
0.200000 60.880000 0.085524
0.400000 174.480000 0.258723
0.400000 208.720000 0.289652
0.400000 60.270000 0.125697
0.400000 94.200000 0.171632
0.400000 326.360000 0.434416
0.400000 237.060000 0.325005
0.400000 270.230000 0.368304
0.400000 272.420000 0.369438
0.400000 321.090000 0.421579
0.400000 104.770000 0.182528
0.400000 154.460000 0.239970
0.400000 175.600000 0.264799
0.400000 156.360000 0.242755
0.400000 236.110000 0.324693
0.400000 127.640000 0.208053
0.400000 85.960000 0.111929
0.400000 62.090000 0.125343
0.400000 201.820000 0.292285
0.400000 128.270000 0.206636
0.400000 117.580000 0.109801
0.600000 97.280000 0.192445
0.600000 78.590000 0.182250
0.600000 389.010000 0.573668
0.600000 229.750000 0.373157
0.600000 48.880000 0.139246
0.600000 79.890000 0.178418
0.600000 322.430000 0.478877
0.600000 384.030000 0.574464
0.600000 42.030000 0.131804
0.600000 65.600000 0.163795
0.600000 304.830000 0.465847
0.600000 455.850000 0.676205
0.600000 42.110000 0.131614
0.600000 57.250000 0.150794
0.600000 57.980000 0.153149
0.600000 306.640000 0.467696
0.600000 345.730000 0.515141
0.600000 419.480000 0.623382
0.600000 459.770000 0.674596
0.600000 142.390000 0.259866
0.600000 192.150000 0.331622
0.600000 237.800000 0.367742
0.600000 347.500000 0.524508
0.600000 470.840000 0.676505
0.600000 144.080000 0.257102
0.600000 48.780000 0.142421
0.600000 121.930000 0.233681
0.600000 196.540000 0.319269
0.600000 109.260000 0.211207
0.600000 271.200000 0.418240
0.600000 122.510000 0.234333
0.600000 157.390000 0.282789
0.600000 66.890000 0.161883
0.600000 272.460000 0.427056
0.600000 407.730000 0.606385
0.600000 148.180000 0.276250
0.600000 206.890000 0.333593
0.600000 117.490000 0.207170
0.600000 97.890000 0.192666
0.600000 97.930000 0.195808
0.800000 413.740000 0.779423
0.800000 352.600000 0.624113
0.800000 341.340000 0.630984
0.800000 193.500000 0.560242
0.800000 392.770000 0.753454
0.800000 184.660000 0.464135
0.800000 280.920000 0.606529
0.800000 313.750000 0.569305
0.800000 363.550000 0.642190
0.800000 131.510000 0.278822
0.800000 242.690000 0.450795
0.800000 258.830000 0.483579
0.800000 131.510000 0.279585
0.800000 287.140000 0.526078
0.800000 213.950000 0.415161
0.800000 131.510000 0.234817
0.800000 37.840000 0.149838
0.800000 131.510000 0.238177
0.800000 138.860000 0.305992
0.800000 138.120000 0.299556
0.800000 34.680000 0.140280
0.800000 0.000000 0.167220
0.800000 34.680000 0.148407
0.800000 41.830000 0.146408
0.800000 0.000000 0.196666
0.800000 0.000000 0.195332
0.800000 74.540000 0.227376
0.800000 75.020000 0.225962
0.800000 230.420000 0.441633
0.800000 231.090000 0.446821
0.800000 85.970000 0.245426
0.800000 50.040000 0.195873
0.800000 87.090000 0.237755
0.800000 48.280000 0.187387
0.800000 72.500000 0.222367
0.800000 72.480000 0.220348
0.800000 58.310000 0.201945
0.800000 58.680000 0.203615
0.800000 53.460000 0.192884
0.800000 53.790000 0.196811
0.800000 45.190000 0.196232
0.800000 110.980000 0.276315
0.800000 159.970000 0.342790
0.800000 89.110000 0.254814
0.800000 161.260000 0.352635
0.800000 87.570000 0.246340
0.800000 111.340000 0.282554
0.800000 57.860000 0.207467
0.800000 63.560000 0.204034
0.800000 53.420000 0.192087
0.800000 72.860000 0.214445
0.800000 73.330000 0.212175
0.800000 53.280000 0.194077
1.000000 52.380000 0.215720
1.000000 117.830000 0.304943
1.000000 249.280000 0.514292
1.000000 149.360000 0.353881
1.000000 248.450000 0.523534
1.000000 366.220000 0.743554
1.000000 118.160000 0.309631
1.000000 262.910000 0.555008
1.000000 262.010000 0.544592
1.000000 87.220000 0.274271
1.000000 218.450000 0.470738
1.000000 325.470000 0.640108
1.000000 70.290000 0.242137
1.000000 87.590000 0.273372
1.240000 200.250000 0.540732
1.240000 201.620000 0.533978
1.240000 131.180000 0.415777
1.240000 95.260000 0.315949
1.240000 131.100000 0.409319
1.240000 84.970000 0.332410
1.240000 78.900000 0.310791
1.240000 250.400000 0.647662
1.240000 26.170000 0.223866
1.240000 41.550000 0.239515
1.240000 58.220000 0.268712
1.240000 59.780000 0.270568
1.240000 93.820000 0.341153
1.240000 32.330000 0.223733
1.630000 210.750000 0.665840
1.630000 183.820000 0.571093
1.630000 229.990000 0.674673
1.630000 46.850000 0.301003
1.630000 125.220000 0.478094
1.630000 68.660000 0.373661
1.630000 124.990000 0.472798
1.630000 120.860000 0.498800
1.630000 86.160000 0.394401
1.630000 65.450000 0.389867
1.630000 87.350000 0.441889
1.630000 56.310000 0.354526
1.630000 56.850000 0.367844
