   5.8500000e+05   8.9786177e-01   7.0952482e-01   7.3273455e-01   8.7465204e-01
   5.8501000e+05   8.8796331e-01   7.0952482e-01   7.3100742e-01   8.6648071e-01
   5.8502000e+05   8.7837600e-01   7.0952482e-01   7.2939092e-01   8.5850990e-01
   5.8503000e+05   8.6910535e-01   7.0952482e-01   7.2787951e-01   8.5075065e-01
   5.8504000e+05   8.6015562e-01   7.0952482e-01   7.2646784e-01   8.4321260e-01
   5.8505000e+05   8.5152983e-01   7.0952482e-01   7.2515065e-01   8.3590399e-01
   5.8506000e+05   8.4322978e-01   7.0952482e-01   7.2392290e-01   8.2883170e-01
   5.8507000e+05   8.3525615e-01   7.0952482e-01   7.2277967e-01   8.2200129e-01
   5.8508000e+05   8.2760846e-01   7.0952482e-01   7.2171623e-01   8.1541705e-01
   5.8509000e+05   8.2028523e-01   7.0952482e-01   7.2072802e-01   8.0908202e-01
   5.8510000e+05   8.1328394e-01   7.0952482e-01   7.1981065e-01   8.0299810e-01
   5.8511000e+05   8.0660114e-01   7.0952482e-01   7.1895989e-01   7.9716606e-01
   5.8512000e+05   8.0023252e-01   7.0952482e-01   7.1817172e-01   7.9158562e-01
   5.8513000e+05   7.9417296e-01   7.0952482e-01   7.1744225e-01   7.8625553e-01
   5.8514000e+05   7.8841658e-01   7.0952482e-01   7.1676779e-01   7.8117361e-01
   5.8515000e+05   7.8295686e-01   7.0952482e-01   7.1614483e-01   7.7633685e-01
   5.8516000e+05   7.7778667e-01   7.0952482e-01   7.1557000e-01   7.7174149e-01
   5.8517000e+05   7.7289833e-01   7.0952482e-01   7.1504011e-01   7.6738303e-01
   5.8518000e+05   7.6828371e-01   7.0952482e-01   7.1455214e-01   7.6325638e-01
   5.8519000e+05   7.6393429e-01   7.0952482e-01   7.1410323e-01   7.5935588e-01
   5.8520000e+05   7.5984121e-01   7.0952482e-01   7.1369064e-01   7.5567539e-01
   5.8521000e+05   7.5599534e-01   7.0952482e-01   7.1331182e-01   7.5220833e-01
   5.8522000e+05   7.5238734e-01   7.0952482e-01   7.1296435e-01   7.4894780e-01
   5.8523000e+05   7.4900773e-01   7.0952482e-01   7.1264596e-01   7.4588659e-01
   5.8524000e+05   7.4584692e-01   7.0952482e-01   7.1235448e-01   7.4301725e-01
   5.8525000e+05   7.4289529e-01   7.0952482e-01   7.1208792e-01   7.4033219e-01
   5.8526000e+05   7.4014323e-01   7.0952482e-01   7.1184438e-01   7.3782367e-01
   5.8527000e+05   7.3758116e-01   7.0952482e-01   7.1162209e-01   7.3548389e-01
   5.8528000e+05   7.3519960e-01   7.0952482e-01   7.1141939e-01   7.3330503e-01
   5.8529000e+05   7.3298921e-01   7.0952482e-01   7.1123475e-01   7.3127928e-01
   5.8530000e+05   7.3094081e-01   7.0952482e-01   7.1106671e-01   7.2939891e-01
   5.8531000e+05   7.2904538e-01   7.0952482e-01   7.1091393e-01   7.2765627e-01
   5.8532000e+05   7.2729418e-01   7.0952482e-01   7.1077517e-01   7.2604382e-01
   5.8533000e+05   7.2567865e-01   7.0952482e-01   7.1064925e-01   7.2455421e-01
   5.8534000e+05   7.2419053e-01   7.0952482e-01   7.1053510e-01   7.2318024e-01
   5.8535000e+05   7.2282184e-01   7.0952482e-01   7.1043173e-01   7.2191493e-01
   5.8536000e+05   7.2209484e-01   7.0952482e-01   7.1033820e-01   7.2128146e-01
   5.8537000e+05   7.2322038e-01   7.0952482e-01   7.1025366e-01   7.2249154e-01
   5.8538000e+05   7.2445914e-01   7.0952482e-01   7.1017731e-01   7.2380664e-01
   5.8539000e+05   7.2581724e-01   7.0952482e-01   7.1010844e-01   7.2523362e-01
   5.8540000e+05   7.2738877e-01   7.0952482e-01   7.1013402e-01   7.2677957e-01
   5.8541000e+05   7.2913262e-01   7.0952482e-01   7.1020567e-01   7.2845177e-01
   5.8542000e+05   7.3101791e-01   7.0952482e-01   7.1028507e-01   7.3025765e-01
   5.8543000e+05   7.3305296e-01   7.0952482e-01   7.1037296e-01   7.3220482e-01
   5.8544000e+05   7.3524630e-01   7.0952482e-01   7.1047017e-01   7.3430095e-01
   5.8545000e+05   7.3760658e-01   7.0952482e-01   7.1057756e-01   7.3655383e-01
   5.8546000e+05   7.4014256e-01   7.0952482e-01   7.1069610e-01   7.3897128e-01
   5.8547000e+05   7.4286311e-01   7.0952482e-01   7.1082681e-01   7.4156111e-01
   5.8548000e+05   7.4577709e-01   7.0952482e-01   7.1097081e-01   7.4433110e-01
   5.8549000e+05   7.4889339e-01   7.0952482e-01   7.1112929e-01   7.4728892e-01
   5.8550000e+05   7.5222083e-01   7.0952482e-01   7.1130353e-01   7.5044211e-01
   5.8551000e+05   7.5576812e-01   7.0952482e-01   7.1149492e-01   7.5379802e-01
   5.8552000e+05   7.5954383e-01   7.0952482e-01   7.1170494e-01   7.5736370e-01
   5.8553000e+05   7.6355631e-01   7.0952482e-01   7.1193518e-01   7.6114594e-01
   5.8554000e+05   7.6781362e-01   7.0952482e-01   7.1218734e-01   7.6515110e-01
   5.8555000e+05   7.7232352e-01   7.0952482e-01   7.1246323e-01   7.6938511e-01
   5.8556000e+05   7.7709334e-01   7.0952482e-01   7.1276478e-01   7.7385337e-01
   5.8557000e+05   7.8212998e-01   7.0952482e-01   7.1309407e-01   7.7856072e-01
   5.8558000e+05   7.8743978e-01   7.0952482e-01   7.1345328e-01   7.8351131e-01
   5.8559000e+05   7.9302851e-01   7.0952482e-01   7.1384476e-01   7.8870856e-01
   5.8560000e+05   7.9890127e-01   7.0952482e-01   7.1427097e-01   7.9415512e-01
   5.8561000e+05   8.0506244e-01   7.0952482e-01   7.1473454e-01   7.9985272e-01
   5.8562000e+05   8.1151559e-01   7.0952482e-01   7.1523823e-01   8.0580217e-01
   5.8563000e+05   8.1826345e-01   7.0952482e-01   7.1578499e-01   8.1200328e-01
   5.8564000e+05   8.2530784e-01   7.0952482e-01   7.1637790e-01   8.1845475e-01
   5.8565000e+05   8.3264957e-01   7.0952482e-01   7.1702020e-01   8.2515418e-01
   5.8566000e+05   8.4028844e-01   7.0952482e-01   7.1771533e-01   8.3209792e-01
   5.8567000e+05   8.4822318e-01   7.0952482e-01   7.1846688e-01   8.3928112e-01
   5.8568000e+05   8.5645137e-01   7.0952482e-01   7.1927859e-01   8.4669760e-01
   5.8569000e+05   8.6496944e-01   7.0952482e-01   7.2015441e-01   8.5433985e-01
   5.8570000e+05   8.7377261e-01   7.0952482e-01   7.2109844e-01   8.6219898e-01
   5.8571000e+05   8.8285487e-01   7.0952482e-01   7.2211498e-01   8.7026470e-01
   5.8572000e+05   8.9220896e-01   7.0952482e-01   7.2320847e-01   8.7852531e-01
   5.8573000e+05   9.0182639e-01   7.0952482e-01   7.2438355e-01   8.8696766e-01
   5.8574000e+05   9.1169739e-01   7.0952482e-01   7.2564502e-01   8.9557719e-01
   5.8575000e+05   9.2181093e-01   7.0952482e-01   7.2699783e-01   9.0433791e-01
   5.8576000e+05   9.3215477e-01   7.0952482e-01   7.2844714e-01   9.1323245e-01
   5.8577000e+05   9.4271543e-01   7.0952482e-01   7.2999820e-01   9.2224204e-01
   5.8578000e+05   9.5347827e-01   7.0952482e-01   7.3165648e-01   9.3134661e-01
   5.8579000e+05   9.6442753e-01   7.0952482e-01   7.3342753e-01   9.4052481e-01
   5.8580000e+05   9.7554636e-01   7.0952482e-01   7.3531707e-01   9.4975410e-01
   5.8581000e+05   9.8681690e-01   7.0952482e-01   7.3733093e-01   9.5901078e-01
   5.8582000e+05   9.9822039e-01   7.0952482e-01   7.3947506e-01   9.6827014e-01
   5.8583000e+05   1.0097372e+00   7.0952482e-01   7.4175548e-01   9.7750650e-01
   5.8584000e+05   1.0213468e+00   7.0952482e-01   7.4417831e-01   9.8669334e-01
   5.8585000e+05   1.0330284e+00   7.0952482e-01   7.4674973e-01   9.9580344e-01
   5.8586000e+05   1.0447601e+00   7.0952482e-01   7.4947597e-01   1.0048090e+00
   5.8587000e+05   1.0565201e+00   7.0952482e-01   7.5236329e-01   1.0136816e+00
   5.8588000e+05   1.0682860e+00   7.0952482e-01   7.5541792e-01   1.0223929e+00
   5.8589000e+05   1.0800351e+00   7.0952482e-01   7.5864611e-01   1.0309138e+00
   5.8590000e+05   1.0917451e+00   7.0952482e-01   7.6205406e-01   1.0392158e+00
   5.8591000e+05   1.1033932e+00   7.0952482e-01   7.6564788e-01   1.0472701e+00
   5.8592000e+05   1.1149573e+00   7.0952482e-01   7.6943361e-01   1.0550485e+00
   5.8593000e+05   1.1264153e+00   7.0952482e-01   7.7341713e-01   1.0625230e+00
   5.8594000e+05   1.1377458e+00   7.0952482e-01   7.7760420e-01   1.0696665e+00
   5.8595000e+05   1.1489280e+00   7.0952482e-01   7.8200037e-01   1.0764525e+00
   5.8596000e+05   1.1599417e+00   7.0952482e-01   7.8661098e-01   1.0828555e+00
   5.8597000e+05   1.1707676e+00   7.0952482e-01   7.9144109e-01   1.0888513e+00
   5.8598000e+05   1.1813875e+00   7.0952482e-01   7.9649549e-01   1.0944168e+00
   5.8599000e+05   1.1917842e+00   7.0952482e-01   8.0177866e-01   1.0995304e+00
   5.8600000e+05   1.2019418e+00   7.0952482e-01   8.0729467e-01   1.1041719e+00
   5.8601000e+05   1.2118455e+00   7.0952482e-01   8.1304724e-01   1.1083231e+00
   5.8602000e+05   1.2214821e+00   7.0952482e-01   8.1903961e-01   1.1119673e+00
   5.8603000e+05   1.2308397e+00   7.0952482e-01   8.2527457e-01   1.1150899e+00
   5.8604000e+05   1.2399079e+00   7.0952482e-01   8.3175439e-01   1.1176783e+00
   5.8605000e+05   1.2486780e+00   7.0952482e-01   8.3848077e-01   1.1197220e+00
   5.8606000e+05   1.2571427e+00   7.0952482e-01   8.4545486e-01   1.1212126e+00
   5.8607000e+05   1.2652965e+00   7.0952482e-01   8.5267715e-01   1.1221442e+00
   5.8608000e+05   1.2731354e+00   7.0952482e-01   8.6014748e-01   1.1225128e+00
   5.8609000e+05   1.2806571e+00   7.0952482e-01   8.6786499e-01   1.1223169e+00
   5.8610000e+05   1.2878607e+00   7.0952482e-01   8.7582811e-01   1.1215574e+00
   5.8611000e+05   1.2947470e+00   7.0952482e-01   8.8403448e-01   1.1202374e+00
   5.8612000e+05   1.3013183e+00   7.0952482e-01   8.9248099e-01   1.1183622e+00
   5.8613000e+05   1.3075783e+00   7.0952482e-01   9.0116366e-01   1.1159395e+00
   5.8614000e+05   1.3135321e+00   7.0952482e-01   9.1007772e-01   1.1129792e+00
   5.8615000e+05   1.3191859e+00   7.0952482e-01   9.1921750e-01   1.1094932e+00
   5.8616000e+05   1.3245472e+00   7.0952482e-01   9.2857647e-01   1.1054955e+00
   5.8617000e+05   1.3296246e+00   7.0952482e-01   9.3814718e-01   1.1010022e+00
   5.8618000e+05   1.3344276e+00   7.0952482e-01   9.4792127e-01   1.0960311e+00
   5.8619000e+05   1.3389664e+00   7.0952482e-01   9.5788948e-01   1.0906017e+00
   5.8620000e+05   1.3432520e+00   7.0952482e-01   9.6804159e-01   1.0847352e+00
   5.8621000e+05   1.3472960e+00   7.0952482e-01   9.7836649e-01   1.0784543e+00
   5.8622000e+05   1.3511102e+00   7.0952482e-01   9.8885210e-01   1.0717829e+00
   5.8623000e+05   1.3547067e+00   7.0952482e-01   9.9948545e-01   1.0647461e+00
   5.8624000e+05   1.3580979e+00   7.0952482e-01   1.0102527e+00   1.0573700e+00
   5.8625000e+05   1.3612959e+00   7.0952482e-01   1.0211390e+00   1.0496818e+00
   5.8626000e+05   1.3643129e+00   7.0952482e-01   1.0321287e+00   1.0417089e+00
   5.8627000e+05   1.3671604e+00   7.0952482e-01   1.0432055e+00   1.0334797e+00
   5.8628000e+05   1.3698498e+00   7.0952482e-01   1.0543518e+00   1.0250227e+00
   5.8629000e+05   1.3723917e+00   7.0952482e-01   1.0655498e+00   1.0163667e+00
   5.8630000e+05   1.3747962e+00   7.0952482e-01   1.0767806e+00   1.0075404e+00
   5.8631000e+05   1.3770724e+00   7.0952482e-01   1.0880247e+00   9.9857253e-01
   5.8632000e+05   1.3792285e+00   7.0952482e-01   1.0992618e+00   9.8949146e-01
   5.8633000e+05   1.3812718e+00   7.0952482e-01   1.1104714e+00   9.8032519e-01
   5.8634000e+05   1.3832085e+00   7.0952482e-01   1.1216322e+00   9.7110114e-01
   5.8635000e+05   1.3850436e+00   7.0952482e-01   1.1327223e+00   9.6184605e-01
   5.8636000e+05   1.3867808e+00   7.0952482e-01   1.1437198e+00   9.5258588e-01
   5.8637000e+05   1.3884228e+00   7.0952482e-01   1.1546020e+00   9.4334564e-01
   5.8638000e+05   1.3899709e+00   7.0952482e-01   1.1653463e+00   9.3414935e-01
   5.8639000e+05   1.3914250e+00   7.0952482e-01   1.1759299e+00   9.2501991e-01
   5.8640000e+05   1.3927838e+00   7.0952482e-01   1.1863296e+00   9.1597906e-01
   5.8641000e+05   1.3940449e+00   7.0952482e-01   1.1965224e+00   9.0704725e-01
   5.8642000e+05   1.3952043e+00   7.0952482e-01   1.2064855e+00   8.9824366e-01
   5.8643000e+05   1.3962572e+00   7.0952482e-01   1.2161959e+00   8.8958608e-01
   5.8644000e+05   1.3971972e+00   7.0952482e-01   1.2256311e+00   8.8109094e-01
   5.8645000e+05   1.3980172e+00   7.0952482e-01   1.2347688e+00   8.7277324e-01
   5.8646000e+05   1.3987089e+00   7.0952482e-01   1.2435871e+00   8.6464655e-01
   5.8647000e+05   1.3992629e+00   7.0952482e-01   1.2520647e+00   8.5672302e-01
   5.8648000e+05   1.3996694e+00   7.0952482e-01   1.2601808e+00   8.4901338e-01
   5.8649000e+05   1.3999174e+00   7.0952482e-01   1.2679153e+00   8.4152692e-01
   5.8650000e+05   1.3999955e+00   7.0952482e-01   1.2752488e+00   8.3427160e-01
   5.8651000e+05   1.3998918e+00   7.0952482e-01   1.2821626e+00   8.2725398e-01
   5.8652000e+05   1.3995938e+00   7.0952482e-01   1.2886392e+00   8.2047933e-01
   5.8653000e+05   1.3990888e+00   7.0952482e-01   1.2946620e+00   8.1395164e-01
   5.8654000e+05   1.3983641e+00   7.0952482e-01   1.3002152e+00   8.0767370e-01
   5.8655000e+05   1.3974067e+00   7.0952482e-01   1.3052844e+00   8.0164715e-01
   5.8656000e+05   1.3962040e+00   7.0952482e-01   1.3098563e+00   7.9587249e-01
   5.8657000e+05   1.3947432e+00   7.0952482e-01   1.3139187e+00   7.9034923e-01
   5.8658000e+05   1.3930121e+00   7.0952482e-01   1.3174610e+00   7.8507591e-01
   5.8659000e+05   1.3909989e+00   7.0952482e-01   1.3204736e+00   7.8005014e-01
   5.8660000e+05   1.3886924e+00   7.0952482e-01   1.3229485e+00   7.7526874e-01
   5.8661000e+05   1.3860820e+00   7.0952482e-01   1.3248791e+00   7.7072777e-01
   5.8662000e+05   1.3831579e+00   7.0952482e-01   1.3262601e+00   7.6642261e-01
   5.8663000e+05   1.3799110e+00   7.0952482e-01   1.3270878e+00   7.6234800e-01
   5.8664000e+05   1.3763335e+00   7.0952482e-01   1.3273601e+00   7.5849818e-01
   5.8665000e+05   1.3724182e+00   7.0952482e-01   1.3270761e+00   7.5486691e-01
   5.8666000e+05   1.3681594e+00   7.0952482e-01   1.3262367e+00   7.5144753e-01
   5.8667000e+05   1.3635523e+00   7.0952482e-01   1.3248441e+00   7.4823305e-01
   5.8668000e+05   1.3585934e+00   7.0952482e-01   1.3229020e+00   7.4521622e-01
   5.8669000e+05   1.3532804e+00   7.0952482e-01   1.3204157e+00   7.4238954e-01
   5.8670000e+05   1.3476124e+00   7.0952482e-01   1.3173918e+00   7.3974539e-01
   5.8671000e+05   1.3415897e+00   7.0952482e-01   1.3138385e+00   7.3727600e-01
   5.8672000e+05   1.3352140e+00   7.0952482e-01   1.3097652e+00   7.3497357e-01
   5.8673000e+05   1.3284882e+00   7.0952482e-01   1.3051827e+00   7.3283028e-01
   5.8674000e+05   1.3214167e+00   7.0952482e-01   1.3001032e+00   7.3083834e-01
   5.8675000e+05   1.3140051e+00   7.0952482e-01   1.2945399e+00   7.2899002e-01
   5.8676000e+05   1.3062603e+00   7.0952482e-01   1.2885075e+00   7.2727770e-01
   5.8677000e+05   1.2981905e+00   7.0952482e-01   1.2820214e+00   7.2569388e-01
   5.8678000e+05   1.2898050e+00   7.0952482e-01   1.2750986e+00   7.2423124e-01
   5.8679000e+05   1.2811143e+00   7.0952482e-01   1.2677565e+00   7.2288264e-01
   5.8680000e+05   1.2721301e+00   7.0952482e-01   1.2600138e+00   7.2164113e-01
   5.8681000e+05   1.2639133e+00   7.0952482e-01   1.2518898e+00   7.2154828e-01
   5.8682000e+05   1.2566617e+00   7.0952482e-01   1.2434048e+00   7.2278170e-01
   5.8683000e+05   1.2491764e+00   7.0952482e-01   1.2345795e+00   7.2412167e-01
   5.8684000e+05   1.2414857e+00   7.0952482e-01   1.2254354e+00   7.2557513e-01
   5.8685000e+05   1.2336185e+00   7.0952482e-01   1.2159941e+00   7.2714920e-01
   5.8686000e+05   1.2256046e+00   7.0952482e-01   1.2062782e+00   7.2885120e-01
   5.8687000e+05   1.2174738e+00   7.0952482e-01   1.1963101e+00   7.3068860e-01
   5.8688000e+05   1.2092568e+00   7.0952482e-01   1.1861126e+00   7.3266902e-01
   5.8689000e+05   1.2009842e+00   7.0952482e-01   1.1757088e+00   7.3480019e-01
   5.8690000e+05   1.1926867e+00   7.0952482e-01   1.1651216e+00   7.3708988e-01
   5.8691000e+05   1.1843953e+00   7.0952482e-01   1.1543742e+00   7.3954591e-01
   5.8692000e+05   1.1761406e+00   7.0952482e-01   1.1434893e+00   7.4217611e-01
   5.8693000e+05   1.1679531e+00   7.0952482e-01   1.1324896e+00   7.4498822e-01
   5.8694000e+05   1.1598629e+00   7.0952482e-01   1.1213978e+00   7.4798990e-01
   5.8695000e+05   1.1518996e+00   7.0952482e-01   1.1102358e+00   7.5118865e-01
   5.8696000e+05   1.1440923e+00   7.0952482e-01   1.0990254e+00   7.5459173e-01
   5.8697000e+05   1.1364692e+00   7.0952482e-01   1.0877878e+00   7.5820618e-01
   5.8698000e+05   1.1290577e+00   7.0952482e-01   1.0765439e+00   7.6203866e-01
   5.8699000e+05   1.1218842e+00   7.0952482e-01   1.0653136e+00   7.6609546e-01
   5.8700000e+05   1.1149741e+00   7.0952482e-01   1.0541165e+00   7.7038238e-01
   5.8701000e+05   1.1083513e+00   7.0952482e-01   1.0429714e+00   7.7490472e-01
   5.8702000e+05   1.1020387e+00   7.0952482e-01   1.0318963e+00   7.7966715e-01
   5.8703000e+05   1.0960574e+00   7.0952482e-01   1.0209086e+00   7.8467367e-01
   5.8704000e+05   1.0904273e+00   7.0952482e-01   1.0100246e+00   7.8992752e-01
   5.8705000e+05   1.0851664e+00   7.0952482e-01   9.9926007e-01   7.9543115e-01
   5.8706000e+05   1.0802910e+00   7.0952482e-01   9.8862969e-01   8.0118610e-01
   5.8707000e+05   1.0758155e+00   7.0952482e-01   9.7814733e-01   8.0719295e-01
   5.8708000e+05   1.0717524e+00   7.0952482e-01   9.6782596e-01   8.1345125e-01
   5.8709000e+05   1.0681123e+00   7.0952482e-01   9.5767760e-01   8.1995948e-01
   5.8710000e+05   1.0649035e+00   7.0952482e-01   9.4771338e-01   8.2671493e-01
   5.8711000e+05   1.0621324e+00   7.0952482e-01   9.3794348e-01   8.3371371e-01
   5.8712000e+05   1.0598030e+00   7.0952482e-01   9.2837715e-01   8.4095065e-01
   5.8713000e+05   1.0579172e+00   7.0952482e-01   9.1902273e-01   8.4841928e-01
   5.8714000e+05   1.0564746e+00   7.0952482e-01   9.0988763e-01   8.5611177e-01
   5.8715000e+05   1.0554725e+00   7.0952482e-01   9.0097839e-01   8.6401893e-01
   5.8716000e+05   1.0549060e+00   7.0952482e-01   8.9230064e-01   8.7213014e-01
   5.8717000e+05   1.0547677e+00   7.0952482e-01   8.8385916e-01   8.8043336e-01
   5.8718000e+05   1.0550482e+00   7.0952482e-01   8.7565788e-01   8.8891514e-01
   5.8719000e+05   1.0557357e+00   7.0952482e-01   8.6769991e-01   8.9756057e-01
   5.8720000e+05   1.0568161e+00   7.0952482e-01   8.5998759e-01   9.0635336e-01
   5.8721000e+05   1.0582735e+00   7.0952482e-01   8.5252248e-01   9.1527581e-01
   5.8722000e+05   1.0600895e+00   7.0952482e-01   8.4530542e-01   9.2430885e-01
   5.8723000e+05   1.0622439e+00   7.0952482e-01   8.3833656e-01   9.3343212e-01
   5.8724000e+05   1.0647146e+00   7.0952482e-01   8.3161538e-01   9.4262399e-01
   5.8725000e+05   1.0674776e+00   7.0952482e-01   8.2514074e-01   9.5186164e-01
   5.8726000e+05   1.0705072e+00   7.0952482e-01   8.1891091e-01   9.6112115e-01
   5.8727000e+05   1.0737764e+00   7.0952482e-01   8.1292362e-01   9.7037756e-01
   5.8728000e+05   1.0772562e+00   7.0952482e-01   8.0717607e-01   9.7960499e-01
   5.8729000e+05   1.0809170e+00   7.0952482e-01   8.0166500e-01   9.8877677e-01
   5.8730000e+05   1.0847274e+00   7.0952482e-01   7.9638670e-01   9.9786551e-01
   5.8731000e+05   1.0886555e+00   7.0952482e-01   7.9133706e-01   1.0068433e+00
   5.8732000e+05   1.0926685e+00   7.0952482e-01   7.8651163e-01   1.0156817e+00
   5.8733000e+05   1.0967329e+00   7.0952482e-01   7.8190559e-01   1.0243521e+00
   5.8734000e+05   1.1008148e+00   7.0952482e-01   7.7751388e-01   1.0328257e+00
   5.8735000e+05   1.1048801e+00   7.0952482e-01   7.7333116e-01   1.0410737e+00
   5.8736000e+05   1.1088947e+00   7.0952482e-01   7.6935186e-01   1.0490677e+00
   5.8737000e+05   1.1128246e+00   7.0952482e-01   7.6557024e-01   1.0567792e+00
   5.8738000e+05   1.1166363e+00   7.0952482e-01   7.6198039e-01   1.0641807e+00
   5.8739000e+05   1.1202965e+00   7.0952482e-01   7.5857629e-01   1.0712450e+00
   5.8740000e+05   1.1237729e+00   7.0952482e-01   7.5535182e-01   1.0779459e+00
   5.8741000e+05   1.1270343e+00   7.0952482e-01   7.5230077e-01   1.0842583e+00
   5.8742000e+05   1.1300502e+00   7.0952482e-01   7.4941692e-01   1.0901581e+00
   5.8743000e+05   1.1327916e+00   7.0952482e-01   7.4669400e-01   1.0956224e+00
   5.8744000e+05   1.1352311e+00   7.0952482e-01   7.4412577e-01   1.1006302e+00
   5.8745000e+05   1.1373427e+00   7.0952482e-01   7.4170600e-01   1.1051615e+00
   5.8746000e+05   1.1391023e+00   7.0952482e-01   7.3942852e-01   1.1091986e+00
   5.8747000e+05   1.1404875e+00   7.0952482e-01   7.3728720e-01   1.1127251e+00
   5.8748000e+05   1.1414783e+00   7.0952482e-01   7.3527602e-01   1.1157271e+00
   5.8749000e+05   1.1420564e+00   7.0952482e-01   7.3338903e-01   1.1181922e+00
   5.8750000e+05   1.1422061e+00   7.0952482e-01   7.3162041e-01   1.1201105e+00
   5.8751000e+05   1.1419139e+00   7.0952482e-01   7.2996445e-01   1.1214742e+00
   5.8752000e+05   1.1411685e+00   7.0952482e-01   7.2841558e-01   1.1222778e+00
   5.8753000e+05   1.1399614e+00   7.0952482e-01   7.2696837e-01   1.1225178e+00
   5.8754000e+05   1.1382861e+00   7.0952482e-01   7.2561752e-01   1.1221934e+00
   5.8755000e+05   1.1361389e+00   7.0952482e-01   7.2435793e-01   1.1213058e+00
   5.8756000e+05   1.1335185e+00   7.0952482e-01   7.2318462e-01   1.1198587e+00
   5.8757000e+05   1.1304260e+00   7.0952482e-01   7.2209279e-01   1.1178580e+00
   5.8758000e+05   1.1268649e+00   7.0952482e-01   7.2107783e-01   1.1153119e+00
   5.8759000e+05   1.1228411e+00   7.0952482e-01   7.2013527e-01   1.1122307e+00
   5.8760000e+05   1.1183628e+00   7.0952482e-01   7.1926085e-01   1.1086268e+00
   5.8761000e+05   1.1134404e+00   7.0952482e-01   7.1845044e-01   1.1045148e+00
   5.8762000e+05   1.1080863e+00   7.0952482e-01   7.1770013e-01   1.0999110e+00
   5.8763000e+05   1.1023150e+00   7.0952482e-01   7.1700614e-01   1.0948336e+00
   5.8764000e+05   1.0961428e+00   7.0952482e-01   7.1636491e-01   1.0893027e+00
   5.8765000e+05   1.0895880e+00   7.0952482e-01   7.1577301e-01   1.0833398e+00
   5.8766000e+05   1.0826701e+00   7.0952482e-01   7.1522719e-01   1.0769677e+00
   5.8767000e+05   1.0754104e+00   7.0952482e-01   7.1472437e-01   1.0702108e+00
   5.8768000e+05   1.0678312e+00   7.0952482e-01   7.1426162e-01   1.0630944e+00
   5.8769000e+05   1.0599561e+00   7.0952482e-01   7.1383616e-01   1.0556448e+00
   5.8770000e+05   1.0518098e+00   7.0952482e-01   7.1344539e-01   1.0478892e+00
   5.8771000e+05   1.0434175e+00   7.0952482e-01   7.1308683e-01   1.0398555e+00
   5.8772000e+05   1.0348052e+00   7.0952482e-01   7.1275815e-01   1.0315719e+00
   5.8773000e+05   1.0259993e+00   7.0952482e-01   7.1245716e-01   1.0230670e+00
   5.8774000e+05   1.0170266e+00   7.0952482e-01   7.1218179e-01   1.0143696e+00
   5.8775000e+05   1.0079139e+00   7.0952482e-01   7.1193011e-01   1.0055086e+00
   5.8776000e+05   9.9868790e-01   7.0952482e-01   7.1170032e-01   9.9651240e-01
   5.8777000e+05   9.8937537e-01   7.0952482e-01   7.1149070e-01   9.8740948e-01
   5.8778000e+05   9.8000252e-01   7.0952482e-01   7.1129969e-01   9.7822765e-01
   5.8779000e+05   9.7059518e-01   7.0952482e-01   7.1112579e-01   9.6899420e-01
   5.8780000e+05   9.6117852e-01   7.0952482e-01   7.1096763e-01   9.5973571e-01
   5.8781000e+05   9.5177702e-01   7.0952482e-01   7.1082392e-01   9.5047791e-01
   5.8782000e+05   9.4241427e-01   7.0952482e-01   7.1069348e-01   9.4124561e-01
   5.8783000e+05   9.3311295e-01   7.0952482e-01   7.1057519e-01   9.3206258e-01
   5.8784000e+05   9.2389466e-01   7.0952482e-01   7.1046802e-01   9.2295146e-01
   5.8785000e+05   9.1477990e-01   7.0952482e-01   7.1037102e-01   9.1393369e-01
   5.8786000e+05   9.0578796e-01   7.0952482e-01   7.1028331e-01   9.0502946e-01
   5.8787000e+05   8.9693689e-01   7.0952482e-01   7.1020409e-01   8.9625762e-01
   5.8788000e+05   8.8824343e-01   7.0952482e-01   7.1013259e-01   8.8763566e-01
   5.8789000e+05   8.7976469e-01   7.0952482e-01   7.1010982e-01   8.7917968e-01
   5.8790000e+05   8.7155838e-01   7.0952482e-01   7.1017884e-01   8.7090436e-01
   5.8791000e+05   8.6355348e-01   7.0952482e-01   7.1025535e-01   8.6282294e-01
   5.8792000e+05   8.5576251e-01   7.0952482e-01   7.1034007e-01   8.5494725e-01
   5.8793000e+05   8.4819668e-01   7.0952482e-01   7.1043380e-01   8.4728769e-01
   5.8794000e+05   8.4086583e-01   7.0952482e-01   7.1053739e-01   8.3985325e-01
   5.8795000e+05   8.3377852e-01   7.0952482e-01   7.1065178e-01   8.3265156e-01
   5.8796000e+05   8.2694202e-01   7.0952482e-01   7.1077795e-01   8.2568888e-01
   5.8797000e+05   8.2036237e-01   7.0952482e-01   7.1091700e-01   8.1897019e-01
   5.8798000e+05   8.1404447e-01   7.0952482e-01   7.1107009e-01   8.1249920e-01
   5.8799000e+05   8.0799209e-01   7.0952482e-01   7.1123846e-01   8.0627844e-01
   5.8800000e+05   8.0220792e-01   7.0952482e-01   7.1142347e-01   8.0030927e-01
   5.8801000e+05   7.9669372e-01   7.0952482e-01   7.1162656e-01   7.9459197e-01
   5.8802000e+05   7.9145029e-01   7.0952482e-01   7.1184928e-01   7.8912582e-01
   5.8803000e+05   7.8647761e-01   7.0952482e-01   7.1209329e-01   7.8390914e-01
   5.8804000e+05   7.8177490e-01   7.0952482e-01   7.1236036e-01   7.7893936e-01
   5.8805000e+05   7.7734068e-01   7.0952482e-01   7.1265238e-01   7.7421312e-01
   5.8806000e+05   7.7317285e-01   7.0952482e-01   7.1297137e-01   7.6972630e-01
   5.8807000e+05   7.6926880e-01   7.0952482e-01   7.1331947e-01   7.6547415e-01
   5.8808000e+05   7.6562544e-01   7.0952482e-01   7.1369897e-01   7.6145129e-01
   5.8809000e+05   7.6223931e-01   7.0952482e-01   7.1411230e-01   7.5765183e-01
   5.8810000e+05   7.5910663e-01   7.0952482e-01   7.1456201e-01   7.5406943e-01
   5.8811000e+05   7.5622338e-01   7.0952482e-01   7.1505083e-01   7.5069736e-01
   5.8812000e+05   7.5358538e-01   7.0952482e-01   7.1558163e-01   7.4752857e-01
   5.8813000e+05   7.5118835e-01   7.0952482e-01   7.1615744e-01   7.4455572e-01
   5.8814000e+05   7.4902795e-01   7.0952482e-01   7.1678145e-01   7.4177131e-01
   5.8815000e+05   7.4709987e-01   7.0952482e-01   7.1745703e-01   7.3916766e-01
   5.8816000e+05   7.4539988e-01   7.0952482e-01   7.1818770e-01   7.3673700e-01
   5.8817000e+05   7.4392386e-01   7.0952482e-01   7.1897715e-01   7.3447152e-01
   5.8818000e+05   7.4266785e-01   7.0952482e-01   7.1982927e-01   7.3236340e-01
   5.8819000e+05   7.4162813e-01   7.0952482e-01   7.2074809e-01   7.3040485e-01
   5.8820000e+05   7.4080121e-01   7.0952482e-01   7.2173784e-01   7.2858819e-01
   5.8821000e+05   7.4018389e-01   7.0952482e-01   7.2280291e-01   7.2690580e-01
   5.8822000e+05   7.3977328e-01   7.0952482e-01   7.2394787e-01   7.2535023e-01
   5.8823000e+05   7.3956683e-01   7.0952482e-01   7.2517745e-01   7.2391420e-01
   5.8824000e+05   7.3956235e-01   7.0952482e-01   7.2649657e-01   7.2259059e-01
   5.8825000e+05   7.3975802e-01   7.0952482e-01   7.2791030e-01   7.2137253e-01
   5.8826000e+05   7.4171933e-01   7.0952482e-01   7.2942386e-01   7.2182028e-01
   5.8827000e+05   7.4459520e-01   7.0952482e-01   7.3104263e-01   7.2307738e-01
   5.8828000e+05   7.4768993e-01   7.0952482e-01   7.3277215e-01   7.2444260e-01
   5.8829000e+05   7.5101616e-01   7.0952482e-01   7.3461807e-01   7.2592290e-01
   5.8830000e+05   7.5458684e-01   7.0952482e-01   7.3658619e-01   7.2752547e-01
   5.8831000e+05   7.5841524e-01   7.0952482e-01   7.3868240e-01   7.2925765e-01
   5.8832000e+05   7.6251487e-01   7.0952482e-01   7.4091271e-01   7.3112697e-01
   5.8833000e+05   7.6689945e-01   7.0952482e-01   7.4328321e-01   7.3314106e-01
   5.8834000e+05   7.7158289e-01   7.0952482e-01   7.4580005e-01   7.3530765e-01
   5.8835000e+05   7.7657920e-01   7.0952482e-01   7.4846945e-01   7.3763456e-01
   5.8836000e+05   7.8190243e-01   7.0952482e-01   7.5129766e-01   7.4012959e-01
   5.8837000e+05   7.8756665e-01   7.0952482e-01   7.5429091e-01   7.4280056e-01
   5.8838000e+05   7.9358585e-01   7.0952482e-01   7.5745548e-01   7.4565519e-01
   5.8839000e+05   7.9997385e-01   7.0952482e-01   7.6079755e-01   7.4870112e-01
   5.8840000e+05   8.0674427e-01   7.0952482e-01   7.6432329e-01   7.5194579e-01
   5.8841000e+05   8.1391038e-01   7.0952482e-01   7.6803877e-01   7.5539642e-01
   5.8842000e+05   8.2148508e-01   7.0952482e-01   7.7194992e-01   7.5905997e-01
   5.8843000e+05   8.2948077e-01   7.0952482e-01   7.7606256e-01   7.6294303e-01
   5.8844000e+05   8.3790925e-01   7.0952482e-01   7.8038230e-01   7.6705177e-01
   5.8845000e+05   8.4678164e-01   7.0952482e-01   7.8491457e-01   7.7139189e-01
   5.8846000e+05   8.5610827e-01   7.0952482e-01   7.8966454e-01   7.7596854e-01
   5.8847000e+05   8.6589855e-01   7.0952482e-01   7.9463711e-01   7.8078625e-01
   5.8848000e+05   8.7616091e-01   7.0952482e-01   7.9983686e-01   7.8584887e-01
   5.8849000e+05   8.8690265e-01   7.0952482e-01   8.0526802e-01   7.9115945e-01
   5.8850000e+05   8.9812986e-01   7.0952482e-01   8.1093444e-01   7.9672024e-01
   5.8851000e+05   9.0984729e-01   7.0952482e-01   8.1683954e-01   8.0253256e-01
   5.8852000e+05   9.2205824e-01   7.0952482e-01   8.2298627e-01   8.0859678e-01
   5.8853000e+05   9.3476449e-01   7.0952482e-01   8.2937710e-01   8.1491221e-01
   5.8854000e+05   9.4796617e-01   7.0952482e-01   8.3601395e-01   8.2147704e-01
   5.8855000e+05   9.6166166e-01   7.0952482e-01   8.4289815e-01   8.2828832e-01
   5.8856000e+05   9.7584750e-01   7.0952482e-01   8.5003045e-01   8.3534186e-01
   5.8857000e+05   9.9051832e-01   7.0952482e-01   8.5741093e-01   8.4263221e-01
   5.8858000e+05   1.0056668e+00   7.0952482e-01   8.6503898e-01   8.5015258e-01
   5.8859000e+05   1.0212833e+00   7.0952482e-01   8.7291330e-01   8.5789485e-01
   5.8860000e+05   1.0373565e+00   7.0952482e-01   8.8103182e-01   8.6584948e-01
   5.8861000e+05   1.0538724e+00   7.0952482e-01   8.8939169e-01   8.7400555e-01
   5.8862000e+05   1.0708151e+00   7.0952482e-01   8.9798927e-01   8.8235069e-01
   5.8863000e+05   1.0881664e+00   7.0952482e-01   9.0682006e-01   8.9087111e-01
   5.8864000e+05   1.1059055e+00   7.0952482e-01   9.1587873e-01   8.9955161e-01
   5.8865000e+05   1.1240098e+00   7.0952482e-01   9.2515905e-01   9.0837555e-01
   5.8866000e+05   1.1424540e+00   7.0952482e-01   9.3465392e-01   9.1732492e-01
   5.8867000e+05   1.1612109e+00   7.0952482e-01   9.4435532e-01   9.2638036e-01
   5.8868000e+05   1.1802507e+00   7.0952482e-01   9.5425429e-01   9.3552120e-01
   5.8869000e+05   1.1995417e+00   7.0952482e-01   9.6434098e-01   9.4472555e-01
   5.8870000e+05   1.2190501e+00   7.0952482e-01   9.7460458e-01   9.5397033e-01
   5.8871000e+05   1.2387399e+00   7.0952482e-01   9.8503339e-01   9.6323136e-01
   5.8872000e+05   1.2585734e+00   7.0952482e-01   9.9561474e-01   9.7248347e-01
   5.8873000e+05   1.2785109e+00   7.0952482e-01   1.0063351e+00   9.8170060e-01
   5.8874000e+05   1.2985111e+00   7.0952482e-01   1.0171800e+00   9.9085588e-01
   5.8875000e+05   1.3185311e+00   7.0952482e-01   1.0281341e+00   9.9992181e-01
   5.8876000e+05   1.3385268e+00   7.0952482e-01   1.0391813e+00   1.0088703e+00
   5.8877000e+05   1.3584526e+00   7.0952482e-01   1.0503045e+00   1.0176730e+00
   5.8878000e+05   1.3782621e+00   7.0952482e-01   1.0614859e+00   1.0263011e+00
   5.8879000e+05   1.3979080e+00   7.0952482e-01   1.0727070e+00   1.0347258e+00
   5.8880000e+05   1.4173422e+00   7.0952482e-01   1.0839485e+00   1.0429185e+00
   5.8881000e+05   1.4365163e+00   7.0952482e-01   1.0951906e+00   1.0508505e+00
   5.8882000e+05   1.4553816e+00   7.0952482e-01   1.1064126e+00   1.0584939e+00
   5.8883000e+05   1.4738896e+00   7.0952482e-01   1.1175935e+00   1.0658209e+00
   5.8884000e+05   1.4919916e+00   7.0952482e-01   1.1287118e+00   1.0728046e+00
   5.8885000e+05   1.5096398e+00   7.0952482e-01   1.1397454e+00   1.0794192e+00
   5.8886000e+05   1.5267869e+00   7.0952482e-01   1.1506720e+00   1.0856397e+00
   5.8887000e+05   1.5433864e+00   7.0952482e-01   1.1614690e+00   1.0914422e+00
   5.8888000e+05   1.5593930e+00   7.0952482e-01   1.1721135e+00   1.0968043e+00
   5.8889000e+05   1.5747628e+00   7.0952482e-01   1.1825825e+00   1.1017052e+00
   5.8890000e+05   1.5894536e+00   7.0952482e-01   1.1928530e+00   1.1061254e+00
   5.8891000e+05   1.6034247e+00   7.0952482e-01   1.2029020e+00   1.1100475e+00
   5.8892000e+05   1.6166375e+00   7.0952482e-01   1.2127066e+00   1.1134557e+00
   5.8893000e+05   1.6290556e+00   7.0952482e-01   1.2222441e+00   1.1163363e+00
   5.8894000e+05   1.6406451e+00   7.0952482e-01   1.2314922e+00   1.1186777e+00
   5.8895000e+05   1.6513743e+00   7.0952482e-01   1.2404288e+00   1.1204703e+00
   5.8896000e+05   1.6612143e+00   7.0952482e-01   1.2490324e+00   1.1217068e+00
   5.8897000e+05   1.6701392e+00   7.0952482e-01   1.2572819e+00   1.1223821e+00
   5.8898000e+05   1.6781257e+00   7.0952482e-01   1.2651570e+00   1.1224935e+00
   5.8899000e+05   1.6851537e+00   7.0952482e-01   1.2726380e+00   1.1220406e+00
   5.8900000e+05   1.6912063e+00   7.0952482e-01   1.2797060e+00   1.1210251e+00
   5.8901000e+05   1.6962696e+00   7.0952482e-01   1.2863431e+00   1.1194513e+00
   5.8902000e+05   1.7003330e+00   7.0952482e-01   1.2925323e+00   1.1173255e+00
   5.8903000e+05   1.7033891e+00   7.0952482e-01   1.2982574e+00   1.1146565e+00
   5.8904000e+05   1.7054339e+00   7.0952482e-01   1.3035037e+00   1.1114550e+00
   5.8905000e+05   1.7064665e+00   7.0952482e-01   1.3082573e+00   1.1077340e+00
   5.8906000e+05   1.7064893e+00   7.0952482e-01   1.3125057e+00   1.1035084e+00
   5.8907000e+05   1.7055080e+00   7.0952482e-01   1.3162377e+00   1.0987951e+00
   5.8908000e+05   1.7035311e+00   7.0952482e-01   1.3194433e+00   1.0936126e+00
   5.8909000e+05   1.7005705e+00   7.0952482e-01   1.3221140e+00   1.0879813e+00
   5.8910000e+05   1.6966408e+00   7.0952482e-01   1.3242425e+00   1.0819231e+00
   5.8911000e+05   1.6917596e+00   7.0952482e-01   1.3258232e+00   1.0754612e+00
   5.8912000e+05   1.6859471e+00   7.0952482e-01   1.3268519e+00   1.0686201e+00
   5.8913000e+05   1.6792262e+00   7.0952482e-01   1.3273257e+00   1.0614254e+00
   5.8914000e+05   1.6716222e+00   7.0952482e-01   1.3272433e+00   1.0539037e+00
   5.8915000e+05   1.6631625e+00   7.0952482e-01   1.3266051e+00   1.0460822e+00
   5.8916000e+05   1.6538768e+00   7.0952482e-01   1.3254126e+00   1.0379891e+00
   5.8917000e+05   1.6437968e+00   7.0952482e-01   1.3236692e+00   1.0296525e+00
   5.8918000e+05   1.6329559e+00   7.0952482e-01   1.3213794e+00   1.0211012e+00
   5.8919000e+05   1.6213888e+00   7.0952482e-01   1.3185496e+00   1.0123641e+00
   5.8920000e+05   1.6091320e+00   7.0952482e-01   1.3151872e+00   1.0034697e+00
   5.8921000e+05   1.5962231e+00   7.0952482e-01   1.3113012e+00   9.9444674e-01
   5.8922000e+05   1.5827005e+00   7.0952482e-01   1.3069019e+00   9.8532340e-01
   5.8923000e+05   1.5686037e+00   7.0952482e-01   1.3020011e+00   9.7612744e-01
   5.8924000e+05   1.5539727e+00   7.0952482e-01   1.2966116e+00   9.6688597e-01
   5.8925000e+05   1.5388480e+00   7.0952482e-01   1.2907474e+00   9.5762540e-01
   5.8926000e+05   1.5232704e+00   7.0952482e-01   1.2844239e+00   9.4837127e-01
   5.8927000e+05   1.5072808e+00   7.0952482e-01   1.2776574e+00   9.3914814e-01
   5.8928000e+05   1.4909199e+00   7.0952482e-01   1.2704652e+00   9.2997955e-01
   5.8929000e+05   1.4742286e+00   7.0952482e-01   1.2628655e+00   9.2088785e-01
   5.8930000e+05   1.4572469e+00   7.0952482e-01   1.2548775e+00   9.1189423e-01
   5.8931000e+05   1.4400147e+00   7.0952482e-01   1.2465210e+00   9.0301855e-01
   5.8932000e+05   1.4225712e+00   7.0952482e-01   1.2378166e+00   8.9427937e-01
   5.8933000e+05   1.4049546e+00   7.0952482e-01   1.2287855e+00   8.8569387e-01
   5.8934000e+05   1.3872024e+00   7.0952482e-01   1.2194494e+00   8.7727781e-01
   5.8935000e+05   1.3693512e+00   7.0952482e-01   1.2098305e+00   8.6904555e-01
   5.8936000e+05   1.3514363e+00   7.0952482e-01   1.1999511e+00   8.6101002e-01
   5.8937000e+05   1.3334920e+00   7.0952482e-01   1.1898341e+00   8.5318271e-01
   5.8938000e+05   1.3155514e+00   7.0952482e-01   1.1795025e+00   8.4557370e-01
   5.8939000e+05   1.2976460e+00   7.0952482e-01   1.1689791e+00   8.3819167e-01
   5.8940000e+05   1.2798062e+00   7.0952482e-01   1.1582871e+00   8.3104393e-01
   5.8941000e+05   1.2620610e+00   7.0952482e-01   1.1474494e+00   8.2413645e-01
   5.8942000e+05   1.2444378e+00   7.0952482e-01   1.1364887e+00   8.1747391e-01
   5.8943000e+05   1.2269627e+00   7.0952482e-01   1.1254277e+00   8.1105976e-01
   5.8944000e+05   1.2096601e+00   7.0952482e-01   1.1142886e+00   8.0489624e-01
   5.8945000e+05   1.1925530e+00   7.0952482e-01   1.1030933e+00   7.9898447e-01
   5.8946000e+05   1.1756629e+00   7.0952482e-01   1.0918632e+00   7.9332450e-01
   5.8947000e+05   1.1590097e+00   7.0952482e-01   1.0806192e+00   7.8791537e-01
   5.8948000e+05   1.1426120e+00   7.0952482e-01   1.0693816e+00   7.8275520e-01
   5.8949000e+05   1.1264867e+00   7.0952482e-01   1.0581703e+00   7.7784123e-01
   5.8950000e+05   1.1106493e+00   7.0952482e-01   1.0470042e+00   7.7316992e-01
   5.8951000e+05   1.0951139e+00   7.0952482e-01   1.0359017e+00   7.6873702e-01
   5.8952000e+05   1.0798932e+00   7.0952482e-01   1.0248804e+00   7.6453760e-01
   5.8953000e+05   1.0649983e+00   7.0952482e-01   1.0139570e+00   7.6056617e-01
   5.8954000e+05   1.0504393e+00   7.0952482e-01   1.0031474e+00   7.5681674e-01
   5.8955000e+05   1.0362248e+00   7.0952482e-01   9.9246671e-01   7.5328287e-01
   5.8956000e+05   1.0223621e+00   7.0952482e-01   9.8192915e-01   7.4995775e-01
   5.8957000e+05   1.0088574e+00   7.0952482e-01   9.7154798e-01   7.4683425e-01
   5.8958000e+05   9.9571577e-01   7.0952482e-01   9.6133558e-01   7.4390501e-01
   5.8959000e+05   9.8294103e-01   7.0952482e-01   9.5130338e-01   7.4116246e-01
   5.8960000e+05   9.7053602e-01   7.0952482e-01   9.4146192e-01   7.3859891e-01
   5.8961000e+05   9.5850255e-01   7.0952482e-01   9.3182079e-01   7.3620658e-01
   5.8962000e+05   9.4684147e-01   7.0952482e-01   9.2238865e-01   7.3397764e-01
   5.8963000e+05   9.3555271e-01   7.0952482e-01   9.1317325e-01   7.3190428e-01
   5.8964000e+05   9.2463536e-01   7.0952482e-01   9.0418144e-01   7.2997873e-01
   5.8965000e+05   9.1408769e-01   7.0952482e-01   8.9541918e-01   7.2819332e-01
   5.8966000e+05   9.0390722e-01   7.0952482e-01   8.8689156e-01   7.2654048e-01
   5.8967000e+05   8.9409077e-01   7.0952482e-01   8.7860280e-01   7.2501278e-01
   5.8968000e+05   8.8463449e-01   7.0952482e-01   8.7055632e-01   7.2360298e-01
   5.8969000e+05   8.7553395e-01   7.0952482e-01   8.6275474e-01   7.2230403e-01
   5.8970000e+05   8.6678414e-01   7.0952482e-01   8.5519988e-01   7.2110907e-01
   5.8971000e+05   8.6046559e-01   7.0952482e-01   8.4789285e-01   7.2209755e-01
   5.8972000e+05   8.5468791e-01   7.0952482e-01   8.4083405e-01   7.2337868e-01
   5.8973000e+05   8.4926787e-01   7.0952482e-01   8.3402318e-01   7.2476950e-01
   5.8974000e+05   8.4421155e-01   7.0952482e-01   8.2745935e-01   7.2627702e-01
   5.8975000e+05   8.3952466e-01   7.0952482e-01   8.2114101e-01   7.2790847e-01
   5.8976000e+05   8.3521252e-01   7.0952482e-01   8.1506610e-01   7.2967123e-01
   5.8977000e+05   8.3128004e-01   7.0952482e-01   8.0923200e-01   7.3157286e-01
   5.8978000e+05   8.2773181e-01   7.0952482e-01   8.0363562e-01   7.3362101e-01
   5.8979000e+05   8.2457202e-01   7.0952482e-01   7.9827339e-01   7.3582344e-01
   5.8980000e+05   8.2180451e-01   7.0952482e-01   7.9314136e-01   7.3818796e-01
   5.8981000e+05   8.1943277e-01   7.0952482e-01   7.8823519e-01   7.4072240e-01
   5.8982000e+05   8.1745992e-01   7.0952482e-01   7.8355020e-01   7.4343453e-01
   5.8983000e+05   8.1588868e-01   7.0952482e-01   7.7908141e-01   7.4633209e-01
   5.8984000e+05   8.1472139e-01   7.0952482e-01   7.7482356e-01   7.4942265e-01
   5.8985000e+05   8.1395998e-01   7.0952482e-01   7.7077117e-01   7.5271362e-01
   5.8986000e+05   8.1360592e-01   7.0952482e-01   7.6691857e-01   7.5621217e-01
   5.8987000e+05   8.1366025e-01   7.0952482e-01   7.6325989e-01   7.5992517e-01
   5.8988000e+05   8.1412347e-01   7.0952482e-01   7.5978917e-01   7.6385911e-01
   5.8989000e+05   8.1499557e-01   7.0952482e-01   7.5650030e-01   7.6802009e-01
   5.8990000e+05   8.1627596e-01   7.0952482e-01   7.5338710e-01   7.7241367e-01
   5.8991000e+05   8.1796342e-01   7.0952482e-01   7.5044337e-01   7.7704487e-01
   5.8992000e+05   8.2005609e-01   7.0952482e-01   7.4766283e-01   7.8191807e-01
   5.8993000e+05   8.2255138e-01   7.0952482e-01   7.4503925e-01   7.8703694e-01
   5.8994000e+05   8.2544594e-01   7.0952482e-01   7.4256638e-01   7.9240437e-01
   5.8995000e+05   8.2873560e-01   7.0952482e-01   7.4023803e-01   7.9802239e-01
   5.8996000e+05   8.3241535e-01   7.0952482e-01   7.3804806e-01   8.0389211e-01
   5.8997000e+05   8.3647924e-01   7.0952482e-01   7.3599039e-01   8.1001366e-01
   5.8998000e+05   8.4092036e-01   7.0952482e-01   7.3405906e-01   8.1638611e-01
   5.8999000e+05   8.4573079e-01   7.0952482e-01   7.3224820e-01   8.2300740e-01
   5.9000000e+05   8.5090154e-01   7.0952482e-01   7.3055206e-01   8.2987429e-01
   5.9001000e+05   8.5642251e-01   7.0952482e-01   7.2896501e-01   8.3698232e-01
   5.9002000e+05   8.6228246e-01   7.0952482e-01   7.2748156e-01   8.4432572e-01
   5.9003000e+05   8.6846898e-01   7.0952482e-01   7.2609638e-01   8.5189741e-01
   5.9004000e+05   8.7496843e-01   7.0952482e-01   7.2480429e-01   8.5968895e-01
   5.9005000e+05   8.8176595e-01   7.0952482e-01   7.2360027e-01   8.6769049e-01
   5.9006000e+05   8.8884541e-01   7.0952482e-01   7.2247945e-01   8.7589078e-01
   5.9007000e+05   8.9618946e-01   7.0952482e-01   7.2143715e-01   8.8427712e-01
   5.9008000e+05   9.0377944e-01   7.0952482e-01   7.2046885e-01   8.9283541e-01
   5.9009000e+05   9.1159549e-01   7.0952482e-01   7.1957021e-01   9.0155010e-01
   5.9010000e+05   9.1961649e-01   7.0952482e-01   7.1873706e-01   9.1040425e-01
   5.9011000e+05   9.2782013e-01   7.0952482e-01   7.1796540e-01   9.1937954e-01
   5.9012000e+05   9.3618291e-01   7.0952482e-01   7.1725143e-01   9.2845630e-01
   5.9013000e+05   9.4468025e-01   7.0952482e-01   7.1659148e-01   9.3761358e-01
   5.9014000e+05   9.5328648e-01   7.0952482e-01   7.1598208e-01   9.4682922e-01
   5.9015000e+05   9.6197496e-01   7.0952482e-01   7.1541992e-01   9.5607986e-01
   5.9016000e+05   9.7071814e-01   7.0952482e-01   7.1490186e-01   9.6534110e-01
   5.9017000e+05   9.7948766e-01   7.0952482e-01   7.1442491e-01   9.7458757e-01
   5.9018000e+05   9.8825442e-01   7.0952482e-01   7.1398625e-01   9.8379299e-01
   5.9019000e+05   9.9698875e-01   7.0952482e-01   7.1358320e-01   9.9293036e-01
   5.9020000e+05   1.0056604e+00   7.0952482e-01   7.1321324e-01   1.0019720e+00
   5.9021000e+05   1.0142390e+00   7.0952482e-01   7.1287398e-01   1.0108898e+00
   5.9022000e+05   1.0226936e+00   7.0952482e-01   7.1256320e-01   1.0196552e+00
   5.9023000e+05   1.0309935e+00   7.0952482e-01   7.1227877e-01   1.0282395e+00
   5.9024000e+05   1.0391078e+00   7.0952482e-01   7.1201872e-01   1.0366139e+00
   5.9025000e+05   1.0470061e+00   7.0952482e-01   7.1178120e-01   1.0447497e+00
   5.9026000e+05   1.0546581e+00   7.0952482e-01   7.1156446e-01   1.0526184e+00
   5.9027000e+05   1.0620341e+00   7.0952482e-01   7.1136688e-01   1.0601921e+00
   5.9028000e+05   1.0691053e+00   7.0952482e-01   7.1118694e-01   1.0674432e+00
   5.9029000e+05   1.0758435e+00   7.0952482e-01   7.1102323e-01   1.0743451e+00
   5.9030000e+05   1.0822217e+00   7.0952482e-01   7.1087442e-01   1.0808721e+00
   5.9031000e+05   1.0882138e+00   7.0952482e-01   7.1073930e-01   1.0869993e+00
   5.9032000e+05   1.0937953e+00   7.0952482e-01   7.1061673e-01   1.0927034e+00
   5.9033000e+05   1.0989431e+00   7.0952482e-01   7.1050564e-01   1.0979623e+00
   5.9034000e+05   1.1036355e+00   7.0952482e-01   7.1040506e-01   1.1027553e+00
   5.9035000e+05   1.1078527e+00   7.0952482e-01   7.1031409e-01   1.1070635e+00
   5.9036000e+05   1.1115768e+00   7.0952482e-01   7.1023187e-01   1.1108698e+00
   5.9037000e+05   1.1147918e+00   7.0952482e-01   7.1015766e-01   1.1141589e+00
   5.9038000e+05   1.1174835e+00   7.0952482e-01   7.1009072e-01   1.1169176e+00
   5.9039000e+05   1.1197629e+00   7.0952482e-01   7.1015299e-01   1.1191347e+00
   5.9040000e+05   1.1215030e+00   7.0952482e-01   7.1022671e-01   1.1208011e+00
   5.9041000e+05   1.1226937e+00   7.0952482e-01   7.1030836e-01   1.1219101e+00
   5.9042000e+05   1.1233311e+00   7.0952482e-01   7.1039873e-01   1.1224571e+00
   5.9043000e+05   1.1234138e+00   7.0952482e-01   7.1049865e-01   1.1224399e+00
   5.9044000e+05   1.1229428e+00   7.0952482e-01   7.1060901e-01   1.1218586e+00
   5.9045000e+05   1.1219214e+00   7.0952482e-01   7.1073079e-01   1.1207155e+00
   5.9046000e+05   1.1203555e+00   7.0952482e-01   7.1086504e-01   1.1190152e+00
   5.9047000e+05   1.1182529e+00   7.0952482e-01   7.1101290e-01   1.1167649e+00
   5.9048000e+05   1.1156242e+00   7.0952482e-01   7.1117558e-01   1.1139735e+00
   5.9049000e+05   1.1124820e+00   7.0952482e-01   7.1135439e-01   1.1106524e+00
   5.9050000e+05   1.1088410e+00   7.0952482e-01   7.1155076e-01   1.1068151e+00
   5.9051000e+05   1.1047182e+00   7.0952482e-01   7.1176618e-01   1.1024768e+00
   5.9052000e+05   1.1001323e+00   7.0952482e-01   7.1200227e-01   1.0976548e+00
   5.9053000e+05   1.0951042e+00   7.0952482e-01   7.1226077e-01   1.0923683e+00
   5.9054000e+05   1.0896564e+00   7.0952482e-01   7.1254351e-01   1.0866377e+00
   5.9055000e+05   1.0838131e+00   7.0952482e-01   7.1285249e-01   1.0804854e+00
   5.9056000e+05   1.0775999e+00   7.0952482e-01   7.1318978e-01   1.0739349e+00
   5.9057000e+05   1.0710438e+00   7.0952482e-01   7.1355763e-01   1.0670110e+00
   5.9058000e+05   1.0641730e+00   7.0952482e-01   7.1395840e-01   1.0597394e+00
   5.9059000e+05   1.0570168e+00   7.0952482e-01   7.1439462e-01   1.0521470e+00
   5.9060000e+05   1.0496053e+00   7.0952482e-01   7.1486894e-01   1.0442612e+00
   5.9061000e+05   1.0419694e+00   7.0952482e-01   7.1538418e-01   1.0361100e+00
   5.9062000e+05   1.0341405e+00   7.0952482e-01   7.1594331e-01   1.0277220e+00
   5.9063000e+05   1.0261505e+00   7.0952482e-01   7.1654948e-01   1.0191258e+00
   5.9064000e+05   1.0180315e+00   7.0952482e-01   7.1720596e-01   1.0103503e+00
   5.9065000e+05   1.0098156e+00   7.0952482e-01   7.1791624e-01   1.0014242e+00
   5.9066000e+05   1.0015350e+00   7.0952482e-01   7.1868395e-01   9.9237586e-01
   5.9067000e+05   9.9322164e-01   7.0952482e-01   7.1951289e-01   9.8323356e-01
   5.9068000e+05   9.8490711e-01   7.0952482e-01   7.2040706e-01   9.7402486e-01
   5.9069000e+05   9.7662254e-01   7.0952482e-01   7.2137060e-01   9.6477676e-01
   5.9070000e+05   9.6839847e-01   7.0952482e-01   7.2240784e-01   9.5551544e-01
   5.9071000e+05   9.6026473e-01   7.0952482e-01   7.2352331e-01   9.4626624e-01
   5.9072000e+05   9.5225035e-01   7.0952482e-01   7.2472166e-01   9.3705351e-01
   5.9073000e+05   9.4438344e-01   7.0952482e-01   7.2600774e-01   9.2790051e-01
   5.9074000e+05   9.3669111e-01   7.0952482e-01   7.2738658e-01   9.1882935e-01
   5.9075000e+05   9.2919942e-01   7.0952482e-01   7.2886333e-01   9.0986090e-01
   5.9076000e+05   9.2193326e-01   7.0952482e-01   7.3044334e-01   9.0101474e-01
   5.9077000e+05   9.1491636e-01   7.0952482e-01   7.3213207e-01   8.9230911e-01
   5.9078000e+05   9.0817119e-01   7.0952482e-01   7.3393513e-01   8.8376087e-01
   5.9079000e+05   9.0171894e-01   7.0952482e-01   7.3585828e-01   8.7538548e-01
   5.9080000e+05   8.9557951e-01   7.0952482e-01   7.3790737e-01   8.6719696e-01
   5.9081000e+05   8.8977147e-01   7.0952482e-01   7.4008837e-01   8.5920791e-01
   5.9082000e+05   8.8431203e-01   7.0952482e-01   7.4240734e-01   8.5142951e-01
   5.9083000e+05   8.7921710e-01   7.0952482e-01   7.4487042e-01   8.4387150e-01
   5.9084000e+05   8.7450124e-01   7.0952482e-01   7.4748380e-01   8.3654225e-01
   5.9085000e+05   8.7017768e-01   7.0952482e-01   7.5025372e-01   8.2944878e-01
   5.9086000e+05   8.6625834e-01   7.0952482e-01   7.5318642e-01   8.2259674e-01
   5.9087000e+05   8.6275389e-01   7.0952482e-01   7.5628817e-01   8.1599054e-01
   5.9088000e+05   8.5967370e-01   7.0952482e-01   7.5956518e-01   8.0963334e-01
   5.9089000e+05   8.5702594e-01   7.0952482e-01   7.6302364e-01   8.0352712e-01
   5.9090000e+05   8.5481758e-01   7.0952482e-01   7.6666964e-01   7.9767275e-01
   5.9091000e+05   8.5305442e-01   7.0952482e-01   7.7050918e-01   7.9207005e-01
   5.9092000e+05   8.5174115e-01   7.0952482e-01   7.7454812e-01   7.8671784e-01
   5.9093000e+05   8.5088138e-01   7.0952482e-01   7.7879215e-01   7.8161404e-01
   5.9094000e+05   8.5047766e-01   7.0952482e-01   7.8324678e-01   7.7675570e-01
   5.9095000e+05   8.5053155e-01   7.0952482e-01   7.8791725e-01   7.7213911e-01
   5.9096000e+05   8.5104363e-01   7.0952482e-01   7.9280859e-01   7.6775986e-01
   5.9097000e+05   8.5201355e-01   7.0952482e-01   7.9792547e-01   7.6361289e-01
   5.9098000e+05   8.5344006e-01   7.0952482e-01   8.0327229e-01   7.5969259e-01
   5.9099000e+05   8.5532104e-01   7.0952482e-01   8.0885301e-01   7.5599285e-01
   5.9100000e+05   8.5765356e-01   7.0952482e-01   8.1467122e-01   7.5250715e-01
   5.9101000e+05   8.6043384e-01   7.0952482e-01   8.2073005e-01   7.4922861e-01
   5.9102000e+05   8.6365735e-01   7.0952482e-01   8.2703215e-01   7.4615002e-01
   5.9103000e+05   8.6731880e-01   7.0952482e-01   8.3357963e-01   7.4326399e-01
   5.9104000e+05   8.7141214e-01   7.0952482e-01   8.4037405e-01   7.4056291e-01
   5.9105000e+05   8.7593061e-01   7.0952482e-01   8.4741637e-01   7.3803905e-01
   5.9106000e+05   8.8086674e-01   7.0952482e-01   8.5470692e-01   7.3568463e-01
   5.9107000e+05   8.8621236e-01   7.0952482e-01   8.6224534e-01   7.3349183e-01
   5.9108000e+05   8.9195861e-01   7.0952482e-01   8.7003059e-01   7.3145283e-01
   5.9109000e+05   8.9809595e-01   7.0952482e-01   8.7806088e-01   7.2955989e-01
   5.9110000e+05   9.0461417e-01   7.0952482e-01   8.8633364e-01   7.2780534e-01
   5.9111000e+05   9.1150237e-01   7.0952482e-01   8.9484552e-01   7.2618166e-01
   5.9112000e+05   9.1874899e-01   7.0952482e-01   9.0359235e-01   7.2468145e-01
   5.9113000e+05   9.2634179e-01   7.0952482e-01   9.1256909e-01   7.2329752e-01
   5.9114000e+05   9.3426788e-01   7.0952482e-01   9.2176984e-01   7.2202286e-01
   5.9115000e+05   9.4284206e-01   7.0952482e-01   9.3118782e-01   7.2117906e-01
   5.9116000e+05   9.5367067e-01   7.0952482e-01   9.4081533e-01   7.2238016e-01
   5.9117000e+05   9.6480463e-01   7.0952482e-01   9.5064377e-01   7.2368567e-01
   5.9118000e+05   9.7624125e-01   7.0952482e-01   9.6066362e-01   7.2510245e-01
   5.9119000e+05   9.8797715e-01   7.0952482e-01   9.7086440e-01   7.2663757e-01
   5.9120000e+05   1.0000082e+00   7.0952482e-01   9.8123473e-01   7.2829828e-01
   5.9121000e+05   1.0123295e+00   7.0952482e-01   9.9176231e-01   7.3009201e-01
   5.9122000e+05   1.0249354e+00   7.0952482e-01   1.0024339e+00   7.3202635e-01
   5.9123000e+05   1.0378195e+00   7.0952482e-01   1.0132354e+00   7.3410897e-01
   5.9124000e+05   1.0509746e+00   7.0952482e-01   1.0241517e+00   7.3634764e-01
   5.9125000e+05   1.0643925e+00   7.0952482e-01   1.0351671e+00   7.3875019e-01
   5.9126000e+05   1.0780643e+00   7.0952482e-01   1.0462647e+00   7.4132443e-01
   5.9127000e+05   1.0919805e+00   7.0952482e-01   1.0574271e+00   7.4407814e-01
   5.9128000e+05   1.1061302e+00   7.0952482e-01   1.0686360e+00   7.4701901e-01
   5.9129000e+05   1.1205022e+00   7.0952482e-01   1.0798724e+00   7.5015458e-01
   5.9130000e+05   1.1350841e+00   7.0952482e-01   1.0911166e+00   7.5349223e-01
   5.9131000e+05   1.1498626e+00   7.0952482e-01   1.1023483e+00   7.5703905e-01
   5.9132000e+05   1.1648236e+00   7.0952482e-01   1.1135466e+00   7.6080183e-01
   5.9133000e+05   1.1799523e+00   7.0952482e-01   1.1246901e+00   7.6478699e-01
   5.9134000e+05   1.1952327e+00   7.0952482e-01   1.1357570e+00   7.6900049e-01
   5.9135000e+05   1.2106480e+00   7.0952482e-01   1.1467250e+00   7.7344779e-01
   5.9136000e+05   1.2261806e+00   7.0952482e-01   1.1575716e+00   7.7813377e-01
   5.9137000e+05   1.2418119e+00   7.0952482e-01   1.1682740e+00   7.8306265e-01
   5.9138000e+05   1.2575224e+00   7.0952482e-01   1.1788093e+00   7.8823793e-01
   5.9139000e+05   1.2732919e+00   7.0952482e-01   1.1891544e+00   7.9366230e-01
   5.9140000e+05   1.2890991e+00   7.0952482e-01   1.1992863e+00   7.9933761e-01
   5.9141000e+05   1.3049221e+00   7.0952482e-01   1.2091822e+00   8.0526473e-01
   5.9142000e+05   1.3207379e+00   7.0952483e-01   1.2188191e+00   8.1144357e-01
   5.9143000e+05   1.3365229e+00   7.0952485e-01   1.2281747e+00   8.1787294e-01
   5.9144000e+05   1.3522525e+00   7.0952488e-01   1.2372267e+00   8.2455052e-01
   5.9145000e+05   1.3679016e+00   7.0952495e-01   1.2459535e+00   8.3147279e-01
   5.9146000e+05   1.3834442e+00   7.0952507e-01   1.2543337e+00   8.3863500e-01
   5.9147000e+05   1.3988536e+00   7.0952529e-01   1.2623468e+00   8.4603108e-01
   5.9148000e+05   1.4141026e+00   7.0952569e-01   1.2699729e+00   8.5365366e-01
   5.9149000e+05   1.4291635e+00   7.0952641e-01   1.2771928e+00   8.6149397e-01
   5.9150000e+05   1.4440080e+00   7.0952768e-01   1.2839881e+00   8.6954183e-01
   5.9151000e+05   1.4586075e+00   7.0952990e-01   1.2903415e+00   8.7778568e-01
   5.9152000e+05   1.4729332e+00   7.0953371e-01   1.2962367e+00   8.8621249e-01
   5.9153000e+05   1.4869566e+00   7.0954019e-01   1.3016582e+00   8.9480783e-01
   5.9154000e+05   1.5006491e+00   7.0955105e-01   1.3065919e+00   9.0355583e-01
   5.9155000e+05   1.5139834e+00   7.0956897e-01   1.3110248e+00   9.1243925e-01
   5.9156000e+05   1.5269332e+00   7.0959818e-01   1.3149452e+00   9.2143943e-01
   5.9157000e+05   1.5394746e+00   7.0964510e-01   1.3183427e+00   9.3053643e-01
   5.9158000e+05   1.5515870e+00   7.0971946e-01   1.3212082e+00   9.3970900e-01
   5.9159000e+05   1.5632547e+00   7.0983565e-01   1.3235340e+00   9.4893470e-01
   5.9160000e+05   1.5744689e+00   7.1001470e-01   1.3253138e+00   9.5818994e-01
   5.9161000e+05   1.5852302e+00   7.1028678e-01   1.3265430e+00   9.6745009e-01
   5.9162000e+05   1.5955525e+00   7.1069444e-01   1.3272182e+00   9.7668954e-01
   5.9163000e+05   1.6054664e+00   7.1129667e-01   1.3273375e+00   9.8588186e-01
   5.9164000e+05   1.6150247e+00   7.1217384e-01   1.3269006e+00   9.9499988e-01
   5.9165000e+05   1.6243083e+00   7.1343338e-01   1.3259087e+00   1.0040158e+00
   5.9166000e+05   1.6334326e+00   7.1521625e-01   1.3243645e+00   1.0129014e+00
   5.9167000e+05   1.6425545e+00   7.1770381e-01   1.3222722e+00   1.0216281e+00
   5.9168000e+05   1.6518794e+00   7.2112464e-01   1.3196373e+00   1.0301671e+00
   5.9169000e+05   1.6616677e+00   7.2576072e-01   1.3164670e+00   1.0384896e+00
   5.9170000e+05   1.6722391e+00   7.3195202e-01   1.3127697e+00   1.0465671e+00
   5.9171000e+05   1.6839750e+00   7.4009847e-01   1.3085552e+00   1.0543710e+00
   5.9172000e+05   1.6973168e+00   7.5065807e-01   1.3038348e+00   1.0618735e+00
   5.9173000e+05   1.7127585e+00   7.6413986e-01   1.2986208e+00   1.0690474e+00
   5.9174000e+05   1.7308341e+00   7.8109053e-01   1.2929270e+00   1.0758661e+00
   5.9175000e+05   1.7520965e+00   8.0207372e-01   1.2867682e+00   1.0823042e+00
   5.9176000e+05   1.7770892e+00   8.2764145e-01   1.2801603e+00   1.0883370e+00
   5.9177000e+05   1.8063102e+00   8.5829791e-01   1.2731204e+00   1.0939416e+00
   5.9178000e+05   1.8401691e+00   8.9445645e-01   1.2656662e+00   1.0990960e+00
   5.9179000e+05   1.8789392e+00   9.3639195e-01   1.2578167e+00   1.1037801e+00
   5.9180000e+05   1.9227084e+00   9.8419117e-01   1.2495914e+00   1.1079755e+00
   5.9181000e+05   1.9713317e+00   1.0377054e+00   1.2410107e+00   1.1116652e+00
   5.9182000e+05   2.0243901e+00   1.0965095e+00   1.2320956e+00   1.1148346e+00
   5.9183000e+05   2.0811615e+00   1.1598728e+00   1.2228675e+00   1.1174708e+00
   5.9184000e+05   2.1406079e+00   1.2267459e+00   1.2133485e+00   1.1195631e+00
   5.9185000e+05   2.2013823e+00   1.2957679e+00   1.2035609e+00   1.1211030e+00
   5.9186000e+05   2.2618589e+00   1.3652967e+00   1.1935275e+00   1.1220843e+00
   5.9187000e+05   2.3201870e+00   1.4334628e+00   1.1832710e+00   1.1225029e+00
   5.9188000e+05   2.3743678e+00   1.4982459e+00   1.1728144e+00   1.1223571e+00
   5.9189000e+05   2.4223488e+00   1.5575701e+00   1.1621809e+00   1.1216474e+00
   5.9190000e+05   2.4621329e+00   1.6094123e+00   1.1513933e+00   1.1203769e+00
   5.9191000e+05   2.4918908e+00   1.6519152e+00   1.1404746e+00   1.1185506e+00
   5.9192000e+05   2.5100720e+00   1.6834981e+00   1.1294474e+00   1.1161761e+00
   5.9193000e+05   2.5155011e+00   1.7029537e+00   1.1183341e+00   1.1132629e+00
   5.9194000e+05   2.5074548e+00   1.7095248e+00   1.1071566e+00   1.1098230e+00
   5.9195000e+05   2.4857108e+00   1.7029537e+00   1.0959367e+00   1.1058701e+00
   5.9196000e+05   2.4505638e+00   1.6834981e+00   1.0846953e+00   1.1014200e+00
   5.9197000e+05   2.4028092e+00   1.6519152e+00   1.0734531e+00   1.0964905e+00
   5.9198000e+05   2.3436936e+00   1.6094123e+00   1.0622301e+00   1.0911009e+00
   5.9199000e+05   2.2748382e+00   1.5575701e+00   1.0510454e+00   1.0852722e+00
   5.9200000e+05   2.1981412e+00   1.4982459e+00   1.0399178e+00   1.0790271e+00
   5.9201000e+05   2.1156675e+00   1.4334628e+00   1.0288651e+00   1.0723893e+00
   5.9202000e+05   2.0295352e+00   1.3652967e+00   1.0179043e+00   1.0653838e+00
   5.9203000e+05   1.9418067e+00   1.2957679e+00   1.0070516e+00   1.0580367e+00
   5.9204000e+05   1.8543939e+00   1.2267459e+00   9.9632254e-01   1.0503750e+00
   5.9205000e+05   1.7689810e+00   1.1598728e+00   9.8573153e-01   1.0424263e+00
   5.9206000e+05   1.6869708e+00   1.0965095e+00   9.7529219e-01   1.0342187e+00
   5.9207000e+05   1.6094537e+00   1.0377054e+00   9.6501724e-01   1.0257807e+00
   5.9208000e+05   1.5372011e+00   9.8419117e-01   9.5491846e-01   1.0171411e+00
   5.9209000e+05   1.4706778e+00   9.3639195e-01   9.4500670e-01   1.0083288e+00
   5.9210000e+05   1.4100710e+00   8.9445645e-01   9.3529190e-01   9.9937228e-01
   5.9211000e+05   1.3553314e+00   8.5829791e-01   9.2578306e-01   9.9030011e-01
   5.9212000e+05   1.3062203e+00   8.2764145e-01   9.1648825e-01   9.8114027e-01
   5.9213000e+05   1.2623590e+00   8.0207372e-01   9.0741466e-01   9.7192025e-01
   5.9214000e+05   1.2232763e+00   7.8109053e-01   8.9856856e-01   9.6266686e-01
   5.9215000e+05   1.1884517e+00   7.6413986e-01   8.8995535e-01   9.5340611e-01
   5.9216000e+05   1.1573511e+00   7.5065807e-01   8.8157957e-01   9.4416312e-01
   5.9217000e+05   1.1294558e+00   7.4009847e-01   8.7344492e-01   9.3496199e-01
   5.9218000e+05   1.1042824e+00   7.3195202e-01   8.6555431e-01   9.2582573e-01
   5.9219000e+05   1.0813971e+00   7.2576072e-01   8.5790985e-01   9.1677618e-01
   5.9220000e+05   1.0604218e+00   7.2112464e-01   8.5051291e-01   9.0783392e-01
   5.9221000e+05   1.0410365e+00   7.1770381e-01   8.4336412e-01   8.9901822e-01
   5.9222000e+05   1.0229771e+00   7.1521625e-01   8.3646346e-01   8.9034702e-01
   5.9223000e+05   1.0060308e+00   7.1343338e-01   8.2981022e-01   8.8183686e-01
   5.9224000e+05   9.9003018e-01   7.1217384e-01   8.2340310e-01   8.7350286e-01
   5.9225000e+05   9.7484601e-01   7.1129667e-01   8.1724023e-01   8.6535873e-01
   5.9226000e+05   9.6038072e-01   7.1069444e-01   8.1131917e-01   8.5741675e-01
   5.9227000e+05   9.4656190e-01   7.1028678e-01   8.0563700e-01   8.4968775e-01
   5.9228000e+05   9.3333659e-01   7.1001470e-01   8.0019033e-01   8.4218118e-01
   5.9229000e+05   9.2066645e-01   7.0983565e-01   7.9497534e-01   8.3490508e-01
   5.9230000e+05   9.0852382e-01   7.0971946e-01   7.8998783e-01   8.2786616e-01
   5.9231000e+05   8.9688849e-01   7.0964510e-01   7.8522322e-01   8.2106980e-01
   5.9232000e+05   8.8574529e-01   7.0959818e-01   7.8067665e-01   8.1452010e-01
   5.9233000e+05   8.7508224e-01   7.0956897e-01   7.7634295e-01   8.0821994e-01
   5.9234000e+05   8.6488922e-01   7.0955105e-01   7.7221674e-01   8.0217107e-01
   5.9235000e+05   8.5515704e-01   7.0954019e-01   7.6829238e-01   7.9637410e-01
   5.9236000e+05   8.4587678e-01   7.0953371e-01   7.6456410e-01   7.9082861e-01
   5.9237000e+05   8.3703942e-01   7.0952990e-01   7.6102594e-01   7.8553321e-01
   5.9238000e+05   8.2863553e-01   7.0952768e-01   7.5767186e-01   7.8048562e-01
   5.9239000e+05   8.2065519e-01   7.0952641e-01   7.5449570e-01   7.7568272e-01
   5.9240000e+05   8.1308793e-01   7.0952569e-01   7.5149126e-01   7.7112062e-01
   5.9241000e+05   8.0592270e-01   7.0952529e-01   7.4865229e-01   7.6679475e-01
   5.9242000e+05   7.9914792e-01   7.0952507e-01   7.4597254e-01   7.6269994e-01
   5.9243000e+05   7.9275152e-01   7.0952495e-01   7.4344575e-01   7.5883045e-01
   5.9244000e+05   7.8672105e-01   7.0952488e-01   7.4106573e-01   7.5518007e-01
   5.9245000e+05   7.8104371e-01   7.0952485e-01   7.3882630e-01   7.5174219e-01
   5.9246000e+05   7.7570641e-01   7.0952483e-01   7.3672137e-01   7.4850984e-01
   5.9247000e+05   7.7069591e-01   7.0952482e-01   7.3474493e-01   7.4547579e-01
   5.9248000e+05   7.6599883e-01   7.0952482e-01   7.3289107e-01   7.4263257e-01
   5.9249000e+05   7.6160174e-01   7.0952482e-01   7.3115400e-01   7.3997255e-01
   5.9250000e+05   7.5749122e-01   7.0952482e-01   7.2952804e-01   7.3748799e-01
   5.9251000e+05   7.5365393e-01   7.0952482e-01   7.2800766e-01   7.3517108e-01
   5.9252000e+05   7.5007666e-01   7.0952482e-01   7.2658747e-01   7.3301400e-01
   5.9253000e+05   7.4674638e-01   7.0952482e-01   7.2526223e-01   7.3100896e-01
   5.9254000e+05   7.4365026e-01   7.0952482e-01   7.2402685e-01   7.2914822e-01
   5.9255000e+05   7.4077576e-01   7.0952482e-01   7.2287642e-01   7.2742415e-01
   5.9256000e+05   7.3811062e-01   7.0952482e-01   7.2180619e-01   7.2582925e-01
   5.9257000e+05   7.3564292e-01   7.0952482e-01   7.2081158e-01   7.2435616e-01
   5.9258000e+05   7.3336109e-01   7.0952482e-01   7.1988818e-01   7.2299773e-01
   5.9259000e+05   7.3125395e-01   7.0952482e-01   7.1903176e-01   7.2174700e-01
   5.9260000e+05   7.3015733e-01   7.0952482e-01   7.1823826e-01   7.2144388e-01
   5.9261000e+05   7.3064717e-01   7.0952482e-01   7.1750381e-01   7.2266818e-01
   5.9262000e+05   7.3129831e-01   7.0952482e-01   7.1682468e-01   7.2399844e-01
   5.9263000e+05   7.3211409e-01   7.0952482e-01   7.1619735e-01   7.2544155e-01
   5.9264000e+05   7.3309826e-01   7.0952482e-01   7.1561844e-01   7.2700464e-01
   5.9265000e+05   7.3425493e-01   7.0952482e-01   7.1508475e-01   7.2869500e-01
   5.9266000e+05   7.3558851e-01   7.0952482e-01   7.1459323e-01   7.3052010e-01
   5.9267000e+05   7.3710373e-01   7.0952482e-01   7.1414101e-01   7.3248754e-01
   5.9268000e+05   7.3880556e-01   7.0952482e-01   7.1372535e-01   7.3460503e-01
   5.9269000e+05   7.4069921e-01   7.0952482e-01   7.1334367e-01   7.3688035e-01
   5.9270000e+05   7.4279007e-01   7.0952482e-01   7.1299356e-01   7.3932133e-01
   5.9271000e+05   7.4508367e-01   7.0952482e-01   7.1267270e-01   7.4193578e-01
   5.9272000e+05   7.4758560e-01   7.0952482e-01   7.1237896e-01   7.4473146e-01
   5.9273000e+05   7.5030151e-01   7.0952482e-01   7.1211029e-01   7.4771603e-01
   5.9274000e+05   7.5323700e-01   7.0952482e-01   7.1186481e-01   7.5089701e-01
   5.9275000e+05   7.5639761e-01   7.0952482e-01   7.1164073e-01   7.5428170e-01
   5.9276000e+05   7.5978871e-01   7.0952482e-01   7.1143638e-01   7.5787714e-01
   5.9277000e+05   7.6341544e-01   7.0952482e-01   7.1125022e-01   7.6169004e-01
   5.9278000e+05   7.6728268e-01   7.0952482e-01   7.1108078e-01   7.6572672e-01
   5.9279000e+05   7.7139493e-01   7.0952482e-01   7.1092672e-01   7.6999303e-01
   5.9280000e+05   7.7575626e-01   7.0952482e-01   7.1078678e-01   7.7449430e-01
   5.9281000e+05   7.8037025e-01   7.0952482e-01   7.1065978e-01   7.7923528e-01
   5.9282000e+05   7.8523985e-01   7.0952482e-01   7.1054464e-01   7.8422002e-01
   5.9283000e+05   7.9036740e-01   7.0952482e-01   7.1044037e-01   7.8945185e-01
   5.9284000e+05   7.9575446e-01   7.0952482e-01   7.1034601e-01   7.9493326e-01
   5.9285000e+05   8.0140180e-01   7.0952482e-01   7.1026071e-01   8.0066590e-01
   5.9286000e+05   8.0730930e-01   7.0952482e-01   7.1018368e-01   8.0665043e-01
   5.9287000e+05   8.1347586e-01   7.0952482e-01   7.1011419e-01   8.1288649e-01
   5.9288000e+05   8.1997594e-01   7.0952482e-01   7.1012810e-01   8.1937266e-01
   5.9289000e+05   8.2678063e-01   7.0952482e-01   7.1019911e-01   8.2610634e-01
   5.9290000e+05   8.3383673e-01   7.0952482e-01   7.1027780e-01   8.3308374e-01
   5.9291000e+05   8.4113992e-01   7.0952482e-01   7.1036492e-01   8.4029982e-01
   5.9292000e+05   8.4868467e-01   7.0952482e-01   7.1046127e-01   8.4774821e-01
   5.9293000e+05   8.5646414e-01   7.0952482e-01   7.1056773e-01   8.5542122e-01
   5.9294000e+05   8.6447020e-01   7.0952482e-01   7.1068526e-01   8.6330976e-01
   5.9295000e+05   8.7269340e-01   7.0952482e-01   7.1081486e-01   8.7140335e-01
   5.9296000e+05   8.8112291e-01   7.0952482e-01   7.1095765e-01   8.7969008e-01
   5.9297000e+05   8.8974661e-01   7.0952482e-01   7.1111481e-01   8.8815661e-01
   5.9298000e+05   8.9855099e-01   7.0952482e-01   7.1128762e-01   8.9678818e-01
   5.9299000e+05   9.0752125e-01   7.0952482e-01   7.1147746e-01   9.0556860e-01
   5.9300000e+05   9.1664128e-01   7.0952482e-01   7.1168579e-01   9.1448031e-01
   5.9301000e+05   9.2589373e-01   7.0952482e-01   7.1191419e-01   9.2350435e-01
   5.9302000e+05   9.3526003e-01   7.0952482e-01   7.1216436e-01   9.3262048e-01
   5.9303000e+05   9.4472046e-01   7.0952482e-01   7.1243810e-01   9.4180718e-01
   5.9304000e+05   9.5425424e-01   7.0952482e-01   7.1273733e-01   9.5104172e-01
   5.9305000e+05   9.6383957e-01   7.0952482e-01   7.1306410e-01   9.6030029e-01
   5.9306000e+05   9.7345379e-01   7.0952482e-01   7.1342061e-01   9.6955800e-01
   5.9307000e+05   9.8307342e-01   7.0952482e-01   7.1380917e-01   9.7878907e-01
   5.9308000e+05   9.9267429e-01   7.0952482e-01   7.1423224e-01   9.8796687e-01
   5.9309000e+05   1.0022317e+00   7.0952482e-01   7.1469243e-01   9.9706409e-01
   5.9310000e+05   1.0117205e+00   7.0952482e-01   7.1519250e-01   1.0060528e+00
   5.9311000e+05   1.0211153e+00   7.0952482e-01   7.1573537e-01   1.0149047e+00
   5.9312000e+05   1.0303905e+00   7.0952482e-01   7.1632411e-01   1.0235912e+00
   5.9313000e+05   1.0395206e+00   7.0952482e-01   7.1696196e-01   1.0320834e+00
   5.9314000e+05   1.0484801e+00   7.0952482e-01   7.1765233e-01   1.0403526e+00
   5.9315000e+05   1.0572442e+00   7.0952482e-01   7.1839879e-01   1.0483702e+00
   5.9316000e+05   1.0657882e+00   7.0952482e-01   7.1920509e-01   1.0561079e+00
   5.9317000e+05   1.0740883e+00   7.0952482e-01   7.2007514e-01   1.0635380e+00
   5.9318000e+05   1.0821214e+00   7.0952482e-01   7.2101304e-01   1.0706332e+00
   5.9319000e+05   1.0898656e+00   7.0952482e-01   7.2202305e-01   1.0773674e+00
   5.9320000e+05   1.0973000e+00   7.0952482e-01   7.2310963e-01   1.0837152e+00
   5.9321000e+05   1.1044050e+00   7.0952482e-01   7.2427739e-01   1.0896525e+00
   5.9322000e+05   1.1111626e+00   7.0952482e-01   7.2553110e-01   1.0951563e+00
   5.9323000e+05   1.1175562e+00   7.0952482e-01   7.2687572e-01   1.1002053e+00
   5.9324000e+05   1.1235712e+00   7.0952482e-01   7.2831638e-01   1.1047797e+00
   5.9325000e+05   1.1291947e+00   7.0952482e-01   7.2985833e-01   1.1088612e+00
   5.9326000e+05   1.1344158e+00   7.0952482e-01   7.3150700e-01   1.1124336e+00
   5.9327000e+05   1.1392257e+00   7.0952482e-01   7.3326797e-01   1.1154825e+00
   5.9328000e+05   1.1436178e+00   7.0952482e-01   7.3514691e-01   1.1179957e+00
   5.9329000e+05   1.1475877e+00   7.0952482e-01   7.3714966e-01   1.1199628e+00
   5.9330000e+05   1.1511333e+00   7.0952482e-01   7.3928215e-01   1.1213759e+00
   5.9331000e+05   1.1542549e+00   7.0952482e-01   7.4155041e-01   1.1222293e+00
   5.9332000e+05   1.1569550e+00   7.0952482e-01   7.4396054e-01   1.1225193e+00
   5.9333000e+05   1.1592388e+00   7.0952482e-01   7.4651872e-01   1.1222449e+00
   5.9334000e+05   1.1611135e+00   7.0952482e-01   7.4923117e-01   1.1214071e+00
   5.9335000e+05   1.1625887e+00   7.0952482e-01   7.5210414e-01   1.1200094e+00
   5.9336000e+05   1.1636766e+00   7.0952482e-01   7.5514389e-01   1.1180575e+00
   5.9337000e+05   1.1643912e+00   7.0952482e-01   7.5835665e-01   1.1155593e+00
   5.9338000e+05   1.1647489e+00   7.0952482e-01   7.6174863e-01   1.1125251e+00
   5.9339000e+05   1.1647681e+00   7.0952482e-01   7.6532595e-01   1.1089669e+00
   5.9340000e+05   1.1644691e+00   7.0952482e-01   7.6909465e-01   1.1048993e+00
   5.9341000e+05   1.1638742e+00   7.0952482e-01   7.7306064e-01   1.1003384e+00
   5.9342000e+05   1.1630071e+00   7.0952482e-01   7.7722968e-01   1.0953022e+00
   5.9343000e+05   1.1618932e+00   7.0952482e-01   7.8160735e-01   1.0898107e+00
   5.9344000e+05   1.1605593e+00   7.0952482e-01   7.8619898e-01   1.0838851e+00
   5.9345000e+05   1.1590332e+00   7.0952482e-01   7.9100970e-01   1.0775484e+00
   5.9346000e+05   1.1573440e+00   7.0952482e-01   7.9604430e-01   1.0708245e+00
   5.9347000e+05   1.1555214e+00   7.0952482e-01   8.0130729e-01   1.0637389e+00
   5.9348000e+05   1.1535957e+00   7.0952482e-01   8.0680278e-01   1.0563178e+00
   5.9349000e+05   1.1515979e+00   7.0952482e-01   8.1253452e-01   1.0485882e+00
   5.9350000e+05   1.1495590e+00   7.0952482e-01   8.1850580e-01   1.0405780e+00
   5.9351000e+05   1.1475100e+00   7.0952482e-01   8.2471944e-01   1.0323154e+00
   5.9352000e+05   1.1454819e+00   7.0952482e-01   8.3117776e-01   1.0238289e+00
   5.9353000e+05   1.1435052e+00   7.0952482e-01   8.3788253e-01   1.0151475e+00
   5.9354000e+05   1.1416098e+00   7.0952482e-01   8.4483492e-01   1.0062997e+00
   5.9355000e+05   1.1398251e+00   7.0952482e-01   8.5203549e-01   9.9731440e-01
   5.9356000e+05   1.1381791e+00   7.0952482e-01   8.5948414e-01   9.8821981e-01
   5.9357000e+05   1.1366991e+00   7.0952482e-01   8.6718009e-01   9.7904386e-01
   5.9358000e+05   1.1354109e+00   7.0952482e-01   8.7512181e-01   9.6981390e-01
   5.9359000e+05   1.1343388e+00   7.0952482e-01   8.8330702e-01   9.6055658e-01
   5.9360000e+05   1.1335055e+00   7.0952482e-01   8.9173266e-01   9.5129770e-01
   5.9361000e+05   1.1329322e+00   7.0952482e-01   9.0039486e-01   9.4206216e-01
   5.9362000e+05   1.1326379e+00   7.0952482e-01   9.0928889e-01   9.3287383e-01
   5.9363000e+05   1.1326398e+00   7.0952482e-01   9.1840917e-01   9.2375546e-01
   5.9364000e+05   1.1329530e+00   7.0952482e-01   9.2774925e-01   9.1472859e-01
   5.9365000e+05   1.1335905e+00   7.0952482e-01   9.3730176e-01   9.0581351e-01
   5.9366000e+05   1.1345628e+00   7.0952482e-01   9.4705842e-01   8.9702921e-01
   5.9367000e+05   1.1358785e+00   7.0952482e-01   9.5701004e-01   8.8839330e-01
   5.9368000e+05   1.1375437e+00   7.0952482e-01   9.6714650e-01   8.7992199e-01
   5.9369000e+05   1.1395620e+00   7.0952482e-01   9.7745674e-01   8.7163010e-01
   5.9370000e+05   1.1419350e+00   7.0952482e-01   9.8792880e-01   8.6353100e-01
   5.9371000e+05   1.1446616e+00   7.0952482e-01   9.9854978e-01   8.5563664e-01
   5.9372000e+05   1.1477386e+00   7.0952482e-01   1.0093059e+00   8.4795754e-01
   5.9373000e+05   1.1511604e+00   7.0952482e-01   1.0201824e+00   8.4050283e-01
   5.9374000e+05   1.1549191e+00   7.0952482e-01   1.0311637e+00   8.3328023e-01
   5.9375000e+05   1.1590048e+00   7.0952482e-01   1.0422335e+00   8.2629615e-01
   5.9376000e+05   1.1634054e+00   7.0952482e-01   1.0533745e+00   8.1955567e-01
   5.9377000e+05   1.1681065e+00   7.0952482e-01   1.0645687e+00   8.1306261e-01
   5.9378000e+05   1.1730922e+00   7.0952482e-01   1.0757974e+00   8.0681960e-01
   5.9379000e+05   1.1783444e+00   7.0952482e-01   1.0870411e+00   8.0082811e-01
   5.9380000e+05   1.1838434e+00   7.0952482e-01   1.0982797e+00   7.9508850e-01
   5.9381000e+05   1.1895679e+00   7.0952482e-01   1.1094925e+00   7.8960015e-01
   5.9382000e+05   1.1954951e+00   7.0952482e-01   1.1206584e+00   7.8436145e-01
   5.9383000e+05   1.2016007e+00   7.0952482e-01   1.1317556e+00   7.7936991e-01
   5.9384000e+05   1.2078595e+00   7.0952482e-01   1.1427621e+00   7.7462224e-01
   5.9385000e+05   1.2142449e+00   7.0952482e-01   1.1536553e+00   7.7011439e-01
   5.9386000e+05   1.2207294e+00   7.0952482e-01   1.1644126e+00   7.6584165e-01
   5.9387000e+05   1.2272850e+00   7.0952482e-01   1.1750111e+00   7.6179870e-01
   5.9388000e+05   1.2338827e+00   7.0952482e-01   1.1854278e+00   7.5797969e-01
   5.9389000e+05   1.2404932e+00   7.0952482e-01   1.1956397e+00   7.5437832e-01
   5.9390000e+05   1.2470868e+00   7.0952482e-01   1.2056237e+00   7.5098789e-01
   5.9391000e+05   1.2536337e+00   7.0952482e-01   1.2153572e+00   7.4780137e-01
   5.9392000e+05   1.2601040e+00   7.0952482e-01   1.2248173e+00   7.4481147e-01
   5.9393000e+05   1.2664678e+00   7.0952482e-01   1.2339819e+00   7.4201066e-01
   5.9394000e+05   1.2726955e+00   7.0952482e-01   1.2428290e+00   7.3939130e-01
   5.9395000e+05   1.2787581e+00   7.0952482e-01   1.2513373e+00   7.3694563e-01
   5.9396000e+05   1.2846269e+00   7.0952482e-01   1.2594859e+00   7.3466583e-01
   5.9397000e+05   1.2902737e+00   7.0952482e-01   1.2672545e+00   7.3254407e-01
   5.9398000e+05   1.2956715e+00   7.0952482e-01   1.2746238e+00   7.3057259e-01
   5.9399000e+05   1.3007939e+00   7.0952482e-01   1.2815750e+00   7.2874365e-01
   5.9400000e+05   1.3056155e+00   7.0952482e-01   1.2880906e+00   7.2704967e-01
