   5.8500000e+05   1.0639458e+00   8.1090820e-01   8.2535928e-01   1.0494947e+00
   5.8501000e+05   1.0529590e+00   8.1090820e-01   8.2408375e-01   1.0397834e+00
   5.8502000e+05   1.0421626e+00   8.1090820e-01   8.2290728e-01   1.0301635e+00
   5.8503000e+05   1.0315725e+00   8.1090820e-01   8.2182357e-01   1.0206571e+00
   5.8504000e+05   1.0212034e+00   8.1090820e-01   8.2082655e-01   1.0112851e+00
   5.8505000e+05   1.0110691e+00   8.1090820e-01   8.1991046e-01   1.0020669e+00
   5.8506000e+05   1.0011818e+00   8.1090820e-01   8.1906979e-01   9.9302022e-01
   5.8507000e+05   9.9155265e-01   8.1090820e-01   8.1829930e-01   9.8416154e-01
   5.8508000e+05   9.8219142e-01   8.1090820e-01   8.1759401e-01   9.7550560e-01
   5.8509000e+05   9.7310666e-01   8.1090820e-01   8.1694922e-01   9.6706564e-01
   5.8510000e+05   9.6430562e-01   8.1090820e-01   8.1636047e-01   9.5885335e-01
   5.8511000e+05   9.5579425e-01   8.1090820e-01   8.1582356e-01   9.5087889e-01
   5.8512000e+05   9.4757728e-01   8.1090820e-01   8.1533453e-01   9.4315094e-01
   5.8513000e+05   9.3965817e-01   8.1090820e-01   8.1488967e-01   9.3567669e-01
   5.8514000e+05   9.3203921e-01   8.1090820e-01   8.1448550e-01   9.2846191e-01
   5.8515000e+05   9.2472153e-01   8.1090820e-01   8.1411873e-01   9.2151100e-01
   5.8516000e+05   9.1770515e-01   8.1090820e-01   8.1378632e-01   9.1482703e-01
   5.8517000e+05   9.1098904e-01   8.1090820e-01   8.1348543e-01   9.0841181e-01
   5.8518000e+05   9.0457117e-01   8.1090820e-01   8.1321340e-01   9.0226597e-01
   5.8519000e+05   8.9844857e-01   8.1090820e-01   8.1296776e-01   8.9638901e-01
   5.8520000e+05   8.9261741e-01   8.1090820e-01   8.1274622e-01   8.9077939e-01
   5.8521000e+05   8.8707304e-01   8.1090820e-01   8.1254667e-01   8.8543457e-01
   5.8522000e+05   8.8181009e-01   8.1090820e-01   8.1236714e-01   8.8035115e-01
   5.8523000e+05   8.7682251e-01   8.1090820e-01   8.1220581e-01   8.7552489e-01
   5.8524000e+05   8.7210365e-01   8.1090820e-01   8.1206103e-01   8.7095081e-01
   5.8525000e+05   8.6764634e-01   8.1090820e-01   8.1193125e-01   8.6662329e-01
   5.8526000e+05   8.6344295e-01   8.1090820e-01   8.1181506e-01   8.6253609e-01
   5.8527000e+05   8.5948546e-01   8.1090820e-01   8.1171116e-01   8.5868250e-01
   5.8528000e+05   8.5576550e-01   8.1090820e-01   8.1161836e-01   8.5505534e-01
   5.8529000e+05   8.5227447e-01   8.1090820e-01   8.1153558e-01   8.5164709e-01
   5.8530000e+05   8.4900355e-01   8.1090820e-01   8.1146183e-01   8.4844991e-01
   5.8531000e+05   8.4594376e-01   8.1090820e-01   8.1139619e-01   8.4545576e-01
   5.8532000e+05   8.4308606e-01   8.1090820e-01   8.1133786e-01   8.4265639e-01
   5.8533000e+05   8.4042134e-01   8.1090820e-01   8.1128607e-01   8.4004347e-01
   5.8534000e+05   8.3794053e-01   8.1090820e-01   8.1124015e-01   8.3760857e-01
   5.8535000e+05   8.3563458e-01   8.1090820e-01   8.1119948e-01   8.3534329e-01
   5.8536000e+05   8.3349456e-01   8.1090820e-01   8.1116351e-01   8.3323924e-01
   5.8537000e+05   8.3151164e-01   8.1090820e-01   8.1113172e-01   8.3128812e-01
   5.8538000e+05   8.2967720e-01   8.1090820e-01   8.1110368e-01   8.2948172e-01
   5.8539000e+05   8.2798275e-01   8.1090820e-01   8.1107896e-01   8.2781199e-01
   5.8540000e+05   8.2642008e-01   8.1090820e-01   8.1105720e-01   8.2627108e-01
   5.8541000e+05   8.2498116e-01   8.1090820e-01   8.1103806e-01   8.2485130e-01
   5.8542000e+05   8.2365827e-01   8.1090820e-01   8.1102126e-01   8.2354521e-01
   5.8543000e+05   8.2473780e-01   8.1090820e-01   8.1101454e-01   8.2463146e-01
   5.8544000e+05   8.2615447e-01   8.1090820e-01   8.1103041e-01   8.2603225e-01
   5.8545000e+05   8.2769325e-01   8.1090820e-01   8.1104849e-01   8.2755296e-01
   5.8546000e+05   8.2936208e-01   8.1090820e-01   8.1106906e-01   8.2920122e-01
   5.8547000e+05   8.3116910e-01   8.1090820e-01   8.1109243e-01   8.3098486e-01
   5.8548000e+05   8.3312268e-01   8.1090820e-01   8.1111897e-01   8.3291191e-01
   5.8549000e+05   8.3523140e-01   8.1090820e-01   8.1114906e-01   8.3499054e-01
   5.8550000e+05   8.3750398e-01   8.1090820e-01   8.1118313e-01   8.3722904e-01
   5.8551000e+05   8.3994927e-01   8.1090820e-01   8.1122167e-01   8.3963579e-01
   5.8552000e+05   8.4257623e-01   8.1090820e-01   8.1126522e-01   8.4221921e-01
   5.8553000e+05   8.4539385e-01   8.1090820e-01   8.1131435e-01   8.4498770e-01
   5.8554000e+05   8.4841115e-01   8.1090820e-01   8.1136972e-01   8.4794963e-01
   5.8555000e+05   8.5163710e-01   8.1090820e-01   8.1143205e-01   8.5111325e-01
   5.8556000e+05   8.5508058e-01   8.1090820e-01   8.1150213e-01   8.5448665e-01
   5.8557000e+05   8.5875034e-01   8.1090820e-01   8.1158083e-01   8.5807770e-01
   5.8558000e+05   8.6265489e-01   8.1090820e-01   8.1166910e-01   8.6189399e-01
   5.8559000e+05   8.6680253e-01   8.1090820e-01   8.1176798e-01   8.6594275e-01
   5.8560000e+05   8.7120120e-01   8.1090820e-01   8.1187862e-01   8.7023077e-01
   5.8561000e+05   8.7585845e-01   8.1090820e-01   8.1200227e-01   8.7476437e-01
   5.8562000e+05   8.8078137e-01   8.1090820e-01   8.1214028e-01   8.7954929e-01
   5.8563000e+05   8.8597654e-01   8.1090820e-01   8.1229414e-01   8.8459060e-01
   5.8564000e+05   8.9144993e-01   8.1090820e-01   8.1246546e-01   8.8989267e-01
   5.8565000e+05   8.9720685e-01   8.1090820e-01   8.1265599e-01   8.9545906e-01
   5.8566000e+05   9.0325185e-01   8.1090820e-01   8.1286762e-01   9.0129243e-01
   5.8567000e+05   9.0958870e-01   8.1090820e-01   8.1310240e-01   9.0739450e-01
   5.8568000e+05   9.1622029e-01   8.1090820e-01   8.1336255e-01   9.1376594e-01
   5.8569000e+05   9.2314857e-01   8.1090820e-01   8.1365045e-01   9.2040632e-01
   5.8570000e+05   9.3037450e-01   8.1090820e-01   8.1396868e-01   9.2731402e-01
   5.8571000e+05   9.3789796e-01   8.1090820e-01   8.1431999e-01   9.3448617e-01
   5.8572000e+05   9.4571775e-01   8.1090820e-01   8.1470734e-01   9.4191860e-01
   5.8573000e+05   9.5383149e-01   8.1090820e-01   8.1513392e-01   9.4960577e-01
   5.8574000e+05   9.6223561e-01   8.1090820e-01   8.1560310e-01   9.5754070e-01
   5.8575000e+05   9.7092530e-01   8.1090820e-01   8.1611851e-01   9.6571499e-01
   5.8576000e+05   9.7989449e-01   8.1090820e-01   8.1668399e-01   9.7411870e-01
   5.8577000e+05   9.8913583e-01   8.1090820e-01   8.1730363e-01   9.8274040e-01
   5.8578000e+05   9.9864068e-01   8.1090820e-01   8.1798179e-01   9.9156709e-01
   5.8579000e+05   1.0083991e+00   8.1090820e-01   8.1872304e-01   1.0005842e+00
   5.8580000e+05   1.0183998e+00   8.1090820e-01   8.1953226e-01   1.0097758e+00
   5.8581000e+05   1.0286304e+00   8.1090820e-01   8.2041456e-01   1.0191240e+00
   5.8582000e+05   1.0390771e+00   8.1090820e-01   8.2137534e-01   1.0286100e+00
   5.8583000e+05   1.0497250e+00   8.1090820e-01   8.2242025e-01   1.0382129e+00
   5.8584000e+05   1.0605579e+00   8.1090820e-01   8.2355521e-01   1.0479109e+00
   5.8585000e+05   1.0715588e+00   8.1090820e-01   8.2478644e-01   1.0576806e+00
   5.8586000e+05   1.0827094e+00   8.1090820e-01   8.2612039e-01   1.0674972e+00
   5.8587000e+05   1.0939906e+00   8.1090820e-01   8.2756380e-01   1.0773350e+00
   5.8588000e+05   1.1053825e+00   8.1090820e-01   8.2912364e-01   1.0871671e+00
   5.8589000e+05   1.1168643e+00   8.1090820e-01   8.3080714e-01   1.0969653e+00
   5.8590000e+05   1.1284147e+00   8.1090820e-01   8.3262176e-01   1.1067011e+00
   5.8591000e+05   1.1400118e+00   8.1090820e-01   8.3457521e-01   1.1163448e+00
   5.8592000e+05   1.1516334e+00   8.1090820e-01   8.3667536e-01   1.1258662e+00
   5.8593000e+05   1.1632569e+00   8.1090820e-01   8.3893030e-01   1.1352348e+00
   5.8594000e+05   1.1748599e+00   8.1090820e-01   8.4134828e-01   1.1444198e+00
   5.8595000e+05   1.1864196e+00   8.1090820e-01   8.4393769e-01   1.1533901e+00
   5.8596000e+05   1.1979136e+00   8.1090820e-01   8.4670703e-01   1.1621147e+00
   5.8597000e+05   1.2093198e+00   8.1090820e-01   8.4966491e-01   1.1705631e+00
   5.8598000e+05   1.2206165e+00   8.1090820e-01   8.5281995e-01   1.1787047e+00
   5.8599000e+05   1.2317826e+00   8.1090820e-01   8.5618083e-01   1.1865100e+00
   5.8600000e+05   1.2427979e+00   8.1090820e-01   8.5975618e-01   1.1939499e+00
   5.8601000e+05   1.2536428e+00   8.1090820e-01   8.6355458e-01   1.2009964e+00
   5.8602000e+05   1.2642988e+00   8.1090820e-01   8.6758448e-01   1.2076225e+00
   5.8603000e+05   1.2747486e+00   8.1090820e-01   8.7185418e-01   1.2138027e+00
   5.8604000e+05   1.2849762e+00   8.1090820e-01   8.7637179e-01   1.2195126e+00
   5.8605000e+05   1.2949667e+00   8.1090820e-01   8.8114513e-01   1.2247298e+00
   5.8606000e+05   1.3047069e+00   8.1090820e-01   8.8618172e-01   1.2294334e+00
   5.8607000e+05   1.3141850e+00   8.1090820e-01   8.9148868e-01   1.2336045e+00
   5.8608000e+05   1.3233906e+00   8.1090820e-01   8.9707272e-01   1.2372261e+00
   5.8609000e+05   1.3323153e+00   8.1090820e-01   9.0294002e-01   1.2402835e+00
   5.8610000e+05   1.3409522e+00   8.1090820e-01   9.0909623e-01   1.2427642e+00
   5.8611000e+05   1.3492960e+00   8.1090820e-01   9.1554635e-01   1.2446578e+00
   5.8612000e+05   1.3573431e+00   8.1090820e-01   9.2229468e-01   1.2459567e+00
   5.8613000e+05   1.3650919e+00   8.1090820e-01   9.2934479e-01   1.2466553e+00
   5.8614000e+05   1.3725421e+00   8.1090820e-01   9.3669941e-01   1.2467509e+00
   5.8615000e+05   1.3796951e+00   8.1090820e-01   9.4436037e-01   1.2462429e+00
   5.8616000e+05   1.3865540e+00   8.1090820e-01   9.5232856e-01   1.2451336e+00
   5.8617000e+05   1.3931231e+00   8.1090820e-01   9.6060386e-01   1.2434275e+00
   5.8618000e+05   1.3994085e+00   8.1090820e-01   9.6918507e-01   1.2411316e+00
   5.8619000e+05   1.4054172e+00   8.1090820e-01   9.7806985e-01   1.2382556e+00
   5.8620000e+05   1.4111575e+00   8.1090820e-01   9.8725469e-01   1.2348110e+00
   5.8621000e+05   1.4166388e+00   8.1090820e-01   9.9673483e-01   1.2308121e+00
   5.8622000e+05   1.4218712e+00   8.1090820e-01   1.0065042e+00   1.2262752e+00
   5.8623000e+05   1.4268657e+00   8.1090820e-01   1.0165555e+00   1.2212184e+00
   5.8624000e+05   1.4316338e+00   8.1090820e-01   1.0268800e+00   1.2156620e+00
   5.8625000e+05   1.4361876e+00   8.1090820e-01   1.0374676e+00   1.2096281e+00
   5.8626000e+05   1.4405390e+00   8.1090820e-01   1.0483067e+00   1.2031405e+00
   5.8627000e+05   1.4447005e+00   8.1090820e-01   1.0593845e+00   1.1962242e+00
   5.8628000e+05   1.4486841e+00   8.1090820e-01   1.0706865e+00   1.1889059e+00
   5.8629000e+05   1.4525018e+00   8.1090820e-01   1.0821969e+00   1.1812131e+00
   5.8630000e+05   1.4561650e+00   8.1090820e-01   1.0938984e+00   1.1731748e+00
   5.8631000e+05   1.4596846e+00   8.1090820e-01   1.1057725e+00   1.1648202e+00
   5.8632000e+05   1.4630706e+00   8.1090820e-01   1.1177991e+00   1.1561797e+00
   5.8633000e+05   1.4663323e+00   8.1090820e-01   1.1299567e+00   1.1472839e+00
   5.8634000e+05   1.4694779e+00   8.1090820e-01   1.1422226e+00   1.1381635e+00
   5.8635000e+05   1.4725144e+00   8.1090820e-01   1.1545729e+00   1.1288497e+00
   5.8636000e+05   1.4754475e+00   8.1090820e-01   1.1669824e+00   1.1193733e+00
   5.8637000e+05   1.4782816e+00   8.1090820e-01   1.1794248e+00   1.1097650e+00
   5.8638000e+05   1.4810198e+00   8.1090820e-01   1.1918728e+00   1.1000552e+00
   5.8639000e+05   1.4836633e+00   8.1090820e-01   1.2042980e+00   1.0902735e+00
   5.8640000e+05   1.4862122e+00   8.1090820e-01   1.2166713e+00   1.0804491e+00
   5.8641000e+05   1.4886647e+00   8.1090820e-01   1.2289627e+00   1.0706102e+00
   5.8642000e+05   1.4910175e+00   8.1090820e-01   1.2411417e+00   1.0607840e+00
   5.8643000e+05   1.4932658e+00   8.1090820e-01   1.2531773e+00   1.0509967e+00
   5.8644000e+05   1.4954032e+00   8.1090820e-01   1.2650379e+00   1.0412735e+00
   5.8645000e+05   1.4974215e+00   8.1090820e-01   1.2766918e+00   1.0316380e+00
   5.8646000e+05   1.4993116e+00   8.1090820e-01   1.2881070e+00   1.0221127e+00
   5.8647000e+05   1.5010624e+00   8.1090820e-01   1.2992519e+00   1.0127187e+00
   5.8648000e+05   1.5026620e+00   8.1090820e-01   1.3100946e+00   1.0034756e+00
   5.8649000e+05   1.5040970e+00   8.1090820e-01   1.3206037e+00   9.9440144e-01
   5.8650000e+05   1.5053531e+00   8.1090820e-01   1.3307485e+00   9.8551282e-01
   5.8651000e+05   1.5064150e+00   8.1090820e-01   1.3404984e+00   9.7682476e-01
   5.8652000e+05   1.5072666e+00   8.1090820e-01   1.3498240e+00   9.6835074e-01
   5.8653000e+05   1.5078912e+00   8.1090820e-01   1.3586967e+00   9.6010269e-01
   5.8654000e+05   1.5082716e+00   8.1090820e-01   1.3670888e+00   9.5209101e-01
   5.8655000e+05   1.5083904e+00   8.1090820e-01   1.3749740e+00   9.4432459e-01
   5.8656000e+05   1.5082298e+00   8.1090820e-01   1.3823271e+00   9.3681086e-01
   5.8657000e+05   1.5077723e+00   8.1090820e-01   1.3891246e+00   9.2955581e-01
   5.8658000e+05   1.5070004e+00   8.1090820e-01   1.3953446e+00   9.2256403e-01
   5.8659000e+05   1.5058972e+00   8.1090820e-01   1.4009666e+00   9.1583880e-01
   5.8660000e+05   1.5044462e+00   8.1090820e-01   1.4059722e+00   9.0938213e-01
   5.8661000e+05   1.5026316e+00   8.1090820e-01   1.4103450e+00   9.0319482e-01
   5.8662000e+05   1.5004386e+00   8.1090820e-01   1.4140703e+00   8.9727653e-01
   5.8663000e+05   1.4978534e+00   8.1090820e-01   1.4171357e+00   8.9162588e-01
   5.8664000e+05   1.4948633e+00   8.1090820e-01   1.4195310e+00   8.8624049e-01
   5.8665000e+05   1.4914569e+00   8.1090820e-01   1.4212480e+00   8.8111707e-01
   5.8666000e+05   1.4876245e+00   8.1090820e-01   1.4222812e+00   8.7625152e-01
   5.8667000e+05   1.4833576e+00   8.1090820e-01   1.4226268e+00   8.7163896e-01
   5.8668000e+05   1.4786495e+00   8.1090820e-01   1.4222838e+00   8.6727386e-01
   5.8669000e+05   1.4734952e+00   8.1090820e-01   1.4212534e+00   8.6315008e-01
   5.8670000e+05   1.4678917e+00   8.1090820e-01   1.4195389e+00   8.5926097e-01
   5.8671000e+05   1.4618375e+00   8.1090820e-01   1.4171462e+00   8.5559943e-01
   5.8672000e+05   1.4553331e+00   8.1090820e-01   1.4140834e+00   8.5215797e-01
   5.8673000e+05   1.4483812e+00   8.1090820e-01   1.4103606e+00   8.4892881e-01
   5.8674000e+05   1.4409861e+00   8.1090820e-01   1.4059903e+00   8.4590393e-01
   5.8675000e+05   1.4331540e+00   8.1090820e-01   1.4009871e+00   8.4307511e-01
   5.8676000e+05   1.4248932e+00   8.1090820e-01   1.3953674e+00   8.4043402e-01
   5.8677000e+05   1.4162138e+00   8.1090820e-01   1.3891498e+00   8.3797226e-01
   5.8678000e+05   1.4071277e+00   8.1090820e-01   1.3823544e+00   8.3568141e-01
   5.8679000e+05   1.3976483e+00   8.1090820e-01   1.3750034e+00   8.3355308e-01
   5.8680000e+05   1.3877910e+00   8.1090820e-01   1.3671203e+00   8.3157894e-01
   5.8681000e+05   1.3775726e+00   8.1090820e-01   1.3587301e+00   8.2975078e-01
   5.8682000e+05   1.3670115e+00   8.1090820e-01   1.3498592e+00   8.2806053e-01
   5.8683000e+05   1.3561273e+00   8.1090820e-01   1.3405352e+00   8.2650028e-01
   5.8684000e+05   1.3449410e+00   8.1090820e-01   1.3307869e+00   8.2506234e-01
   5.8685000e+05   1.3334746e+00   8.1090820e-01   1.3206436e+00   8.2373922e-01
   5.8686000e+05   1.3236535e+00   8.1090820e-01   1.3101358e+00   8.2442593e-01
   5.8687000e+05   1.3141951e+00   8.1090820e-01   1.2992943e+00   8.2580893e-01
   5.8688000e+05   1.3045531e+00   8.1090820e-01   1.2881506e+00   8.2731068e-01
   5.8689000e+05   1.2947669e+00   8.1090820e-01   1.2767363e+00   8.2893879e-01
   5.8690000e+05   1.2848762e+00   8.1090820e-01   1.2650833e+00   8.3070106e-01
   5.8691000e+05   1.2749207e+00   8.1090820e-01   1.2532234e+00   8.3260550e-01
   5.8692000e+05   1.2649406e+00   8.1090820e-01   1.2411885e+00   8.3466025e-01
   5.8693000e+05   1.2549753e+00   8.1090820e-01   1.2290100e+00   8.3687359e-01
   5.8694000e+05   1.2450646e+00   8.1090820e-01   1.2167189e+00   8.3925389e-01
   5.8695000e+05   1.2352472e+00   8.1090820e-01   1.2043459e+00   8.4180955e-01
   5.8696000e+05   1.2255616e+00   8.1090820e-01   1.1919208e+00   8.4454899e-01
   5.8697000e+05   1.2160453e+00   8.1090820e-01   1.1794729e+00   8.4748059e-01
   5.8698000e+05   1.2067348e+00   8.1090820e-01   1.1670304e+00   8.5061262e-01
   5.8699000e+05   1.1976657e+00   8.1090820e-01   1.1546207e+00   8.5395320e-01
   5.8700000e+05   1.1888722e+00   8.1090820e-01   1.1422701e+00   8.5751024e-01
   5.8701000e+05   1.1803870e+00   8.1090820e-01   1.1300038e+00   8.6129136e-01
   5.8702000e+05   1.1722414e+00   8.1090820e-01   1.1178458e+00   8.6530387e-01
   5.8703000e+05   1.1644651e+00   8.1090820e-01   1.1058187e+00   8.6955462e-01
   5.8704000e+05   1.1570858e+00   8.1090820e-01   1.0939440e+00   8.7405002e-01
   5.8705000e+05   1.1501294e+00   8.1090820e-01   1.0822417e+00   8.7879589e-01
   5.8706000e+05   1.1436197e+00   8.1090820e-01   1.0707305e+00   8.8379741e-01
   5.8707000e+05   1.1375786e+00   8.1090820e-01   1.0594277e+00   8.8905908e-01
   5.8708000e+05   1.1320254e+00   8.1090820e-01   1.0483491e+00   8.9458457e-01
   5.8709000e+05   1.1269775e+00   8.1090820e-01   1.0375090e+00   9.0037669e-01
   5.8710000e+05   1.1224495e+00   8.1090820e-01   1.0269204e+00   9.0643731e-01
   5.8711000e+05   1.1184540e+00   8.1090820e-01   1.0165949e+00   9.1276727e-01
   5.8712000e+05   1.1150006e+00   8.1090820e-01   1.0065425e+00   9.1936631e-01
   5.8713000e+05   1.1120968e+00   8.1090820e-01   9.9677199e-01   9.2623300e-01
   5.8714000e+05   1.1097472e+00   8.1090820e-01   9.8729072e-01   9.3336467e-01
   5.8715000e+05   1.1079539e+00   8.1090820e-01   9.7810474e-01   9.4075735e-01
   5.8716000e+05   1.1067163e+00   8.1090820e-01   9.6921879e-01   9.4840570e-01
   5.8717000e+05   1.1060312e+00   8.1090820e-01   9.6063640e-01   9.5630300e-01
   5.8718000e+05   1.1058928e+00   8.1090820e-01   9.5235992e-01   9.6444104e-01
   5.8719000e+05   1.1062925e+00   8.1090820e-01   9.4439054e-01   9.7281013e-01
   5.8720000e+05   1.1072193e+00   8.1090820e-01   9.3672839e-01   9.8139906e-01
   5.8721000e+05   1.1086595e+00   8.1090820e-01   9.2937260e-01   9.9019509e-01
   5.8722000e+05   1.1105970e+00   8.1090820e-01   9.2232132e-01   9.9918392e-01
   5.8723000e+05   1.1130133e+00   8.1090820e-01   9.1557182e-01   1.0083497e+00
   5.8724000e+05   1.1158874e+00   8.1090820e-01   9.0912056e-01   1.0176751e+00
   5.8725000e+05   1.1191961e+00   8.1090820e-01   9.0296323e-01   1.0271411e+00
   5.8726000e+05   1.1229140e+00   8.1090820e-01   8.9709482e-01   1.0367274e+00
   5.8727000e+05   1.1270138e+00   8.1090820e-01   8.9150970e-01   1.0464123e+00
   5.8728000e+05   1.1314659e+00   8.1090820e-01   8.8620168e-01   1.0561725e+00
   5.8729000e+05   1.1362394e+00   8.1090820e-01   8.8116407e-01   1.0659835e+00
   5.8730000e+05   1.1413013e+00   8.1090820e-01   8.7638972e-01   1.0758198e+00
   5.8731000e+05   1.1466175e+00   8.1090820e-01   8.7187114e-01   1.0856545e+00
   5.8732000e+05   1.1521522e+00   8.1090820e-01   8.6760049e-01   1.0954599e+00
   5.8733000e+05   1.1578686e+00   8.1090820e-01   8.6356968e-01   1.1052072e+00
   5.8734000e+05   1.1637292e+00   8.1090820e-01   8.5977041e-01   1.1148669e+00
   5.8735000e+05   1.1696952e+00   8.1090820e-01   8.5619422e-01   1.1244092e+00
   5.8736000e+05   1.1757277e+00   8.1090820e-01   8.5283253e-01   1.1338034e+00
   5.8737000e+05   1.1817871e+00   8.1090820e-01   8.4967670e-01   1.1430186e+00
   5.8738000e+05   1.1878339e+00   8.1090820e-01   8.4671808e-01   1.1520240e+00
   5.8739000e+05   1.1938283e+00   8.1090820e-01   8.4394803e-01   1.1607885e+00
   5.8740000e+05   1.1997311e+00   8.1090820e-01   8.4135794e-01   1.1692813e+00
   5.8741000e+05   1.2055033e+00   8.1090820e-01   8.3893931e-01   1.1774722e+00
   5.8742000e+05   1.2111067e+00   8.1090820e-01   8.3668376e-01   1.1853312e+00
   5.8743000e+05   1.2165040e+00   8.1090820e-01   8.3458303e-01   1.1928292e+00
   5.8744000e+05   1.2216589e+00   8.1090820e-01   8.3262903e-01   1.1999380e+00
   5.8745000e+05   1.2265363e+00   8.1090820e-01   8.3081388e-01   1.2066306e+00
   5.8746000e+05   1.2311027e+00   8.1090820e-01   8.2912989e-01   1.2128810e+00
   5.8747000e+05   1.2353263e+00   8.1090820e-01   8.2756959e-01   1.2186649e+00
   5.8748000e+05   1.2391769e+00   8.1090820e-01   8.2612575e-01   1.2239594e+00
   5.8749000e+05   1.2426265e+00   8.1090820e-01   8.2479139e-01   1.2287434e+00
   5.8750000e+05   1.2456492e+00   8.1090820e-01   8.2355978e-01   1.2329976e+00
   5.8751000e+05   1.2482211e+00   8.1090820e-01   8.2242445e-01   1.2367048e+00
   5.8752000e+05   1.2503210e+00   8.1090820e-01   8.2137921e-01   1.2398500e+00
   5.8753000e+05   1.2519301e+00   8.1090820e-01   8.2041812e-01   1.2424202e+00
   5.8754000e+05   1.2530321e+00   8.1090820e-01   8.1953552e-01   1.2444048e+00
   5.8755000e+05   1.2536135e+00   8.1090820e-01   8.1872603e-01   1.2457956e+00
   5.8756000e+05   1.2536633e+00   8.1090820e-01   8.1798452e-01   1.2465870e+00
   5.8757000e+05   1.2531734e+00   8.1090820e-01   8.1730613e-01   1.2467755e+00
   5.8758000e+05   1.2521385e+00   8.1090820e-01   8.1668627e-01   1.2463604e+00
   5.8759000e+05   1.2505558e+00   8.1090820e-01   8.1612059e-01   1.2453434e+00
   5.8760000e+05   1.2484256e+00   8.1090820e-01   8.1560500e-01   1.2437288e+00
   5.8761000e+05   1.2457507e+00   8.1090820e-01   8.1513565e-01   1.2415232e+00
   5.8762000e+05   1.2425365e+00   8.1090820e-01   8.1470891e-01   1.2387358e+00
   5.8763000e+05   1.2387911e+00   8.1090820e-01   8.1432141e-01   1.2353779e+00
   5.8764000e+05   1.2345252e+00   8.1090820e-01   8.1396997e-01   1.2314634e+00
   5.8765000e+05   1.2297516e+00   8.1090820e-01   8.1365162e-01   1.2270081e+00
   5.8766000e+05   1.2244855e+00   8.1090820e-01   8.1336360e-01   1.2220301e+00
   5.8767000e+05   1.2187445e+00   8.1090820e-01   8.1310335e-01   1.2165493e+00
   5.8768000e+05   1.2125477e+00   8.1090820e-01   8.1286848e-01   1.2105875e+00
   5.8769000e+05   1.2059166e+00   8.1090820e-01   8.1265676e-01   1.2041681e+00
   5.8770000e+05   1.1988741e+00   8.1090820e-01   8.1246616e-01   1.1973161e+00
   5.8771000e+05   1.1914445e+00   8.1090820e-01   8.1229477e-01   1.1900579e+00
   5.8772000e+05   1.1836536e+00   8.1090820e-01   8.1214084e-01   1.1824210e+00
   5.8773000e+05   1.1755285e+00   8.1090820e-01   8.1200277e-01   1.1744339e+00
   5.8774000e+05   1.1670970e+00   8.1090820e-01   8.1187908e-01   1.1661261e+00
   5.8775000e+05   1.1583879e+00   8.1090820e-01   8.1176839e-01   1.1575277e+00
   5.8776000e+05   1.1494304e+00   8.1090820e-01   8.1166946e-01   1.1486691e+00
   5.8777000e+05   1.1402543e+00   8.1090820e-01   8.1158115e-01   1.1395813e+00
   5.8778000e+05   1.1308895e+00   8.1090820e-01   8.1150242e-01   1.1302952e+00
   5.8779000e+05   1.1213660e+00   8.1090820e-01   8.1143231e-01   1.1208419e+00
   5.8780000e+05   1.1117137e+00   8.1090820e-01   8.1136995e-01   1.1112519e+00
   5.8781000e+05   1.1019621e+00   8.1090820e-01   8.1131455e-01   1.1015558e+00
   5.8782000e+05   1.0921405e+00   8.1090820e-01   8.1126539e-01   1.0917833e+00
   5.8783000e+05   1.0822773e+00   8.1090820e-01   8.1122183e-01   1.0819636e+00
   5.8784000e+05   1.0724002e+00   8.1090820e-01   8.1118327e-01   1.0721251e+00
   5.8785000e+05   1.0625362e+00   8.1090820e-01   8.1114918e-01   1.0622952e+00
   5.8786000e+05   1.0527112e+00   8.1090820e-01   8.1111908e-01   1.0525003e+00
   5.8787000e+05   1.0429499e+00   8.1090820e-01   8.1109253e-01   1.0427656e+00
   5.8788000e+05   1.0332760e+00   8.1090820e-01   8.1106914e-01   1.0331151e+00
   5.8789000e+05   1.0237118e+00   8.1090820e-01   8.1104856e-01   1.0235714e+00
   5.8790000e+05   1.0142782e+00   8.1090820e-01   8.1103048e-01   1.0141559e+00
   5.8791000e+05   1.0049948e+00   8.1090820e-01   8.1101460e-01   1.0048884e+00
   5.8792000e+05   9.9590007e-01   8.1090820e-01   8.1102120e-01   9.9578707e-01
   5.8793000e+05   9.8699865e-01   8.1090820e-01   8.1103799e-01   9.8686886e-01
   5.8794000e+05   9.7829792e-01   8.1090820e-01   8.1105712e-01   9.7814900e-01
   5.8795000e+05   9.6981187e-01   8.1090820e-01   8.1107887e-01   9.6964120e-01
   5.8796000e+05   9.6155301e-01   8.1090820e-01   8.1110358e-01   9.6135763e-01
   5.8797000e+05   9.5353235e-01   8.1090820e-01   8.1113161e-01   9.5330894e-01
   5.8798000e+05   9.4575942e-01   8.1090820e-01   8.1116338e-01   9.4550424e-01
   5.8799000e+05   9.3824231e-01   8.1090820e-01   8.1119933e-01   9.3795117e-01
   5.8800000e+05   9.3098774e-01   8.1090820e-01   8.1123998e-01   9.3065595e-01
   5.8801000e+05   9.2400107e-01   8.1090820e-01   8.1128588e-01   9.2362339e-01
   5.8802000e+05   9.1728640e-01   8.1090820e-01   8.1133765e-01   9.1685695e-01
   5.8803000e+05   9.1084660e-01   8.1090820e-01   8.1139596e-01   9.1035884e-01
   5.8804000e+05   9.0468341e-01   8.1090820e-01   8.1146156e-01   9.0413005e-01
   5.8805000e+05   8.9879748e-01   8.1090820e-01   8.1153528e-01   8.9817040e-01
   5.8806000e+05   8.9318849e-01   8.1090820e-01   8.1161802e-01   8.9247866e-01
   5.8807000e+05   8.8785520e-01   8.1090820e-01   8.1171078e-01   8.8705262e-01
   5.8808000e+05   8.8279555e-01   8.1090820e-01   8.1181463e-01   8.8188911e-01
   5.8809000e+05   8.7800673e-01   8.1090820e-01   8.1193078e-01   8.7698415e-01
   5.8810000e+05   8.7348528e-01   8.1090820e-01   8.1206050e-01   8.7233297e-01
   5.8811000e+05   8.6922718e-01   8.1090820e-01   8.1220522e-01   8.6793015e-01
   5.8812000e+05   8.6522792e-01   8.1090820e-01   8.1236648e-01   8.6376963e-01
   5.8813000e+05   8.6148258e-01   8.1090820e-01   8.1254594e-01   8.5984484e-01
   5.8814000e+05   8.5798594e-01   8.1090820e-01   8.1274541e-01   8.5614873e-01
   5.8815000e+05   8.5473254e-01   8.1090820e-01   8.1296686e-01   8.5267388e-01
   5.8816000e+05   8.5171676e-01   8.1090820e-01   8.1321240e-01   8.4941255e-01
   5.8817000e+05   8.4893288e-01   8.1090820e-01   8.1348433e-01   8.4635675e-01
   5.8818000e+05   8.4637518e-01   8.1090820e-01   8.1378510e-01   8.4349828e-01
   5.8819000e+05   8.4403801e-01   8.1090820e-01   8.1411738e-01   8.4082882e-01
   5.8820000e+05   8.4191581e-01   8.1090820e-01   8.1448401e-01   8.3834000e-01
   5.8821000e+05   8.4000322e-01   8.1090820e-01   8.1488804e-01   8.3602338e-01
   5.8822000e+05   8.3829510e-01   8.1090820e-01   8.1533273e-01   8.3387056e-01
   5.8823000e+05   8.3678660e-01   8.1090820e-01   8.1582158e-01   8.3187322e-01
   5.8824000e+05   8.3547321e-01   8.1090820e-01   8.1635830e-01   8.3002311e-01
   5.8825000e+05   8.3435078e-01   8.1090820e-01   8.1694684e-01   8.2831214e-01
   5.8826000e+05   8.3341559e-01   8.1090820e-01   8.1759141e-01   8.2673238e-01
   5.8827000e+05   8.3266436e-01   8.1090820e-01   8.1829645e-01   8.2527610e-01
   5.8828000e+05   8.3209427e-01   8.1090820e-01   8.1906669e-01   8.2393578e-01
   5.8829000e+05   8.3322192e-01   8.1090820e-01   8.1990708e-01   8.2422304e-01
   5.8830000e+05   8.3550308e-01   8.1090820e-01   8.2082286e-01   8.2558841e-01
   5.8831000e+05   8.3798275e-01   8.1090820e-01   8.2181955e-01   8.2707139e-01
   5.8832000e+05   8.4067426e-01   8.1090820e-01   8.2290292e-01   8.2867954e-01
   5.8833000e+05   8.4359146e-01   8.1090820e-01   8.2407902e-01   8.3042063e-01
   5.8834000e+05   8.4674861e-01   8.1090820e-01   8.2535416e-01   8.3230265e-01
   5.8835000e+05   8.5016044e-01   8.1090820e-01   8.2673492e-01   8.3433372e-01
   5.8836000e+05   8.5384204e-01   8.1090820e-01   8.2822814e-01   8.3652210e-01
   5.8837000e+05   8.5780885e-01   8.1090820e-01   8.2984091e-01   8.3887614e-01
   5.8838000e+05   8.6207661e-01   8.1090820e-01   8.3158057e-01   8.4140425e-01
   5.8839000e+05   8.6666132e-01   8.1090820e-01   8.3345467e-01   8.4411484e-01
   5.8840000e+05   8.7157911e-01   8.1090820e-01   8.3547100e-01   8.4701631e-01
   5.8841000e+05   8.7684628e-01   8.1090820e-01   8.3763753e-01   8.5011694e-01
   5.8842000e+05   8.8247912e-01   8.1090820e-01   8.3996243e-01   8.5342489e-01
   5.8843000e+05   8.8849389e-01   8.1090820e-01   8.4245400e-01   8.5694809e-01
   5.8844000e+05   8.9490672e-01   8.1090820e-01   8.4512070e-01   8.6069422e-01
   5.8845000e+05   9.0173350e-01   8.1090820e-01   8.4797106e-01   8.6467064e-01
   5.8846000e+05   9.0898978e-01   8.1090820e-01   8.5101370e-01   8.6888428e-01
   5.8847000e+05   9.1669071e-01   8.1090820e-01   8.5425730e-01   8.7334161e-01
   5.8848000e+05   9.2485084e-01   8.1090820e-01   8.5771049e-01   8.7804855e-01
   5.8849000e+05   9.3348409e-01   8.1090820e-01   8.6138189e-01   8.8301040e-01
   5.8850000e+05   9.4260358e-01   8.1090820e-01   8.6528004e-01   8.8823174e-01
   5.8851000e+05   9.5222153e-01   8.1090820e-01   8.6941333e-01   8.9371640e-01
   5.8852000e+05   9.6234910e-01   8.1090820e-01   8.7378998e-01   8.9946732e-01
   5.8853000e+05   9.7299629e-01   8.1090820e-01   8.7841797e-01   9.0548651e-01
   5.8854000e+05   9.8417181e-01   8.1090820e-01   8.8330502e-01   9.1177499e-01
   5.8855000e+05   9.9588292e-01   8.1090820e-01   8.8845846e-01   9.1833266e-01
   5.8856000e+05   1.0081353e+00   8.1090820e-01   8.9388525e-01   9.2515827e-01
   5.8857000e+05   1.0209330e+00   8.1090820e-01   8.9959187e-01   9.3224936e-01
   5.8858000e+05   1.0342783e+00   8.1090820e-01   9.0558429e-01   9.3960216e-01
   5.8859000e+05   1.0481712e+00   8.1090820e-01   9.1186788e-01   9.4721155e-01
   5.8860000e+05   1.0626101e+00   8.1090820e-01   9.1844734e-01   9.5507101e-01
   5.8861000e+05   1.0775910e+00   8.1090820e-01   9.2532666e-01   9.6317256e-01
   5.8862000e+05   1.0931076e+00   8.1090820e-01   9.3250905e-01   9.7150677e-01
   5.8863000e+05   1.1091513e+00   8.1090820e-01   9.3999686e-01   9.8006264e-01
   5.8864000e+05   1.1257110e+00   8.1090820e-01   9.4779152e-01   9.8882768e-01
   5.8865000e+05   1.1427731e+00   8.1090820e-01   9.5589349e-01   9.9778781e-01
   5.8866000e+05   1.1603214e+00   8.1090820e-01   9.6430218e-01   1.0069274e+00
   5.8867000e+05   1.1783371e+00   8.1090820e-01   9.7301591e-01   1.0162294e+00
   5.8868000e+05   1.1967987e+00   8.1090820e-01   9.8203182e-01   1.0256751e+00
   5.8869000e+05   1.2156819e+00   8.1090820e-01   9.9134588e-01   1.0352443e+00
   5.8870000e+05   1.2349600e+00   8.1090820e-01   1.0009528e+00   1.0449154e+00
   5.8871000e+05   1.2546032e+00   8.1090820e-01   1.0108459e+00   1.0546656e+00
   5.8872000e+05   1.2745795e+00   8.1090820e-01   1.0210173e+00   1.0644704e+00
   5.8873000e+05   1.2948540e+00   8.1090820e-01   1.0314576e+00   1.0743046e+00
   5.8874000e+05   1.3153893e+00   8.1090820e-01   1.0421562e+00   1.0841413e+00
   5.8875000e+05   1.3361457e+00   8.1090820e-01   1.0531009e+00   1.0939530e+00
   5.8876000e+05   1.3570811e+00   8.1090820e-01   1.0642781e+00   1.1037111e+00
   5.8877000e+05   1.3781510e+00   8.1090820e-01   1.0756729e+00   1.1133863e+00
   5.8878000e+05   1.3993092e+00   8.1090820e-01   1.0872687e+00   1.1229487e+00
   5.8879000e+05   1.4205072e+00   8.1090820e-01   1.0990477e+00   1.1323676e+00
   5.8880000e+05   1.4416950e+00   8.1090820e-01   1.1109907e+00   1.1416125e+00
   5.8881000e+05   1.4628210e+00   8.1090820e-01   1.1230770e+00   1.1506522e+00
   5.8882000e+05   1.4838322e+00   8.1090820e-01   1.1352847e+00   1.1594558e+00
   5.8883000e+05   1.5046746e+00   8.1090820e-01   1.1475904e+00   1.1679925e+00
   5.8884000e+05   1.5252932e+00   8.1090820e-01   1.1599696e+00   1.1762318e+00
   5.8885000e+05   1.5456323e+00   8.1090820e-01   1.1723967e+00   1.1841438e+00
   5.8886000e+05   1.5656360e+00   8.1090820e-01   1.1848450e+00   1.1916992e+00
   5.8887000e+05   1.5852481e+00   8.1090820e-01   1.1972865e+00   1.1988698e+00
   5.8888000e+05   1.6044128e+00   8.1090820e-01   1.2096928e+00   1.2056282e+00
   5.8889000e+05   1.6230743e+00   8.1090820e-01   1.2220341e+00   1.2119483e+00
   5.8890000e+05   1.6411778e+00   8.1090820e-01   1.2342805e+00   1.2178056e+00
   5.8891000e+05   1.6586695e+00   8.1090820e-01   1.2464009e+00   1.2231768e+00
   5.8892000e+05   1.6754967e+00   8.1090820e-01   1.2583642e+00   1.2280407e+00
   5.8893000e+05   1.6916082e+00   8.1090820e-01   1.2701387e+00   1.2323777e+00
   5.8894000e+05   1.7069546e+00   8.1090820e-01   1.2816926e+00   1.2361702e+00
   5.8895000e+05   1.7214887e+00   8.1090820e-01   1.2929940e+00   1.2394028e+00
   5.8896000e+05   1.7351653e+00   8.1090820e-01   1.3040112e+00   1.2420623e+00
   5.8897000e+05   1.7479420e+00   8.1090820e-01   1.3147125e+00   1.2441377e+00
   5.8898000e+05   1.7597790e+00   8.1090820e-01   1.3250668e+00   1.2456204e+00
   5.8899000e+05   1.7706395e+00   8.1090820e-01   1.3350434e+00   1.2465043e+00
   5.8900000e+05   1.7804897e+00   8.1090820e-01   1.3446122e+00   1.2467858e+00
   5.8901000e+05   1.7892994e+00   8.1090820e-01   1.3537441e+00   1.2464636e+00
   5.8902000e+05   1.7970417e+00   8.1090820e-01   1.3624108e+00   1.2455391e+00
   5.8903000e+05   1.8036934e+00   8.1090820e-01   1.3705854e+00   1.2440161e+00
   5.8904000e+05   1.8092348e+00   8.1090820e-01   1.3782420e+00   1.2419010e+00
   5.8905000e+05   1.8136503e+00   8.1090820e-01   1.3853560e+00   1.2392025e+00
   5.8906000e+05   1.8169281e+00   8.1090820e-01   1.3919047e+00   1.2359316e+00
   5.8907000e+05   1.8190604e+00   8.1090820e-01   1.3978667e+00   1.2321018e+00
   5.8908000e+05   1.8200431e+00   8.1090820e-01   1.4032225e+00   1.2277287e+00
   5.8909000e+05   1.8198763e+00   8.1090820e-01   1.4079546e+00   1.2228299e+00
   5.8910000e+05   1.8185641e+00   8.1090820e-01   1.4120471e+00   1.2174252e+00
   5.8911000e+05   1.8161143e+00   8.1090820e-01   1.4154865e+00   1.2115359e+00
   5.8912000e+05   1.8125386e+00   8.1090820e-01   1.4182614e+00   1.2051854e+00
   5.8913000e+05   1.8078524e+00   8.1090820e-01   1.4203622e+00   1.1983984e+00
   5.8914000e+05   1.8020749e+00   8.1090820e-01   1.4217821e+00   1.1912009e+00
   5.8915000e+05   1.7952285e+00   8.1090820e-01   1.4225162e+00   1.1836205e+00
   5.8916000e+05   1.7873394e+00   8.1090820e-01   1.4225621e+00   1.1756855e+00
   5.8917000e+05   1.7784365e+00   8.1090820e-01   1.4219196e+00   1.1674251e+00
   5.8918000e+05   1.7685520e+00   8.1090820e-01   1.4205908e+00   1.1588695e+00
   5.8919000e+05   1.7577209e+00   8.1090820e-01   1.4185802e+00   1.1500489e+00
   5.8920000e+05   1.7459809e+00   8.1090820e-01   1.4158946e+00   1.1409944e+00
   5.8921000e+05   1.7333718e+00   8.1090820e-01   1.4125431e+00   1.1317369e+00
   5.8922000e+05   1.7199358e+00   8.1090820e-01   1.4085368e+00   1.1223072e+00
   5.8923000e+05   1.7057172e+00   8.1090820e-01   1.4038891e+00   1.1127363e+00
   5.8924000e+05   1.6907617e+00   8.1090820e-01   1.3986153e+00   1.1030546e+00
   5.8925000e+05   1.6751167e+00   8.1090820e-01   1.3927329e+00   1.0932919e+00
   5.8926000e+05   1.6588307e+00   8.1090820e-01   1.3862612e+00   1.0834777e+00
   5.8927000e+05   1.6419532e+00   8.1090820e-01   1.3792211e+00   1.0736402e+00
   5.8928000e+05   1.6245345e+00   8.1090820e-01   1.3716355e+00   1.0638073e+00
   5.8929000e+05   1.6066255e+00   8.1090820e-01   1.3635284e+00   1.0540053e+00
   5.8930000e+05   1.5882771e+00   8.1090820e-01   1.3549256e+00   1.0442597e+00
   5.8931000e+05   1.5695406e+00   8.1090820e-01   1.3458541e+00   1.0345947e+00
   5.8932000e+05   1.5504668e+00   8.1090820e-01   1.3363418e+00   1.0250332e+00
   5.8933000e+05   1.5311063e+00   8.1090820e-01   1.3264178e+00   1.0155966e+00
   5.8934000e+05   1.5115089e+00   8.1090820e-01   1.3161121e+00   1.0063051e+00
   5.8935000e+05   1.4917240e+00   8.1090820e-01   1.3054552e+00   9.9717704e-01
   5.8936000e+05   1.4717996e+00   8.1090820e-01   1.2944782e+00   9.8822960e-01
   5.8937000e+05   1.4517829e+00   8.1090820e-01   1.2832128e+00   9.7947826e-01
   5.8938000e+05   1.4317194e+00   8.1090820e-01   1.2716907e+00   9.7093698e-01
   5.8939000e+05   1.4116536e+00   8.1090820e-01   1.2599437e+00   9.6261815e-01
   5.8940000e+05   1.3916282e+00   8.1090820e-01   1.2480037e+00   9.5453266e-01
   5.8941000e+05   1.3716841e+00   8.1090820e-01   1.2359024e+00   9.4668985e-01
   5.8942000e+05   1.3518605e+00   8.1090820e-01   1.2236711e+00   9.3909760e-01
   5.8943000e+05   1.3321947e+00   8.1090820e-01   1.2113406e+00   9.3176232e-01
   5.8944000e+05   1.3127222e+00   8.1090820e-01   1.1989413e+00   9.2468905e-01
   5.8945000e+05   1.2934760e+00   8.1090820e-01   1.1865027e+00   9.1788146e-01
   5.8946000e+05   1.2744875e+00   8.1090820e-01   1.1740538e+00   9.1134194e-01
   5.8947000e+05   1.2557857e+00   8.1090820e-01   1.1616223e+00   9.0507166e-01
   5.8948000e+05   1.2373976e+00   8.1090820e-01   1.1492352e+00   8.9907062e-01
   5.8949000e+05   1.2193478e+00   8.1090820e-01   1.1369182e+00   8.9333775e-01
   5.8950000e+05   1.2016589e+00   8.1090820e-01   1.1246962e+00   8.8787097e-01
   5.8951000e+05   1.1843515e+00   8.1090820e-01   1.1125924e+00   8.8266728e-01
   5.8952000e+05   1.1674437e+00   8.1090820e-01   1.1006291e+00   8.7772279e-01
   5.8953000e+05   1.1509518e+00   8.1090820e-01   1.0888271e+00   8.7303288e-01
   5.8954000e+05   1.1348898e+00   8.1090820e-01   1.0772058e+00   8.6859219e-01
   5.8955000e+05   1.1192699e+00   8.1090820e-01   1.0657833e+00   8.6439478e-01
   5.8956000e+05   1.1041021e+00   8.1090820e-01   1.0545762e+00   8.6043413e-01
   5.8957000e+05   1.0893948e+00   8.1090820e-01   1.0435997e+00   8.5670329e-01
   5.8958000e+05   1.0751543e+00   8.1090820e-01   1.0328676e+00   8.5319486e-01
   5.8959000e+05   1.0613852e+00   8.1090820e-01   1.0223923e+00   8.4990117e-01
   5.8960000e+05   1.0480905e+00   8.1090820e-01   1.0121845e+00   8.4681424e-01
   5.8961000e+05   1.0352715e+00   8.1090820e-01   1.0022538e+00   8.4392592e-01
   5.8962000e+05   1.0229281e+00   8.1090820e-01   9.9260841e-01   8.4122791e-01
   5.8963000e+05   1.0110586e+00   8.1090820e-01   9.8325502e-01   8.3871182e-01
   5.8964000e+05   9.9966018e-01   8.1090820e-01   9.7419915e-01   8.3636923e-01
   5.8965000e+05   9.8872853e-01   8.1090820e-01   9.6544499e-01   8.3419173e-01
   5.8966000e+05   9.7825835e-01   8.1090820e-01   9.5699556e-01   8.3217099e-01
   5.8967000e+05   9.6824323e-01   8.1090820e-01   9.4885269e-01   8.3029874e-01
   5.8968000e+05   9.5867578e-01   8.1090820e-01   9.4101711e-01   8.2856687e-01
   5.8969000e+05   9.4954771e-01   8.1090820e-01   9.3348850e-01   8.2696741e-01
   5.8970000e+05   9.4084997e-01   8.1090820e-01   9.2626555e-01   8.2549261e-01
   5.8971000e+05   9.3257275e-01   8.1090820e-01   9.1934604e-01   8.2413491e-01
   5.8972000e+05   9.2584143e-01   8.1090820e-01   9.1272686e-01   8.2402277e-01
   5.8973000e+05   9.2086662e-01   8.1090820e-01   9.0640413e-01   8.2537069e-01
   5.8974000e+05   9.1630011e-01   8.1090820e-01   9.0037324e-01   8.2683507e-01
   5.8975000e+05   9.1214412e-01   8.1090820e-01   8.9462888e-01   8.2842344e-01
   5.8976000e+05   9.0840054e-01   8.1090820e-01   8.8916519e-01   8.3014355e-01
   5.8977000e+05   9.0507089e-01   8.1090820e-01   8.8397574e-01   8.3200334e-01
   5.8978000e+05   9.0215637e-01   8.1090820e-01   8.7905364e-01   8.3401092e-01
   5.8979000e+05   8.9965792e-01   8.1090820e-01   8.7439159e-01   8.3617453e-01
   5.8980000e+05   8.9757624e-01   8.1090820e-01   8.6998192e-01   8.3850252e-01
   5.8981000e+05   8.9591177e-01   8.1090820e-01   8.6581670e-01   8.4100327e-01
   5.8982000e+05   8.9466474e-01   8.1090820e-01   8.6188772e-01   8.4368522e-01
   5.8983000e+05   8.9383517e-01   8.1090820e-01   8.5818661e-01   8.4655675e-01
   5.8984000e+05   8.9342284e-01   8.1090820e-01   8.5470486e-01   8.4962618e-01
   5.8985000e+05   8.9342733e-01   8.1090820e-01   8.5143385e-01   8.5290168e-01
   5.8986000e+05   8.9384797e-01   8.1090820e-01   8.4836494e-01   8.5639122e-01
   5.8987000e+05   8.9468382e-01   8.1090820e-01   8.4548948e-01   8.6010254e-01
   5.8988000e+05   8.9593366e-01   8.1090820e-01   8.4279882e-01   8.6404303e-01
   5.8989000e+05   8.9759593e-01   8.1090820e-01   8.4028442e-01   8.6821971e-01
   5.8990000e+05   8.9966873e-01   8.1090820e-01   8.3793781e-01   8.7263911e-01
   5.8991000e+05   9.0214972e-01   8.1090820e-01   8.3575066e-01   8.7730726e-01
   5.8992000e+05   9.0503613e-01   8.1090820e-01   8.3371479e-01   8.8222953e-01
   5.8993000e+05   9.0832466e-01   8.1090820e-01   8.3182220e-01   8.8741065e-01
   5.8994000e+05   9.1201144e-01   8.1090820e-01   8.3006509e-01   8.9285455e-01
   5.8995000e+05   9.1609196e-01   8.1090820e-01   8.2843585e-01   8.9856431e-01
   5.8996000e+05   9.2056103e-01   8.1090820e-01   8.2692712e-01   9.0454210e-01
   5.8997000e+05   9.2541268e-01   8.1090820e-01   8.2553179e-01   9.1078909e-01
   5.8998000e+05   9.3064013e-01   8.1090820e-01   8.2424297e-01   9.1730536e-01
   5.8999000e+05   9.3623570e-01   8.1090820e-01   8.2305405e-01   9.2408984e-01
   5.9000000e+05   9.4219076e-01   8.1090820e-01   8.2195869e-01   9.3114026e-01
   5.9001000e+05   9.4849566e-01   8.1090820e-01   8.2095080e-01   9.3845306e-01
   5.9002000e+05   9.5513969e-01   8.1090820e-01   8.2002456e-01   9.4602332e-01
   5.9003000e+05   9.6211100e-01   8.1090820e-01   8.1917444e-01   9.5384476e-01
   5.9004000e+05   9.6939657e-01   8.1090820e-01   8.1839515e-01   9.6190961e-01
   5.9005000e+05   9.7698218e-01   8.1090820e-01   8.1768171e-01   9.7020867e-01
   5.9006000e+05   9.8485233e-01   8.1090820e-01   8.1702935e-01   9.7873118e-01
   5.9007000e+05   9.9299028e-01   8.1090820e-01   8.1643359e-01   9.8746489e-01
   5.9008000e+05   1.0013780e+00   8.1090820e-01   8.1589021e-01   9.9639596e-01
   5.9009000e+05   1.0099960e+00   8.1090820e-01   8.1539520e-01   1.0055090e+00
   5.9010000e+05   1.0188238e+00   8.1090820e-01   8.1494484e-01   1.0147872e+00
   5.9011000e+05   1.0278394e+00   8.1090820e-01   8.1453558e-01   1.0242120e+00
   5.9012000e+05   1.0370195e+00   8.1090820e-01   8.1416416e-01   1.0337635e+00
   5.9013000e+05   1.0463397e+00   8.1090820e-01   8.1382747e-01   1.0434204e+00
   5.9014000e+05   1.0557744e+00   8.1090820e-01   8.1352266e-01   1.0531600e+00
   5.9015000e+05   1.0652969e+00   8.1090820e-01   8.1324703e-01   1.0629581e+00
   5.9016000e+05   1.0748793e+00   8.1090820e-01   8.1299811e-01   1.0727894e+00
   5.9017000e+05   1.0844929e+00   8.1090820e-01   8.1277358e-01   1.0826275e+00
   5.9018000e+05   1.0941080e+00   8.1090820e-01   8.1257130e-01   1.0924449e+00
   5.9019000e+05   1.1036943e+00   8.1090820e-01   8.1238929e-01   1.1022132e+00
   5.9020000e+05   1.1132206e+00   8.1090820e-01   8.1222571e-01   1.1119031e+00
   5.9021000e+05   1.1226554e+00   8.1090820e-01   8.1207888e-01   1.1214848e+00
   5.9022000e+05   1.1319668e+00   8.1090820e-01   8.1194724e-01   1.1309278e+00
   5.9023000e+05   1.1411226e+00   8.1090820e-01   8.1182936e-01   1.1402015e+00
   5.9024000e+05   1.1500905e+00   8.1090820e-01   8.1172394e-01   1.1492748e+00
   5.9025000e+05   1.1588383e+00   8.1090820e-01   8.1162977e-01   1.1581167e+00
   5.9026000e+05   1.1673341e+00   8.1090820e-01   8.1154576e-01   1.1666965e+00
   5.9027000e+05   1.1755463e+00   8.1090820e-01   8.1147089e-01   1.1749836e+00
   5.9028000e+05   1.1834440e+00   8.1090820e-01   8.1140425e-01   1.1829479e+00
   5.9029000e+05   1.1909970e+00   8.1090820e-01   8.1134502e-01   1.1905602e+00
   5.9030000e+05   1.1981760e+00   8.1090820e-01   8.1129242e-01   1.1977918e+00
   5.9031000e+05   1.2049530e+00   8.1090820e-01   8.1124578e-01   1.2046154e+00
   5.9032000e+05   1.2113009e+00   8.1090820e-01   8.1120446e-01   1.2110047e+00
   5.9033000e+05   1.2171944e+00   8.1090820e-01   8.1116791e-01   1.2169347e+00
   5.9034000e+05   1.2226097e+00   8.1090820e-01   8.1113562e-01   1.2223823e+00
   5.9035000e+05   1.2275245e+00   8.1090820e-01   8.1110711e-01   1.2273256e+00
   5.9036000e+05   1.2319187e+00   8.1090820e-01   8.1108198e-01   1.2317449e+00
   5.9037000e+05   1.2357740e+00   8.1090820e-01   8.1105986e-01   1.2356223e+00
   5.9038000e+05   1.2390743e+00   8.1090820e-01   8.1104040e-01   1.2389421e+00
   5.9039000e+05   1.2418057e+00   8.1090820e-01   8.1102331e-01   1.2416906e+00
   5.9040000e+05   1.2439610e+00   8.1090820e-01   8.1101264e-01   1.2438565e+00
   5.9041000e+05   1.2455510e+00   8.1090820e-01   8.1102824e-01   1.2454310e+00
   5.9042000e+05   1.2465452e+00   8.1090820e-01   8.1104602e-01   1.2464074e+00
   5.9043000e+05   1.2469398e+00   8.1090820e-01   8.1106625e-01   1.2467817e+00
   5.9044000e+05   1.2467335e+00   8.1090820e-01   8.1108924e-01   1.2465525e+00
   5.9045000e+05   1.2459277e+00   8.1090820e-01   8.1111535e-01   1.2457206e+00
   5.9046000e+05   1.2445262e+00   8.1090820e-01   8.1114495e-01   1.2442894e+00
   5.9047000e+05   1.2425353e+00   8.1090820e-01   8.1117849e-01   1.2422650e+00
   5.9048000e+05   1.2399638e+00   8.1090820e-01   8.1121642e-01   1.2396556e+00
   5.9049000e+05   1.2368232e+00   8.1090820e-01   8.1125928e-01   1.2364721e+00
   5.9050000e+05   1.2331269e+00   8.1090820e-01   8.1130766e-01   1.2327274e+00
   5.9051000e+05   1.2288908e+00   8.1090820e-01   8.1136218e-01   1.2284368e+00
   5.9052000e+05   1.2241331e+00   8.1090820e-01   8.1142357e-01   1.2236178e+00
   5.9053000e+05   1.2188740e+00   8.1090820e-01   8.1149260e-01   1.2182896e+00
   5.9054000e+05   1.2131354e+00   8.1090820e-01   8.1157014e-01   1.2124734e+00
   5.9055000e+05   1.2069413e+00   8.1090820e-01   8.1165711e-01   1.2061924e+00
   5.9056000e+05   1.2003172e+00   8.1090820e-01   8.1175456e-01   1.1994709e+00
   5.9057000e+05   1.1932903e+00   8.1090820e-01   8.1186361e-01   1.1923349e+00
   5.9058000e+05   1.1858889e+00   8.1090820e-01   8.1198550e-01   1.1848116e+00
   5.9059000e+05   1.1781427e+00   8.1090820e-01   8.1212158e-01   1.1769293e+00
   5.9060000e+05   1.1700822e+00   8.1090820e-01   8.1227330e-01   1.1687171e+00
   5.9061000e+05   1.1617390e+00   8.1090820e-01   8.1244226e-01   1.1602049e+00
   5.9062000e+05   1.1531452e+00   8.1090820e-01   8.1263020e-01   1.1514232e+00
   5.9063000e+05   1.1443335e+00   8.1090820e-01   8.1283899e-01   1.1424027e+00
   5.9064000e+05   1.1353369e+00   8.1090820e-01   8.1307066e-01   1.1331744e+00
   5.9065000e+05   1.1261885e+00   8.1090820e-01   8.1332740e-01   1.1237693e+00
   5.9066000e+05   1.1169215e+00   8.1090820e-01   8.1361157e-01   1.1142181e+00
   5.9067000e+05   1.1075690e+00   8.1090820e-01   8.1392572e-01   1.1045515e+00
   5.9068000e+05   1.0981638e+00   8.1090820e-01   8.1427260e-01   1.0947994e+00
   5.9069000e+05   1.0887381e+00   8.1090820e-01   8.1465512e-01   1.0849912e+00
   5.9070000e+05   1.0793237e+00   8.1090820e-01   8.1507644e-01   1.0751555e+00
   5.9071000e+05   1.0699518e+00   8.1090820e-01   8.1553991e-01   1.0653201e+00
   5.9072000e+05   1.0606526e+00   8.1090820e-01   8.1604913e-01   1.0555116e+00
   5.9073000e+05   1.0514555e+00   8.1090820e-01   8.1660791e-01   1.0457558e+00
   5.9074000e+05   1.0423890e+00   8.1090820e-01   8.1722031e-01   1.0360768e+00
   5.9075000e+05   1.0334804e+00   8.1090820e-01   8.1789064e-01   1.0264980e+00
   5.9076000e+05   1.0247561e+00   8.1090820e-01   8.1862347e-01   1.0170408e+00
   5.9077000e+05   1.0162411e+00   8.1090820e-01   8.1942362e-01   1.0077257e+00
   5.9078000e+05   1.0079593e+00   8.1090820e-01   8.2029618e-01   9.9857129e-01
   5.9079000e+05   9.9993329e-01   8.1090820e-01   8.2124649e-01   9.8959500e-01
   5.9080000e+05   9.9218451e-01   8.1090820e-01   8.2228019e-01   9.8081251e-01
   5.9081000e+05   9.8473301e-01   8.1090820e-01   8.2340317e-01   9.7223804e-01
   5.9082000e+05   9.7759761e-01   8.1090820e-01   8.2462160e-01   9.6388421e-01
   5.9083000e+05   9.7079583e-01   8.1090820e-01   8.2594189e-01   9.5576214e-01
   5.9084000e+05   9.6434397e-01   8.1090820e-01   8.2737075e-01   9.4788141e-01
   5.9085000e+05   9.5825706e-01   8.1090820e-01   8.2891514e-01   9.4025012e-01
   5.9086000e+05   9.5254894e-01   8.1090820e-01   8.3058223e-01   9.3287491e-01
   5.9087000e+05   9.4723230e-01   8.1090820e-01   8.3237947e-01   9.2576102e-01
   5.9088000e+05   9.4231866e-01   8.1090820e-01   8.3431453e-01   9.1891233e-01
   5.9089000e+05   9.3781849e-01   8.1090820e-01   8.3639526e-01   9.1233143e-01
   5.9090000e+05   9.3374118e-01   8.1090820e-01   8.3862972e-01   9.0601966e-01
   5.9091000e+05   9.3009515e-01   8.1090820e-01   8.4102615e-01   8.9997720e-01
   5.9092000e+05   9.2688787e-01   8.1090820e-01   8.4359292e-01   8.9420315e-01
   5.9093000e+05   9.2412589e-01   8.1090820e-01   8.4633851e-01   8.8869557e-01
   5.9094000e+05   9.2181492e-01   8.1090820e-01   8.4927152e-01   8.8345159e-01
   5.9095000e+05   9.1995987e-01   8.1090820e-01   8.5240059e-01   8.7846748e-01
   5.9096000e+05   9.1856486e-01   8.1090820e-01   8.5573436e-01   8.7373869e-01
   5.9097000e+05   9.1763330e-01   8.1090820e-01   8.5928150e-01   8.6926000e-01
   5.9098000e+05   9.1716792e-01   8.1090820e-01   8.6305057e-01   8.6502554e-01
   5.9099000e+05   9.1717075e-01   8.1090820e-01   8.6705007e-01   8.6102888e-01
   5.9100000e+05   9.1764322e-01   8.1090820e-01   8.7128830e-01   8.5726311e-01
   5.9101000e+05   9.1858615e-01   8.1090820e-01   8.7577341e-01   8.5372094e-01
   5.9102000e+05   9.1999975e-01   8.1090820e-01   8.8051326e-01   8.5039469e-01
   5.9103000e+05   9.2188364e-01   8.1090820e-01   8.8551539e-01   8.4727645e-01
   5.9104000e+05   9.2423689e-01   8.1090820e-01   8.9078701e-01   8.4435809e-01
   5.9105000e+05   9.2705797e-01   8.1090820e-01   8.9633485e-01   8.4163131e-01
   5.9106000e+05   9.3034476e-01   8.1090820e-01   9.0216520e-01   8.3908775e-01
   5.9107000e+05   9.3409456e-01   8.1090820e-01   9.0828376e-01   8.3671900e-01
   5.9108000e+05   9.3830404e-01   8.1090820e-01   9.1469561e-01   8.3451662e-01
   5.9109000e+05   9.4296925e-01   8.1090820e-01   9.2140517e-01   8.3247228e-01
   5.9110000e+05   9.4808559e-01   8.1090820e-01   9.2841609e-01   8.3057770e-01
   5.9111000e+05   9.5364774e-01   8.1090820e-01   9.3573121e-01   8.2882473e-01
   5.9112000e+05   9.5964968e-01   8.1090820e-01   9.4335248e-01   8.2720540e-01
   5.9113000e+05   9.6608464e-01   8.1090820e-01   9.5128094e-01   8.2571190e-01
   5.9114000e+05   9.7294502e-01   8.1090820e-01   9.5951657e-01   8.2433665e-01
   5.9115000e+05   9.8097522e-01   8.1090820e-01   9.6805833e-01   8.2382508e-01
   5.9116000e+05   9.9115156e-01   8.1090820e-01   9.7690403e-01   8.2515572e-01
   5.9117000e+05   1.0017438e+00   8.1090820e-01   9.8605031e-01   8.2660168e-01
   5.9118000e+05   1.0127548e+00   8.1090820e-01   9.9549258e-01   8.2817046e-01
   5.9119000e+05   1.0241865e+00   8.1090820e-01   1.0052250e+00   8.2986977e-01
   5.9120000e+05   1.0360396e+00   8.1090820e-01   1.0152403e+00   8.3170753e-01
   5.9121000e+05   1.0483136e+00   8.1090820e-01   1.0255300e+00   8.3369182e-01
   5.9122000e+05   1.0610068e+00   8.1090820e-01   1.0360842e+00   8.3583087e-01
   5.9123000e+05   1.0741163e+00   8.1090820e-01   1.0468915e+00   8.3813299e-01
   5.9124000e+05   1.0876375e+00   8.1090820e-01   1.0579391e+00   8.4060659e-01
   5.9125000e+05   1.1015649e+00   8.1090820e-01   1.0692130e+00   8.4326009e-01
   5.9126000e+05   1.1158911e+00   8.1090820e-01   1.0806974e+00   8.4610189e-01
   5.9127000e+05   1.1306074e+00   8.1090820e-01   1.0923753e+00   8.4914031e-01
   5.9128000e+05   1.1457035e+00   8.1090820e-01   1.1042281e+00   8.5238355e-01
   5.9129000e+05   1.1611676e+00   8.1090821e-01   1.1162361e+00   8.5583962e-01
   5.9130000e+05   1.1769862e+00   8.1090821e-01   1.1283780e+00   8.5951630e-01
   5.9131000e+05   1.1931442e+00   8.1090822e-01   1.1406313e+00   8.6342103e-01
   5.9132000e+05   1.2096248e+00   8.1090824e-01   1.1529721e+00   8.6756090e-01
   5.9133000e+05   1.2264098e+00   8.1090828e-01   1.1653754e+00   8.7194252e-01
   5.9134000e+05   1.2434790e+00   8.1090834e-01   1.1778150e+00   8.7657199e-01
   5.9135000e+05   1.2608107e+00   8.1090843e-01   1.1902639e+00   8.8145481e-01
   5.9136000e+05   1.2783816e+00   8.1090859e-01   1.2026936e+00   8.8659579e-01
   5.9137000e+05   1.2961667e+00   8.1090884e-01   1.2150753e+00   8.9199900e-01
   5.9138000e+05   1.3141395e+00   8.1090925e-01   1.2273790e+00   8.9766766e-01
   5.9139000e+05   1.3322720e+00   8.1090992e-01   1.2395744e+00   9.0360408e-01
   5.9140000e+05   1.3505344e+00   8.1091097e-01   1.2516302e+00   9.0980958e-01
   5.9141000e+05   1.3688959e+00   8.1091264e-01   1.2635152e+00   9.1628442e-01
   5.9142000e+05   1.3873242e+00   8.1091523e-01   1.2751976e+00   9.2302772e-01
   5.9143000e+05   1.4057858e+00   8.1091925e-01   1.2866455e+00   9.3003739e-01
   5.9144000e+05   1.4242462e+00   8.1092542e-01   1.2978271e+00   9.3731007e-01
   5.9145000e+05   1.4426701e+00   8.1093479e-01   1.3087107e+00   9.4484106e-01
   5.9146000e+05   1.4610215e+00   8.1094890e-01   1.3192647e+00   9.5262428e-01
   5.9147000e+05   1.4792640e+00   8.1096994e-01   1.3294583e+00   9.6065222e-01
   5.9148000e+05   1.4973615e+00   8.1100106e-01   1.3392610e+00   9.6891587e-01
   5.9149000e+05   1.5152781e+00   8.1104663e-01   1.3486431e+00   9.7740474e-01
   5.9150000e+05   1.5329791e+00   8.1111276e-01   1.3575759e+00   9.8610678e-01
   5.9151000e+05   1.5504315e+00   8.1120784e-01   1.3660317e+00   9.9500842e-01
   5.9152000e+05   1.5676052e+00   8.1134329e-01   1.3739838e+00   1.0040945e+00
   5.9153000e+05   1.5844736e+00   8.1153444e-01   1.3814071e+00   1.0133484e+00
   5.9154000e+05   1.6010150e+00   8.1180170e-01   1.3882778e+00   1.0227519e+00
   5.9155000e+05   1.6172143e+00   8.1217187e-01   1.3945735e+00   1.0322853e+00
   5.9156000e+05   1.6330648e+00   8.1267979e-01   1.4002739e+00   1.0419274e+00
   5.9157000e+05   1.6485698e+00   8.1337016e-01   1.4053603e+00   1.0516558e+00
   5.9158000e+05   1.6637454e+00   8.1429966e-01   1.4098157e+00   1.0614465e+00
   5.9159000e+05   1.6786227e+00   8.1553928e-01   1.4136255e+00   1.0712744e+00
   5.9160000e+05   1.6932504e+00   8.1717673e-01   1.4167768e+00   1.0811132e+00
   5.9161000e+05   1.7076975e+00   8.1931903e-01   1.4192593e+00   1.0909356e+00
   5.9162000e+05   1.7220562e+00   8.2209487e-01   1.4210644e+00   1.1007133e+00
   5.9163000e+05   1.7364439e+00   8.2565682e-01   1.4221862e+00   1.1104172e+00
   5.9164000e+05   1.7510051e+00   8.3018305e-01   1.4226209e+00   1.1200176e+00
   5.9165000e+05   1.7659127e+00   8.3587824e-01   1.4223669e+00   1.1294839e+00
   5.9166000e+05   1.7813681e+00   8.4297359e-01   1.4214252e+00   1.1387857e+00
   5.9167000e+05   1.7975997e+00   8.5172535e-01   1.4197989e+00   1.1478919e+00
   5.9168000e+05   1.8148604e+00   8.6241181e-01   1.4174935e+00   1.1567715e+00
   5.9169000e+05   1.8334224e+00   8.7532832e-01   1.4145168e+00   1.1653936e+00
   5.9170000e+05   1.8535702e+00   8.9078014e-01   1.4108787e+00   1.1737278e+00
   5.9171000e+05   1.8755917e+00   9.0907300e-01   1.4065914e+00   1.1817437e+00
   5.9172000e+05   1.8997661e+00   9.3050134e-01   1.4016691e+00   1.1894120e+00
   5.9173000e+05   1.9263501e+00   9.5533426e-01   1.3961281e+00   1.1967041e+00
   5.9174000e+05   1.9555623e+00   9.8379975e-01   1.3899867e+00   1.2035923e+00
   5.9175000e+05   1.9875659e+00   1.0160673e+00   1.3832649e+00   1.2100501e+00
   5.9176000e+05   2.0224505e+00   1.0522301e+00   1.3759844e+00   1.2160524e+00
   5.9177000e+05   2.0602151e+00   1.0922871e+00   1.3681687e+00   1.2215757e+00
   5.9178000e+05   2.1007509e+00   1.1361267e+00   1.3598426e+00   1.2265980e+00
   5.9179000e+05   2.1438276e+00   1.1835124e+00   1.3510323e+00   1.2310993e+00
   5.9180000e+05   2.1890828e+00   1.2340726e+00   1.3417654e+00   1.2350612e+00
   5.9181000e+05   2.2360163e+00   1.2872947e+00   1.3320702e+00   1.2384678e+00
   5.9182000e+05   2.2839898e+00   1.3425248e+00   1.3219764e+00   1.2413050e+00
   5.9183000e+05   2.3322337e+00   1.3989749e+00   1.3115140e+00   1.2435613e+00
   5.9184000e+05   2.3798603e+00   1.4557355e+00   1.3007139e+00   1.2452273e+00
   5.9185000e+05   2.4258843e+00   1.5117971e+00   1.2896074e+00   1.2462962e+00
   5.9186000e+05   2.4692499e+00   1.5660766e+00   1.2782263e+00   1.2467634e+00
   5.9187000e+05   2.5088639e+00   1.6174508e+00   1.2666024e+00   1.2466271e+00
   5.9188000e+05   2.5436326e+00   1.6647937e+00   1.2547675e+00   1.2458878e+00
   5.9189000e+05   2.5725029e+00   1.7070172e+00   1.2427534e+00   1.2445486e+00
   5.9190000e+05   2.5945025e+00   1.7431122e+00   1.2305917e+00   1.2426151e+00
   5.9191000e+05   2.6087804e+00   1.7721882e+00   1.2183134e+00   1.2400951e+00
   5.9192000e+05   2.6146425e+00   1.7935104e+00   1.2059493e+00   1.2369992e+00
   5.9193000e+05   2.6115830e+00   1.8065301e+00   1.1935293e+00   1.2333400e+00
   5.9194000e+05   2.5993070e+00   1.8109082e+00   1.1810827e+00   1.2291324e+00
   5.9195000e+05   2.5777452e+00   1.8065301e+00   1.1686380e+00   1.2243935e+00
   5.9196000e+05   2.5470590e+00   1.7935104e+00   1.1562226e+00   1.2191424e+00
   5.9197000e+05   2.5076347e+00   1.7721882e+00   1.1438629e+00   1.2133999e+00
   5.9198000e+05   2.4600690e+00   1.7431122e+00   1.1315843e+00   1.2071889e+00
   5.9199000e+05   2.4051454e+00   1.7070172e+00   1.1194110e+00   1.2005336e+00
   5.9200000e+05   2.3438027e+00   1.6647937e+00   1.1073657e+00   1.1934597e+00
   5.9201000e+05   2.2770987e+00   1.6174508e+00   1.0954701e+00   1.1859942e+00
   5.9202000e+05   2.2061700e+00   1.5660766e+00   1.0837445e+00   1.1781653e+00
   5.9203000e+05   2.1321903e+00   1.5117971e+00   1.0722076e+00   1.1700020e+00
   5.9204000e+05   2.0563301e+00   1.4557355e+00   1.0608769e+00   1.1615340e+00
   5.9205000e+05   1.9797187e+00   1.3989749e+00   1.0497684e+00   1.1527918e+00
   5.9206000e+05   1.9034113e+00   1.3425248e+00   1.0388968e+00   1.1438061e+00
   5.9207000e+05   1.8283610e+00   1.2872947e+00   1.0282750e+00   1.1346077e+00
   5.9208000e+05   1.7553989e+00   1.2340726e+00   1.0179148e+00   1.1252278e+00
   5.9209000e+05   1.6852198e+00   1.1835124e+00   1.0078266e+00   1.1156972e+00
   5.9210000e+05   1.6183759e+00   1.1361267e+00   9.9801923e-01   1.1060463e+00
   5.9211000e+05   1.5552764e+00   1.0922871e+00   9.8850019e-01   1.0963055e+00
   5.9212000e+05   1.4961934e+00   1.0522301e+00   9.7927573e-01   1.0865040e+00
   5.9213000e+05   1.4412724e+00   1.0160673e+00   9.7035076e-01   1.0766707e+00
   5.9214000e+05   1.3905458e+00   9.8379975e-01   9.6172897e-01   1.0668335e+00
   5.9215000e+05   1.3439499e+00   9.5533426e-01   9.5341284e-01   1.0570192e+00
   5.9216000e+05   1.3013423e+00   9.3050134e-01   9.4540372e-01   1.0472536e+00
   5.9217000e+05   1.2625198e+00   9.0907300e-01   9.3770187e-01   1.0375613e+00
   5.9218000e+05   1.2272359e+00   8.9078014e-01   9.3030655e-01   1.0279656e+00
   5.9219000e+05   1.1952163e+00   8.7532832e-01   9.2321603e-01   1.0184883e+00
   5.9220000e+05   1.1661732e+00   8.6241181e-01   9.1642769e-01   1.0091501e+00
   5.9221000e+05   1.1398168e+00   8.5172535e-01   9.0993810e-01   9.9996977e-01
   5.9222000e+05   1.1158652e+00   8.4297359e-01   9.0374302e-01   9.9096499e-01
   5.9223000e+05   1.0940511e+00   8.3587824e-01   8.9783756e-01   9.8215170e-01
   5.9224000e+05   1.0741271e+00   8.3018305e-01   8.9221615e-01   9.7354433e-01
   5.9225000e+05   1.0558689e+00   8.2565682e-01   8.8687267e-01   9.6515576e-01
   5.9226000e+05   1.0390763e+00   8.2209487e-01   8.8180048e-01   9.5699734e-01
   5.9227000e+05   1.0235740e+00   8.1931903e-01   8.7699251e-01   9.4907888e-01
   5.9228000e+05   1.0092103e+00   8.1717673e-01   8.7244129e-01   9.4140872e-01
   5.9229000e+05   9.9585561e-01   8.1553928e-01   8.6813903e-01   9.3399370e-01
   5.9230000e+05   9.8340023e-01   8.1429966e-01   8.6407768e-01   9.2683928e-01
   5.9231000e+05   9.7175226e-01   8.1337016e-01   8.6024894e-01   9.1994956e-01
   5.9232000e+05   9.6083507e-01   8.1267979e-01   8.5664438e-01   9.1332730e-01
   5.9233000e+05   9.5058496e-01   8.1217187e-01   8.5325544e-01   9.0697404e-01
   5.9234000e+05   9.4094893e-01   8.1180170e-01   8.5007348e-01   9.0089015e-01
   5.9235000e+05   9.3188276e-01   8.1153444e-01   8.4708985e-01   8.9507487e-01
   5.9236000e+05   9.2334921e-01   8.1134329e-01   8.4429590e-01   8.8952642e-01
   5.9237000e+05   9.1531654e-01   8.1120784e-01   8.4168302e-01   8.8424207e-01
   5.9238000e+05   9.0775728e-01   8.1111276e-01   8.3924270e-01   8.7921822e-01
   5.9239000e+05   9.0064720e-01   8.1104663e-01   8.3696652e-01   8.7445044e-01
   5.9240000e+05   8.9396450e-01   8.1100106e-01   8.3484623e-01   8.6993360e-01
   5.9241000e+05   8.8768920e-01   8.1096994e-01   8.3287371e-01   8.6566194e-01
   5.9242000e+05   8.8180265e-01   8.1094890e-01   8.3104105e-01   8.6162910e-01
   5.9243000e+05   8.7628716e-01   8.1093479e-01   8.2934052e-01   8.5782825e-01
   5.9244000e+05   8.7112579e-01   8.1092542e-01   8.2776464e-01   8.5425213e-01
   5.9245000e+05   8.6630214e-01   8.1091925e-01   8.2630614e-01   8.5089314e-01
   5.9246000e+05   8.6180024e-01   8.1091523e-01   8.2495801e-01   8.4774340e-01
   5.9247000e+05   8.5760451e-01   8.1091264e-01   8.2371348e-01   8.4479479e-01
   5.9248000e+05   8.5369969e-01   8.1091097e-01   8.2256605e-01   8.4203906e-01
   5.9249000e+05   8.5007086e-01   8.1090992e-01   8.2150950e-01   8.3946784e-01
   5.9250000e+05   8.4670342e-01   8.1090925e-01   8.2053786e-01   8.3707271e-01
   5.9251000e+05   8.4358313e-01   8.1090884e-01   8.1964542e-01   8.3484526e-01
   5.9252000e+05   8.4069609e-01   8.1090859e-01   8.1882677e-01   8.3277712e-01
   5.9253000e+05   8.3802880e-01   8.1090843e-01   8.1807675e-01   8.3086001e-01
   5.9254000e+05   8.3556817e-01   8.1090834e-01   8.1739046e-01   8.2908576e-01
   5.9255000e+05   8.3330153e-01   8.1090828e-01   8.1676328e-01   8.2744636e-01
   5.9256000e+05   8.3121667e-01   8.1090824e-01   8.1619083e-01   8.2593399e-01
   5.9257000e+05   8.2930183e-01   8.1090822e-01   8.1566899e-01   8.2454102e-01
   5.9258000e+05   8.2791564e-01   8.1090821e-01   8.1519386e-01   8.2362996e-01
   5.9259000e+05   8.2879712e-01   8.1090821e-01   8.1476181e-01   8.2494349e-01
   5.9260000e+05   8.2983244e-01   8.1090820e-01   8.1436942e-01   8.2637121e-01
   5.9261000e+05   8.3102587e-01   8.1090820e-01   8.1401349e-01   8.2792058e-01
   5.9262000e+05   8.3238210e-01   8.1090820e-01   8.1369102e-01   8.2959928e-01
   5.9263000e+05   8.3390623e-01   8.1090820e-01   8.1339923e-01   8.3141520e-01
   5.9264000e+05   8.3560372e-01   8.1090820e-01   8.1313553e-01   8.3337639e-01
   5.9265000e+05   8.3748037e-01   8.1090820e-01   8.1289750e-01   8.3549107e-01
   5.9266000e+05   8.3954224e-01   8.1090820e-01   8.1268291e-01   8.3776753e-01
   5.9267000e+05   8.4179567e-01   8.1090820e-01   8.1248968e-01   8.4021418e-01
   5.9268000e+05   8.4424714e-01   8.1090820e-01   8.1231591e-01   8.4283943e-01
   5.9269000e+05   8.4690331e-01   8.1090820e-01   8.1215982e-01   8.4565169e-01
   5.9270000e+05   8.4977088e-01   8.1090820e-01   8.1201979e-01   8.4865929e-01
   5.9271000e+05   8.5285657e-01   8.1090820e-01   8.1189431e-01   8.5187046e-01
   5.9272000e+05   8.5616706e-01   8.1090820e-01   8.1178201e-01   8.5529325e-01
   5.9273000e+05   8.5970889e-01   8.1090820e-01   8.1168163e-01   8.5893546e-01
   5.9274000e+05   8.6348842e-01   8.1090820e-01   8.1159201e-01   8.6280461e-01
   5.9275000e+05   8.6751172e-01   8.1090820e-01   8.1151210e-01   8.6690782e-01
   5.9276000e+05   8.7178453e-01   8.1090820e-01   8.1144092e-01   8.7125180e-01
   5.9277000e+05   8.7631214e-01   8.1090820e-01   8.1137760e-01   8.7584274e-01
   5.9278000e+05   8.8109936e-01   8.1090820e-01   8.1132135e-01   8.8068621e-01
   5.9279000e+05   8.8615038e-01   8.1090820e-01   8.1127142e-01   8.8578716e-01
   5.9280000e+05   8.9146873e-01   8.1090820e-01   8.1122717e-01   8.9114975e-01
   5.9281000e+05   8.9705716e-01   8.1090820e-01   8.1118800e-01   8.9677736e-01
   5.9282000e+05   9.0291759e-01   8.1090820e-01   8.1115336e-01   9.0267243e-01
   5.9283000e+05   9.0905102e-01   8.1090820e-01   8.1112276e-01   9.0883645e-01
   5.9284000e+05   9.1545743e-01   8.1090820e-01   8.1109578e-01   9.1526985e-01
   5.9285000e+05   9.2213572e-01   8.1090820e-01   8.1107200e-01   9.2197191e-01
   5.9286000e+05   9.2908363e-01   8.1090820e-01   8.1105108e-01   9.2894075e-01
   5.9287000e+05   9.3629769e-01   8.1090820e-01   8.1103268e-01   9.3617320e-01
   5.9288000e+05   9.4377312e-01   8.1090820e-01   8.1101654e-01   9.4366478e-01
   5.9289000e+05   9.5152060e-01   8.1090820e-01   8.1101918e-01   9.5140961e-01
   5.9290000e+05   9.5952791e-01   8.1090820e-01   8.1103570e-01   9.5940042e-01
   5.9291000e+05   9.6777472e-01   8.1090820e-01   8.1105450e-01   9.6762842e-01
   5.9292000e+05   9.7625105e-01   8.1090820e-01   8.1107590e-01   9.7608335e-01
   5.9293000e+05   9.8494542e-01   8.1090820e-01   8.1110020e-01   9.8475341e-01
   5.9294000e+05   9.9384485e-01   8.1090820e-01   8.1112778e-01   9.9362526e-01
   5.9295000e+05   1.0029349e+00   8.1090820e-01   8.1115904e-01   1.0026840e+00
   5.9296000e+05   1.0121994e+00   8.1090820e-01   8.1119443e-01   1.0119132e+00
   5.9297000e+05   1.0216212e+00   8.1090820e-01   8.1123444e-01   1.0212949e+00
   5.9298000e+05   1.0311811e+00   8.1090820e-01   8.1127963e-01   1.0308096e+00
   5.9299000e+05   1.0408589e+00   8.1090820e-01   8.1133060e-01   1.0404364e+00
   5.9300000e+05   1.0506329e+00   8.1090820e-01   8.1138802e-01   1.0501530e+00
   5.9301000e+05   1.0604802e+00   8.1090820e-01   8.1145264e-01   1.0599357e+00
   5.9302000e+05   1.0703767e+00   8.1090820e-01   8.1152526e-01   1.0697596e+00
   5.9303000e+05   1.0802971e+00   8.1090820e-01   8.1160678e-01   1.0795985e+00
   5.9304000e+05   1.0902153e+00   8.1090820e-01   8.1169818e-01   1.0894253e+00
   5.9305000e+05   1.1001041e+00   8.1090820e-01   8.1180054e-01   1.0992117e+00
   5.9306000e+05   1.1099358e+00   8.1090820e-01   8.1191502e-01   1.1089290e+00
   5.9307000e+05   1.1196819e+00   8.1090820e-01   8.1204292e-01   1.1185472e+00
   5.9308000e+05   1.1293136e+00   8.1090820e-01   8.1218561e-01   1.1280362e+00
   5.9309000e+05   1.1388017e+00   8.1090820e-01   8.1234464e-01   1.1373653e+00
   5.9310000e+05   1.1481171e+00   8.1090820e-01   8.1252164e-01   1.1465036e+00
   5.9311000e+05   1.1572304e+00   8.1090820e-01   8.1271842e-01   1.1554201e+00
   5.9312000e+05   1.1661126e+00   8.1090820e-01   8.1293691e-01   1.1640839e+00
   5.9313000e+05   1.1747354e+00   8.1090820e-01   8.1317921e-01   1.1724644e+00
   5.9314000e+05   1.1830707e+00   8.1090820e-01   8.1344759e-01   1.1805313e+00
   5.9315000e+05   1.1910913e+00   8.1090820e-01   8.1374450e-01   1.1882550e+00
   5.9316000e+05   1.1987712e+00   8.1090820e-01   8.1407255e-01   1.1956069e+00
   5.9317000e+05   1.2060853e+00   8.1090820e-01   8.1443456e-01   1.2025590e+00
   5.9318000e+05   1.2130101e+00   8.1090820e-01   8.1483358e-01   1.2090847e+00
   5.9319000e+05   1.2195234e+00   8.1090820e-01   8.1527282e-01   1.2151588e+00
   5.9320000e+05   1.2256049e+00   8.1090820e-01   8.1575576e-01   1.2207573e+00
   5.9321000e+05   1.2312360e+00   8.1090820e-01   8.1628607e-01   1.2258581e+00
   5.9322000e+05   1.2364003e+00   8.1090820e-01   8.1686768e-01   1.2304408e+00
   5.9323000e+05   1.2410835e+00   8.1090820e-01   8.1750476e-01   1.2344869e+00
   5.9324000e+05   1.2452735e+00   8.1090820e-01   8.1820172e-01   1.2379800e+00
   5.9325000e+05   1.2489608e+00   8.1090820e-01   8.1896325e-01   1.2409057e+00
   5.9326000e+05   1.2521382e+00   8.1090820e-01   8.1979428e-01   1.2432521e+00
   5.9327000e+05   1.2548014e+00   8.1090820e-01   8.2070001e-01   1.2450095e+00
   5.9328000e+05   1.2569484e+00   8.1090820e-01   8.2168592e-01   1.2461707e+00
   5.9329000e+05   1.2585803e+00   8.1090820e-01   8.2275775e-01   1.2467308e+00
   5.9330000e+05   1.2597007e+00   8.1090820e-01   8.2392151e-01   1.2466874e+00
   5.9331000e+05   1.2603161e+00   8.1090820e-01   8.2518347e-01   1.2460408e+00
   5.9332000e+05   1.2604357e+00   8.1090820e-01   8.2655020e-01   1.2447937e+00
   5.9333000e+05   1.2600715e+00   8.1090820e-01   8.2802848e-01   1.2429512e+00
   5.9334000e+05   1.2592382e+00   8.1090820e-01   8.2962539e-01   1.2405210e+00
   5.9335000e+05   1.2579530e+00   8.1090820e-01   8.3134821e-01   1.2375130e+00
   5.9336000e+05   1.2562359e+00   8.1090820e-01   8.3320450e-01   1.2339396e+00
   5.9337000e+05   1.2541092e+00   8.1090820e-01   8.3520199e-01   1.2298154e+00
   5.9338000e+05   1.2515976e+00   8.1090820e-01   8.3734865e-01   1.2251571e+00
   5.9339000e+05   1.2487279e+00   8.1090820e-01   8.3965260e-01   1.2199835e+00
   5.9340000e+05   1.2455293e+00   8.1090820e-01   8.4212215e-01   1.2143153e+00
   5.9341000e+05   1.2420324e+00   8.1090820e-01   8.4476572e-01   1.2081749e+00
   5.9342000e+05   1.2382700e+00   8.1090820e-01   8.4759185e-01   1.2015863e+00
   5.9343000e+05   1.2342761e+00   8.1090820e-01   8.5060915e-01   1.1945752e+00
   5.9344000e+05   1.2300863e+00   8.1090820e-01   8.5382627e-01   1.1871682e+00
   5.9345000e+05   1.2257371e+00   8.1090820e-01   8.5725187e-01   1.1793934e+00
   5.9346000e+05   1.2212660e+00   8.1090820e-01   8.6089458e-01   1.1712796e+00
   5.9347000e+05   1.2167114e+00   8.1090820e-01   8.6476293e-01   1.1628566e+00
   5.9348000e+05   1.2121118e+00   8.1090820e-01   8.6886535e-01   1.1541547e+00
   5.9349000e+05   1.2075063e+00   8.1090820e-01   8.7321007e-01   1.1452044e+00
   5.9350000e+05   1.2029337e+00   8.1090820e-01   8.7780513e-01   1.1360368e+00
   5.9351000e+05   1.1984329e+00   8.1090820e-01   8.8265825e-01   1.1266828e+00
   5.9352000e+05   1.1940420e+00   8.1090820e-01   8.8777685e-01   1.1171734e+00
   5.9353000e+05   1.1897988e+00   8.1090820e-01   8.9316792e-01   1.1075391e+00
   5.9354000e+05   1.1857399e+00   8.1090820e-01   8.9883801e-01   1.0978101e+00
   5.9355000e+05   1.1819011e+00   8.1090820e-01   9.0479316e-01   1.0880161e+00
   5.9356000e+05   1.1783165e+00   8.1090820e-01   9.1103882e-01   1.0781859e+00
   5.9357000e+05   1.1750191e+00   8.1090820e-01   9.1757978e-01   1.0683475e+00
   5.9358000e+05   1.1720399e+00   8.1090820e-01   9.2442013e-01   1.0585279e+00
   5.9359000e+05   1.1694082e+00   8.1090820e-01   9.3156318e-01   1.0487532e+00
   5.9360000e+05   1.1671513e+00   8.1090820e-01   9.3901140e-01   1.0390481e+00
   5.9361000e+05   1.1652942e+00   8.1090820e-01   9.4676634e-01   1.0294360e+00
   5.9362000e+05   1.1638596e+00   8.1090820e-01   9.5482858e-01   1.0199392e+00
   5.9363000e+05   1.1628677e+00   8.1090820e-01   9.6319768e-01   1.0105782e+00
   5.9364000e+05   1.1623363e+00   8.1090820e-01   9.7187210e-01   1.0013724e+00
   5.9365000e+05   1.1622805e+00   8.1090820e-01   9.8084914e-01   9.9233953e-01
   5.9366000e+05   1.1627125e+00   8.1090820e-01   9.9012491e-01   9.8349577e-01
   5.9367000e+05   1.1636419e+00   8.1090820e-01   9.9969428e-01   9.7485581e-01
   5.9368000e+05   1.1650754e+00   8.1090820e-01   1.0095508e+00   9.6643278e-01
   5.9369000e+05   1.1670167e+00   8.1090820e-01   1.0196867e+00   9.5823824e-01
   5.9370000e+05   1.1694669e+00   8.1090820e-01   1.0300929e+00   9.5028225e-01
   5.9371000e+05   1.1724239e+00   8.1090820e-01   1.0407587e+00   9.4257336e-01
   5.9372000e+05   1.1758828e+00   8.1090820e-01   1.0516723e+00   9.3511867e-01
   5.9373000e+05   1.1798359e+00   8.1090820e-01   1.0628203e+00   9.2792382e-01
   5.9374000e+05   1.1842727e+00   8.1090820e-01   1.0741878e+00   9.2099313e-01
   5.9375000e+05   1.1891799e+00   8.1090820e-01   1.0857586e+00   9.1432955e-01
   5.9376000e+05   1.1945416e+00   8.1090820e-01   1.0975150e+00   9.0793482e-01
   5.9377000e+05   1.2003392e+00   8.1090820e-01   1.1094379e+00   9.0180947e-01
   5.9378000e+05   1.2065516e+00   8.1090820e-01   1.1215069e+00   8.9595291e-01
   5.9379000e+05   1.2131555e+00   8.1090820e-01   1.1337001e+00   8.9036353e-01
   5.9380000e+05   1.2201250e+00   8.1090820e-01   1.1459945e+00   8.8503873e-01
   5.9381000e+05   1.2274325e+00   8.1090820e-01   1.1583657e+00   8.7997503e-01
   5.9382000e+05   1.2350480e+00   8.1090820e-01   1.1707881e+00   8.7516814e-01
   5.9383000e+05   1.2429399e+00   8.1090820e-01   1.1832351e+00   8.7061302e-01
   5.9384000e+05   1.2510750e+00   8.1090820e-01   1.1956792e+00   8.6630400e-01
   5.9385000e+05   1.2594182e+00   8.1090820e-01   1.2080916e+00   8.6223482e-01
   5.9386000e+05   1.2679336e+00   8.1090820e-01   1.2204431e+00   8.5839871e-01
   5.9387000e+05   1.2765836e+00   8.1090820e-01   1.2327034e+00   8.5478847e-01
   5.9388000e+05   1.2853302e+00   8.1090820e-01   1.2448418e+00   8.5139655e-01
   5.9389000e+05   1.2941341e+00   8.1090820e-01   1.2568272e+00   8.4821511e-01
   5.9390000e+05   1.3029558e+00   8.1090820e-01   1.2686279e+00   8.4523607e-01
   5.9391000e+05   1.3117551e+00   8.1090820e-01   1.2802121e+00   8.4245118e-01
   5.9392000e+05   1.3204919e+00   8.1090820e-01   1.2915480e+00   8.3985209e-01
   5.9393000e+05   1.3291259e+00   8.1090820e-01   1.3026037e+00   8.3743040e-01
   5.9394000e+05   1.3376172e+00   8.1090820e-01   1.3133477e+00   8.3517768e-01
   5.9395000e+05   1.3459259e+00   8.1090820e-01   1.3237486e+00   8.3308555e-01
   5.9396000e+05   1.3540132e+00   8.1090820e-01   1.3337757e+00   8.3114572e-01
   5.9397000e+05   1.3618407e+00   8.1090820e-01   1.3433989e+00   8.2934999e-01
   5.9398000e+05   1.3693710e+00   8.1090820e-01   1.3525889e+00   8.2769034e-01
   5.9399000e+05   1.3765680e+00   8.1090820e-01   1.3613173e+00   8.2615891e-01
   5.9400000e+05   1.3833969e+00   8.1090820e-01   1.3695570e+00   8.2474804e-01
