   5.8552767e+05   1.1404407e+00
   5.8568186e+05   1.3167632e+00
   5.8583559e+05   1.4518698e+00
   5.8598862e+05   1.7645523e+00
   5.8614106e+05   1.7673465e+00
   5.8629190e+05   1.5995700e+00
   5.8642271e+05   1.6525074e+00
   5.8657776e+05   1.6034892e+00
   5.8672846e+05   1.7387917e+00
   5.8688103e+05   1.8107282e+00
   5.8703743e+05   1.3367429e+00
   5.8719094e+05   1.4859813e+00
   5.8737567e+05   1.5291034e+00
   5.8752942e+05   1.7195929e+00
   5.8768074e+05   1.6875245e+00
   5.8783377e+05   1.5477265e+00
   5.8798753e+05   1.3850089e+00
   5.8814208e+05   1.1858022e+00
   5.8829472e+05   1.1963282e+00
   5.8849326e+05   1.3145320e+00
   5.8864542e+05   1.3843283e+00
   5.8880109e+05   1.5636874e+00
   5.8895138e+05   1.8424689e+00
   5.8910236e+05   2.1872888e+00
   5.8925446e+05   1.8684744e+00
   5.8940827e+05   1.9379394e+00
   5.8951027e+05   1.6552290e+00
   5.8966430e+05   1.4095227e+00
   5.8981975e+05   1.3347375e+00
   5.8997348e+05   1.4683986e+00
   5.9012767e+05   1.3849150e+00
   5.9028033e+05   1.5625684e+00
   5.9040299e+05   1.7084788e+00
   5.9055302e+05   1.6279804e+00
   5.9070570e+05   1.4751504e+00
   5.9086031e+05   1.1901291e+00
   5.9101366e+05   1.2701719e+00
   5.9116809e+05   1.2963561e+00
   5.9131996e+05   1.3382295e+00
   5.9147520e+05   1.6686551e+00
   5.9162701e+05   2.2448906e+00
   5.9178019e+05   2.5358506e+00
   5.9192999e+05   2.9319237e+00
   5.9208536e+05   1.8717864e+00
   5.9223876e+05   1.5618923e+00
   5.9239418e+05   1.1458508e+00
   5.9261004e+05   1.2043564e+00
   5.9276350e+05   1.1524853e+00
   5.9291678e+05   1.2119053e+00
   5.9307044e+05   1.3041380e+00
   5.9322019e+05   1.4944600e+00
   5.9337612e+05   1.6102645e+00
