   5.8552949e+05   1.4819711e+00
   5.8568462e+05   1.5076725e+00
   5.8583770e+05   1.6290678e+00
   5.8598997e+05   1.8423671e+00
   5.8613987e+05   1.9973994e+00
   5.8629296e+05   1.9113296e+00
   5.8642152e+05   1.7761485e+00
   5.8657626e+05   1.5928690e+00
   5.8672939e+05   1.6670973e+00
   5.8688404e+05   1.8714081e+00
   5.8705785e+05   1.2845083e+00
   5.8719203e+05   1.6496723e+00
   5.8737503e+05   1.6535376e+00
   5.8752951e+05   1.8043637e+00
   5.8768003e+05   1.8508339e+00
   5.8783506e+05   1.6994837e+00
   5.8798813e+05   1.4978895e+00
   5.8814200e+05   1.4615973e+00
   5.8829629e+05   1.3907413e+00
   5.8849402e+05   1.4733291e+00
   5.8864568e+05   1.5844897e+00
   5.8880372e+05   1.7404653e+00
   5.8895328e+05   1.9070831e+00
   5.8910506e+05   2.1731477e+00
   5.8925527e+05   2.3749190e+00
   5.8940751e+05   2.0541726e+00
   5.8950943e+05   1.9799432e+00
   5.8966742e+05   1.5644605e+00
   5.8981836e+05   1.5334530e+00
   5.8997556e+05   1.5542938e+00
   5.9012510e+05   1.6684714e+00
   5.9027732e+05   1.6096087e+00
   5.9040222e+05   1.7029567e+00
   5.9055378e+05   1.7513196e+00
   5.9070711e+05   1.5727549e+00
   5.9085923e+05   1.5209588e+00
   5.9101474e+05   1.3509661e+00
   5.9116672e+05   1.5323463e+00
   5.9132549e+05   1.4739892e+00
   5.9147569e+05   1.6466381e+00
   5.9162899e+05   2.1810441e+00
   5.9177867e+05   2.7563092e+00
   5.9193199e+05   3.1363595e+00
   5.9208647e+05   2.1691315e+00
   5.9224070e+05   1.5362517e+00
   5.9239377e+05   1.6447206e+00
   5.9260872e+05   1.4563842e+00
   5.9277074e+05   1.6346734e+00
   5.9291505e+05   1.3698724e+00
   5.9306946e+05   1.5279633e+00
   5.9322706e+05   1.6127940e+00
   5.9337681e+05   1.6022226e+00
