   5.8500000e+05   1.8654930e+00   1.5855659e+00   1.5866034e+00   1.8644554e+00
   5.8501000e+05   1.8529014e+00   1.5855659e+00   1.5864305e+00   1.8520368e+00
   5.8502000e+05   1.8404889e+00   1.5855659e+00   1.5862843e+00   1.8397704e+00
   5.8503000e+05   1.8282823e+00   1.5855659e+00   1.5861612e+00   1.8276870e+00
   5.8504000e+05   1.8163068e+00   1.5855659e+00   1.5860578e+00   1.8158148e+00
   5.8505000e+05   1.8045855e+00   1.5855659e+00   1.5859712e+00   1.8041802e+00
   5.8506000e+05   1.7931398e+00   1.5855659e+00   1.5858990e+00   1.7928067e+00
   5.8507000e+05   1.7819886e+00   1.5855659e+00   1.5858388e+00   1.7817157e+00
   5.8508000e+05   1.7711490e+00   1.5855659e+00   1.5857889e+00   1.7709260e+00
   5.8509000e+05   1.7606358e+00   1.5855659e+00   1.5857476e+00   1.7604540e+00
   5.8510000e+05   1.7504616e+00   1.5855659e+00   1.5857136e+00   1.7503140e+00
   5.8511000e+05   1.7406372e+00   1.5855659e+00   1.5856855e+00   1.7405175e+00
   5.8512000e+05   1.7311709e+00   1.5855659e+00   1.5856626e+00   1.7310742e+00
   5.8513000e+05   1.7220692e+00   1.5855659e+00   1.5856438e+00   1.7219913e+00
   5.8514000e+05   1.7133366e+00   1.5855659e+00   1.5856285e+00   1.7132740e+00
   5.8515000e+05   1.7049757e+00   1.5855659e+00   1.5856161e+00   1.7049256e+00
   5.8516000e+05   1.6969873e+00   1.5855659e+00   1.5856060e+00   1.6969472e+00
   5.8517000e+05   1.6893706e+00   1.5855659e+00   1.5855978e+00   1.6893386e+00
   5.8518000e+05   1.6821229e+00   1.5855659e+00   1.5855913e+00   1.6820975e+00
   5.8519000e+05   1.6752405e+00   1.5855659e+00   1.5855860e+00   1.6752204e+00
   5.8520000e+05   1.6687180e+00   1.5855659e+00   1.5855818e+00   1.6687021e+00
   5.8521000e+05   1.6625489e+00   1.5855659e+00   1.5855784e+00   1.6625364e+00
   5.8522000e+05   1.6567256e+00   1.5855659e+00   1.5855757e+00   1.6567158e+00
   5.8523000e+05   1.6512395e+00   1.5855659e+00   1.5855736e+00   1.6512318e+00
   5.8524000e+05   1.6460811e+00   1.5855659e+00   1.5855719e+00   1.6460751e+00
   5.8525000e+05   1.6412402e+00   1.5855659e+00   1.5855706e+00   1.6412355e+00
   5.8526000e+05   1.6367061e+00   1.5855659e+00   1.5855695e+00   1.6367025e+00
   5.8527000e+05   1.6324674e+00   1.5855659e+00   1.5855687e+00   1.6324646e+00
   5.8528000e+05   1.6285123e+00   1.5855659e+00   1.5855681e+00   1.6285102e+00
   5.8529000e+05   1.6248290e+00   1.5855659e+00   1.5855676e+00   1.6248273e+00
   5.8530000e+05   1.6214050e+00   1.5855659e+00   1.5855672e+00   1.6214038e+00
   5.8531000e+05   1.6182282e+00   1.5855659e+00   1.5855669e+00   1.6182273e+00
   5.8532000e+05   1.6152862e+00   1.5855659e+00   1.5855666e+00   1.6152854e+00
   5.8533000e+05   1.6125666e+00   1.5855659e+00   1.5855665e+00   1.6125660e+00
   5.8534000e+05   1.6100573e+00   1.5855659e+00   1.5855663e+00   1.6100568e+00
   5.8535000e+05   1.6077462e+00   1.5855659e+00   1.5855662e+00   1.6077459e+00
   5.8536000e+05   1.6056216e+00   1.5855659e+00   1.5855661e+00   1.6056213e+00
   5.8537000e+05   1.6036720e+00   1.5855659e+00   1.5855661e+00   1.6036718e+00
   5.8538000e+05   1.6018861e+00   1.5855659e+00   1.5855660e+00   1.6018860e+00
   5.8539000e+05   1.6002533e+00   1.5855659e+00   1.5855660e+00   1.6002532e+00
   5.8540000e+05   1.5987630e+00   1.5855659e+00   1.5855660e+00   1.5987629e+00
   5.8541000e+05   1.5974053e+00   1.5855659e+00   1.5855660e+00   1.5974052e+00
   5.8542000e+05   1.5961705e+00   1.5855659e+00   1.5855659e+00   1.5961704e+00
   5.8543000e+05   1.5964567e+00   1.5855659e+00   1.5855659e+00   1.5964567e+00
   5.8544000e+05   1.5977202e+00   1.5855659e+00   1.5855659e+00   1.5977201e+00
   5.8545000e+05   1.5991089e+00   1.5855659e+00   1.5855659e+00   1.5991088e+00
   5.8546000e+05   1.6006325e+00   1.5855659e+00   1.5855659e+00   1.6006325e+00
   5.8547000e+05   1.6023011e+00   1.5855659e+00   1.5855659e+00   1.6023011e+00
   5.8548000e+05   1.6041253e+00   1.5855659e+00   1.5855659e+00   1.6041253e+00
   5.8549000e+05   1.6061159e+00   1.5855659e+00   1.5855659e+00   1.6061159e+00
   5.8550000e+05   1.6082842e+00   1.5855659e+00   1.5855659e+00   1.6082842e+00
   5.8551000e+05   1.6106418e+00   1.5855659e+00   1.5855659e+00   1.6106418e+00
   5.8552000e+05   1.6132004e+00   1.5855659e+00   1.5855659e+00   1.6132004e+00
   5.8553000e+05   1.6159722e+00   1.5855659e+00   1.5855659e+00   1.6159722e+00
   5.8554000e+05   1.6189693e+00   1.5855659e+00   1.5855659e+00   1.6189693e+00
   5.8555000e+05   1.6222041e+00   1.5855659e+00   1.5855659e+00   1.6222041e+00
   5.8556000e+05   1.6256889e+00   1.5855659e+00   1.5855659e+00   1.6256889e+00
   5.8557000e+05   1.6294360e+00   1.5855659e+00   1.5855659e+00   1.6294360e+00
   5.8558000e+05   1.6334575e+00   1.5855659e+00   1.5855659e+00   1.6334575e+00
   5.8559000e+05   1.6377653e+00   1.5855659e+00   1.5855659e+00   1.6377653e+00
   5.8560000e+05   1.6423711e+00   1.5855659e+00   1.5855659e+00   1.6423711e+00
   5.8561000e+05   1.6472859e+00   1.5855659e+00   1.5855659e+00   1.6472859e+00
   5.8562000e+05   1.6525204e+00   1.5855659e+00   1.5855659e+00   1.6525204e+00
   5.8563000e+05   1.6580846e+00   1.5855659e+00   1.5855659e+00   1.6580846e+00
   5.8564000e+05   1.6639875e+00   1.5855659e+00   1.5855659e+00   1.6639875e+00
   5.8565000e+05   1.6702373e+00   1.5855659e+00   1.5855659e+00   1.6702373e+00
   5.8566000e+05   1.6768414e+00   1.5855659e+00   1.5855659e+00   1.6768414e+00
   5.8567000e+05   1.6838057e+00   1.5855659e+00   1.5855659e+00   1.6838057e+00
   5.8568000e+05   1.6911349e+00   1.5855659e+00   1.5855659e+00   1.6911349e+00
   5.8569000e+05   1.6988323e+00   1.5855659e+00   1.5855659e+00   1.6988323e+00
   5.8570000e+05   1.7068996e+00   1.5855659e+00   1.5855659e+00   1.7068996e+00
   5.8571000e+05   1.7153370e+00   1.5855659e+00   1.5855659e+00   1.7153370e+00
   5.8572000e+05   1.7241426e+00   1.5855659e+00   1.5855659e+00   1.7241425e+00
   5.8573000e+05   1.7333127e+00   1.5855659e+00   1.5855659e+00   1.7333127e+00
   5.8574000e+05   1.7428417e+00   1.5855659e+00   1.5855659e+00   1.7428417e+00
   5.8575000e+05   1.7527217e+00   1.5855659e+00   1.5855659e+00   1.7527217e+00
   5.8576000e+05   1.7629428e+00   1.5855659e+00   1.5855659e+00   1.7629428e+00
   5.8577000e+05   1.7734925e+00   1.5855659e+00   1.5855659e+00   1.7734925e+00
   5.8578000e+05   1.7843563e+00   1.5855659e+00   1.5855659e+00   1.7843563e+00
   5.8579000e+05   1.7955171e+00   1.5855659e+00   1.5855659e+00   1.7955171e+00
   5.8580000e+05   1.8069554e+00   1.5855659e+00   1.5855659e+00   1.8069554e+00
   5.8581000e+05   1.8186495e+00   1.5855659e+00   1.5855660e+00   1.8186494e+00
   5.8582000e+05   1.8305749e+00   1.5855659e+00   1.5855660e+00   1.8305748e+00
   5.8583000e+05   1.8427051e+00   1.5855659e+00   1.5855660e+00   1.8427050e+00
   5.8584000e+05   1.8550111e+00   1.5855659e+00   1.5855661e+00   1.8550109e+00
   5.8585000e+05   1.8674615e+00   1.5855659e+00   1.5855661e+00   1.8674613e+00
   5.8586000e+05   1.8800230e+00   1.5855659e+00   1.5855662e+00   1.8800227e+00
   5.8587000e+05   1.8926601e+00   1.5855659e+00   1.5855663e+00   1.8926597e+00
   5.8588000e+05   1.9053354e+00   1.5855659e+00   1.5855664e+00   1.9053349e+00
   5.8589000e+05   1.9180098e+00   1.5855659e+00   1.5855666e+00   1.9180091e+00
   5.8590000e+05   1.9306425e+00   1.5855659e+00   1.5855668e+00   1.9306416e+00
   5.8591000e+05   1.9431914e+00   1.5855659e+00   1.5855671e+00   1.9431902e+00
   5.8592000e+05   1.9556134e+00   1.5855659e+00   1.5855674e+00   1.9556118e+00
   5.8593000e+05   1.9678641e+00   1.5855659e+00   1.5855679e+00   1.9678621e+00
   5.8594000e+05   1.9798988e+00   1.5855659e+00   1.5855685e+00   1.9798962e+00
   5.8595000e+05   1.9916722e+00   1.5855659e+00   1.5855692e+00   1.9916689e+00
   5.8596000e+05   2.0031390e+00   1.5855659e+00   1.5855702e+00   2.0031347e+00
   5.8597000e+05   2.0142538e+00   1.5855659e+00   1.5855714e+00   2.0142483e+00
   5.8598000e+05   2.0249721e+00   1.5855659e+00   1.5855730e+00   2.0249650e+00
   5.8599000e+05   2.0352496e+00   1.5855659e+00   1.5855750e+00   2.0352406e+00
   5.8600000e+05   2.0450436e+00   1.5855659e+00   1.5855774e+00   2.0450320e+00
   5.8601000e+05   2.0543124e+00   1.5855659e+00   1.5855806e+00   2.0542977e+00
   5.8602000e+05   2.0630161e+00   1.5855659e+00   1.5855845e+00   2.0629975e+00
   5.8603000e+05   2.0711167e+00   1.5855659e+00   1.5855894e+00   2.0710933e+00
   5.8604000e+05   2.0785786e+00   1.5855659e+00   1.5855954e+00   2.0785491e+00
   5.8605000e+05   2.0853686e+00   1.5855659e+00   1.5856030e+00   2.0853314e+00
   5.8606000e+05   2.0914561e+00   1.5855659e+00   1.5856124e+00   2.0914096e+00
   5.8607000e+05   2.0968137e+00   1.5855659e+00   1.5856240e+00   2.0967557e+00
   5.8608000e+05   2.1014174e+00   1.5855659e+00   1.5856383e+00   2.1013451e+00
   5.8609000e+05   2.1052464e+00   1.5855659e+00   1.5856558e+00   2.1051565e+00
   5.8610000e+05   2.1082834e+00   1.5855659e+00   1.5856772e+00   2.1081721e+00
   5.8611000e+05   2.1105153e+00   1.5855659e+00   1.5857034e+00   2.1103778e+00
   5.8612000e+05   2.1119326e+00   1.5855659e+00   1.5857353e+00   2.1117632e+00
   5.8613000e+05   2.1125298e+00   1.5855659e+00   1.5857740e+00   2.1123217e+00
   5.8614000e+05   2.1123057e+00   1.5855659e+00   1.5858208e+00   2.1120508e+00
   5.8615000e+05   2.1112630e+00   1.5855659e+00   1.5858773e+00   2.1109516e+00
   5.8616000e+05   2.1094088e+00   1.5855659e+00   1.5859452e+00   2.1090295e+00
   5.8617000e+05   2.1067542e+00   1.5855659e+00   1.5860267e+00   2.1062934e+00
   5.8618000e+05   2.1033143e+00   1.5855659e+00   1.5861241e+00   2.1027561e+00
   5.8619000e+05   2.0991086e+00   1.5855659e+00   1.5862402e+00   2.0984343e+00
   5.8620000e+05   2.0941603e+00   1.5855659e+00   1.5863781e+00   2.0933481e+00
   5.8621000e+05   2.0884965e+00   1.5855659e+00   1.5865415e+00   2.0875208e+00
   5.8622000e+05   2.0821481e+00   1.5855659e+00   1.5867346e+00   2.0809794e+00
   5.8623000e+05   2.0751495e+00   1.5855659e+00   1.5869619e+00   2.0737535e+00
   5.8624000e+05   2.0675386e+00   1.5855659e+00   1.5872288e+00   2.0658758e+00
   5.8625000e+05   2.0593565e+00   1.5855659e+00   1.5875411e+00   2.0573813e+00
   5.8626000e+05   2.0506471e+00   1.5855659e+00   1.5879056e+00   2.0483074e+00
   5.8627000e+05   2.0414574e+00   1.5855659e+00   1.5883296e+00   2.0386936e+00
   5.8628000e+05   2.0318367e+00   1.5855659e+00   1.5888214e+00   2.0285812e+00
   5.8629000e+05   2.0218366e+00   1.5855659e+00   1.5893899e+00   2.0180125e+00
   5.8630000e+05   2.0115109e+00   1.5855659e+00   1.5900452e+00   2.0070315e+00
   5.8631000e+05   2.0009150e+00   1.5855659e+00   1.5907982e+00   1.9956828e+00
   5.8632000e+05   1.9901061e+00   1.5855659e+00   1.5916606e+00   1.9840114e+00
   5.8633000e+05   1.9791423e+00   1.5855659e+00   1.5926453e+00   1.9720628e+00
   5.8634000e+05   1.9680827e+00   1.5855659e+00   1.5937662e+00   1.9598824e+00
   5.8635000e+05   1.9569874e+00   1.5855659e+00   1.5950381e+00   1.9475152e+00
   5.8636000e+05   1.9459164e+00   1.5855659e+00   1.5964766e+00   1.9350057e+00
   5.8637000e+05   1.9349301e+00   1.5855659e+00   1.5980986e+00   1.9223974e+00
   5.8638000e+05   1.9240886e+00   1.5855659e+00   1.5999215e+00   1.9097330e+00
   5.8639000e+05   1.9134513e+00   1.5855659e+00   1.6019636e+00   1.8970536e+00
   5.8640000e+05   1.9030770e+00   1.5855659e+00   1.6042438e+00   1.8843990e+00
   5.8641000e+05   1.8930232e+00   1.5855659e+00   1.6067818e+00   1.8718073e+00
   5.8642000e+05   1.8833460e+00   1.5855659e+00   1.6095974e+00   1.8593145e+00
   5.8643000e+05   1.8740995e+00   1.5855659e+00   1.6127106e+00   1.8469548e+00
   5.8644000e+05   1.8653359e+00   1.5855659e+00   1.6161415e+00   1.8347603e+00
   5.8645000e+05   1.8571047e+00   1.5855659e+00   1.6199098e+00   1.8227607e+00
   5.8646000e+05   1.8494526e+00   1.5855659e+00   1.6240349e+00   1.8109836e+00
   5.8647000e+05   1.8424233e+00   1.5855659e+00   1.6285352e+00   1.7994540e+00
   5.8648000e+05   1.8360566e+00   1.5855659e+00   1.6334279e+00   1.7881946e+00
   5.8649000e+05   1.8303887e+00   1.5855659e+00   1.6387288e+00   1.7772258e+00
   5.8650000e+05   1.8254514e+00   1.5855659e+00   1.6444520e+00   1.7665653e+00
   5.8651000e+05   1.8212720e+00   1.5855659e+00   1.6506092e+00   1.7562288e+00
   5.8652000e+05   1.8178728e+00   1.5855659e+00   1.6572095e+00   1.7462292e+00
   5.8653000e+05   1.8152709e+00   1.5855659e+00   1.6642593e+00   1.7365775e+00
   5.8654000e+05   1.8134777e+00   1.5855659e+00   1.6717615e+00   1.7272821e+00
   5.8655000e+05   1.8124989e+00   1.5855659e+00   1.6797152e+00   1.7183496e+00
   5.8656000e+05   1.8123341e+00   1.5855659e+00   1.6881158e+00   1.7097842e+00
   5.8657000e+05   1.8129765e+00   1.5855659e+00   1.6969540e+00   1.7015884e+00
   5.8658000e+05   1.8144130e+00   1.5855659e+00   1.7062161e+00   1.6937628e+00
   5.8659000e+05   1.8166238e+00   1.5855659e+00   1.7158835e+00   1.6863062e+00
   5.8660000e+05   1.8195824e+00   1.5855659e+00   1.7259325e+00   1.6792158e+00
   5.8661000e+05   1.8232557e+00   1.5855659e+00   1.7363342e+00   1.6724875e+00
   5.8662000e+05   1.8276041e+00   1.5855659e+00   1.7470545e+00   1.6661155e+00
   5.8663000e+05   1.8325814e+00   1.5855659e+00   1.7580542e+00   1.6600931e+00
   5.8664000e+05   1.8381352e+00   1.5855659e+00   1.7692886e+00   1.6544125e+00
   5.8665000e+05   1.8442072e+00   1.5855659e+00   1.7807084e+00   1.6490647e+00
   5.8666000e+05   1.8507335e+00   1.5855659e+00   1.7922592e+00   1.6440402e+00
   5.8667000e+05   1.8576451e+00   1.5855659e+00   1.8038825e+00   1.6393285e+00
   5.8668000e+05   1.8648683e+00   1.5855659e+00   1.8155156e+00   1.6349186e+00
   5.8669000e+05   1.8723254e+00   1.5855659e+00   1.8270922e+00   1.6307991e+00
   5.8670000e+05   1.8799357e+00   1.5855659e+00   1.8385434e+00   1.6269582e+00
   5.8671000e+05   1.8876155e+00   1.5855659e+00   1.8497976e+00   1.6233838e+00
   5.8672000e+05   1.8952797e+00   1.5855659e+00   1.8607818e+00   1.6200637e+00
   5.8673000e+05   1.9028420e+00   1.5855659e+00   1.8714223e+00   1.6169856e+00
   5.8674000e+05   1.9102163e+00   1.5855659e+00   1.8816451e+00   1.6141370e+00
   5.8675000e+05   1.9173173e+00   1.5855659e+00   1.8913773e+00   1.6115058e+00
   5.8676000e+05   1.9240614e+00   1.5855659e+00   1.9005474e+00   1.6090799e+00
   5.8677000e+05   1.9303680e+00   1.5855659e+00   1.9090867e+00   1.6068473e+00
   5.8678000e+05   1.9361600e+00   1.5855659e+00   1.9169296e+00   1.6047963e+00
   5.8679000e+05   1.9413647e+00   1.5855659e+00   1.9240149e+00   1.6029156e+00
   5.8680000e+05   1.9459150e+00   1.5855659e+00   1.9302866e+00   1.6011943e+00
   5.8681000e+05   1.9497498e+00   1.5855659e+00   1.9356941e+00   1.5996215e+00
   5.8682000e+05   1.9528148e+00   1.5855659e+00   1.9401935e+00   1.5981871e+00
   5.8683000e+05   1.9550632e+00   1.5855659e+00   1.9437478e+00   1.5968813e+00
   5.8684000e+05   1.9565309e+00   1.5855659e+00   1.9463276e+00   1.5957692e+00
   5.8685000e+05   1.9593090e+00   1.5855659e+00   1.9479114e+00   1.5969635e+00
   5.8686000e+05   1.9611976e+00   1.5855659e+00   1.9484860e+00   1.5982775e+00
   5.8687000e+05   1.9622013e+00   1.5855659e+00   1.9480465e+00   1.5997207e+00
   5.8688000e+05   1.9623337e+00   1.5855659e+00   1.9465967e+00   1.6013029e+00
   5.8689000e+05   1.9616172e+00   1.5855659e+00   1.9441487e+00   1.6030344e+00
   5.8690000e+05   1.9600828e+00   1.5855659e+00   1.9407228e+00   1.6049259e+00
   5.8691000e+05   1.9577700e+00   1.5855659e+00   1.9363475e+00   1.6069885e+00
   5.8692000e+05   1.9547262e+00   1.5855659e+00   1.9310586e+00   1.6092335e+00
   5.8693000e+05   1.9510061e+00   1.5855659e+00   1.9248994e+00   1.6116725e+00
   5.8694000e+05   1.9466712e+00   1.5855659e+00   1.9179194e+00   1.6143177e+00
   5.8695000e+05   1.9417891e+00   1.5855659e+00   1.9101741e+00   1.6171810e+00
   5.8696000e+05   1.9364328e+00   1.5855659e+00   1.9017240e+00   1.6202747e+00
   5.8697000e+05   1.9306793e+00   1.5855659e+00   1.8926341e+00   1.6236111e+00
   5.8698000e+05   1.9246096e+00   1.5855659e+00   1.8829728e+00   1.6272026e+00
   5.8699000e+05   1.9183068e+00   1.5855659e+00   1.8728112e+00   1.6310615e+00
   5.8700000e+05   1.9118560e+00   1.5855659e+00   1.8622222e+00   1.6351997e+00
   5.8701000e+05   1.9053427e+00   1.5855659e+00   1.8512795e+00   1.6396291e+00
   5.8702000e+05   1.8988522e+00   1.5855659e+00   1.8400570e+00   1.6443611e+00
   5.8703000e+05   1.8924687e+00   1.5855659e+00   1.8286280e+00   1.6494066e+00
   5.8704000e+05   1.8862741e+00   1.5855659e+00   1.8170640e+00   1.6547760e+00
   5.8705000e+05   1.8803476e+00   1.5855659e+00   1.8054346e+00   1.6604789e+00
   5.8706000e+05   1.8747644e+00   1.5855659e+00   1.7938063e+00   1.6665240e+00
   5.8707000e+05   1.8695956e+00   1.5855659e+00   1.7822423e+00   1.6729192e+00
   5.8708000e+05   1.8649072e+00   1.5855659e+00   1.7708018e+00   1.6796713e+00
   5.8709000e+05   1.8607594e+00   1.5855659e+00   1.7595397e+00   1.6867856e+00
   5.8710000e+05   1.8572066e+00   1.5855659e+00   1.7485060e+00   1.6942664e+00
   5.8711000e+05   1.8542966e+00   1.5855659e+00   1.7377461e+00   1.7021164e+00
   5.8712000e+05   1.8520704e+00   1.5855659e+00   1.7272998e+00   1.7103365e+00
   5.8713000e+05   1.8505622e+00   1.5855659e+00   1.7172020e+00   1.7189261e+00
   5.8714000e+05   1.8497991e+00   1.5855659e+00   1.7074822e+00   1.7278827e+00
   5.8715000e+05   1.8498008e+00   1.5855659e+00   1.6981649e+00   1.7372018e+00
   5.8716000e+05   1.8505801e+00   1.5855659e+00   1.6892693e+00   1.7468767e+00
   5.8717000e+05   1.8521426e+00   1.5855659e+00   1.6808097e+00   1.7568988e+00
   5.8718000e+05   1.8544872e+00   1.5855659e+00   1.6727960e+00   1.7672571e+00
   5.8719000e+05   1.8576060e+00   1.5855659e+00   1.6652335e+00   1.7779383e+00
   5.8720000e+05   1.8614845e+00   1.5855659e+00   1.6581235e+00   1.7889269e+00
   5.8721000e+05   1.8661023e+00   1.5855659e+00   1.6514635e+00   1.8002047e+00
   5.8722000e+05   1.8714331e+00   1.5855659e+00   1.6452477e+00   1.8117513e+00
   5.8723000e+05   1.8774453e+00   1.5855659e+00   1.6394673e+00   1.8235439e+00
   5.8724000e+05   1.8841021e+00   1.5855659e+00   1.6341108e+00   1.8355572e+00
   5.8725000e+05   1.8913621e+00   1.5855659e+00   1.6291646e+00   1.8477635e+00
   5.8726000e+05   1.8991800e+00   1.5855659e+00   1.6246129e+00   1.8601329e+00
   5.8727000e+05   1.9075063e+00   1.5855659e+00   1.6204389e+00   1.8726333e+00
   5.8728000e+05   1.9162884e+00   1.5855659e+00   1.6166240e+00   1.8852303e+00
   5.8729000e+05   1.9254711e+00   1.5855659e+00   1.6131493e+00   1.8978877e+00
   5.8730000e+05   1.9349963e+00   1.5855659e+00   1.6099949e+00   1.9105673e+00
   5.8731000e+05   1.9448042e+00   1.5855659e+00   1.6071408e+00   1.9232293e+00
   5.8732000e+05   1.9548335e+00   1.5855659e+00   1.6045670e+00   1.9358324e+00
   5.8733000e+05   1.9650215e+00   1.5855659e+00   1.6022534e+00   1.9483339e+00
   5.8734000e+05   1.9753050e+00   1.5855659e+00   1.6001807e+00   1.9606902e+00
   5.8735000e+05   1.9856206e+00   1.5855659e+00   1.5983297e+00   1.9728568e+00
   5.8736000e+05   1.9959046e+00   1.5855659e+00   1.5966820e+00   1.9847885e+00
   5.8737000e+05   2.0060941e+00   1.5855659e+00   1.5952199e+00   1.9964400e+00
   5.8738000e+05   2.0161269e+00   1.5855659e+00   1.5939268e+00   2.0077660e+00
   5.8739000e+05   2.0259419e+00   1.5855659e+00   1.5927866e+00   2.0187212e+00
   5.8740000e+05   2.0354798e+00   1.5855659e+00   1.5917845e+00   2.0292611e+00
   5.8741000e+05   2.0446828e+00   1.5855659e+00   1.5909066e+00   2.0393421e+00
   5.8742000e+05   2.0534954e+00   1.5855659e+00   1.5901397e+00   2.0489216e+00
   5.8743000e+05   2.0618647e+00   1.5855659e+00   1.5894721e+00   2.0579585e+00
   5.8744000e+05   2.0697402e+00   1.5855659e+00   1.5888926e+00   2.0664135e+00
   5.8745000e+05   2.0770747e+00   1.5855659e+00   1.5883911e+00   2.0742495e+00
   5.8746000e+05   2.0838239e+00   1.5855659e+00   1.5879586e+00   2.0814313e+00
   5.8747000e+05   2.0899472e+00   1.5855659e+00   1.5875866e+00   2.0879266e+00
   5.8748000e+05   2.0954076e+00   1.5855659e+00   1.5872676e+00   2.0937058e+00
   5.8749000e+05   2.1001716e+00   1.5855659e+00   1.5869951e+00   2.0987425e+00
   5.8750000e+05   2.1042101e+00   1.5855659e+00   1.5867628e+00   2.1030132e+00
   5.8751000e+05   2.1074978e+00   1.5855659e+00   1.5865655e+00   2.1064982e+00
   5.8752000e+05   2.1100135e+00   1.5855659e+00   1.5863983e+00   2.1091811e+00
   5.8753000e+05   2.1117406e+00   1.5855659e+00   1.5862572e+00   2.1110493e+00
   5.8754000e+05   2.1126666e+00   1.5855659e+00   1.5861384e+00   2.1120941e+00
   5.8755000e+05   2.1127832e+00   1.5855659e+00   1.5860387e+00   2.1123104e+00
   5.8756000e+05   2.1120867e+00   1.5855659e+00   1.5859553e+00   2.1116973e+00
   5.8757000e+05   2.1105775e+00   1.5855659e+00   1.5858857e+00   2.1102577e+00
   5.8758000e+05   2.1082603e+00   1.5855659e+00   1.5858278e+00   2.1079984e+00
   5.8759000e+05   2.1051438e+00   1.5855659e+00   1.5857798e+00   2.1049299e+00
   5.8760000e+05   2.1012409e+00   1.5855659e+00   1.5857401e+00   2.1010667e+00
   5.8761000e+05   2.0965683e+00   1.5855659e+00   1.5857073e+00   2.0964268e+00
   5.8762000e+05   2.0911463e+00   1.5855659e+00   1.5856804e+00   2.0910318e+00
   5.8763000e+05   2.0849989e+00   1.5855659e+00   1.5856584e+00   2.0849064e+00
   5.8764000e+05   2.0781533e+00   1.5855659e+00   1.5856404e+00   2.0780788e+00
   5.8765000e+05   2.0706396e+00   1.5855659e+00   1.5856257e+00   2.0705798e+00
   5.8766000e+05   2.0624911e+00   1.5855659e+00   1.5856138e+00   2.0624431e+00
   5.8767000e+05   2.0537432e+00   1.5855659e+00   1.5856042e+00   2.0537049e+00
   5.8768000e+05   2.0444339e+00   1.5855659e+00   1.5855964e+00   2.0444034e+00
   5.8769000e+05   2.0346029e+00   1.5855659e+00   1.5855901e+00   2.0345787e+00
   5.8770000e+05   2.0242920e+00   1.5855659e+00   1.5855851e+00   2.0242728e+00
   5.8771000e+05   2.0135438e+00   1.5855659e+00   1.5855810e+00   2.0135286e+00
   5.8772000e+05   2.0024024e+00   1.5855659e+00   1.5855778e+00   2.0023905e+00
   5.8773000e+05   1.9909124e+00   1.5855659e+00   1.5855753e+00   1.9909031e+00
   5.8774000e+05   1.9791191e+00   1.5855659e+00   1.5855732e+00   1.9791118e+00
   5.8775000e+05   1.9670678e+00   1.5855659e+00   1.5855716e+00   1.9670621e+00
   5.8776000e+05   1.9548036e+00   1.5855659e+00   1.5855704e+00   1.9547991e+00
   5.8777000e+05   1.9423713e+00   1.5855659e+00   1.5855694e+00   1.9423678e+00
   5.8778000e+05   1.9298150e+00   1.5855659e+00   1.5855686e+00   1.9298123e+00
   5.8779000e+05   1.9171779e+00   1.5855659e+00   1.5855680e+00   1.9171758e+00
   5.8780000e+05   1.9045019e+00   1.5855659e+00   1.5855675e+00   1.9045003e+00
   5.8781000e+05   1.8918277e+00   1.5855659e+00   1.5855671e+00   1.8918265e+00
   5.8782000e+05   1.8791942e+00   1.5855659e+00   1.5855668e+00   1.8791933e+00
   5.8783000e+05   1.8666388e+00   1.5855659e+00   1.5855666e+00   1.8666381e+00
   5.8784000e+05   1.8541968e+00   1.5855659e+00   1.5855664e+00   1.8541963e+00
   5.8785000e+05   1.8419014e+00   1.5855659e+00   1.5855663e+00   1.8419010e+00
   5.8786000e+05   1.8297837e+00   1.5855659e+00   1.5855662e+00   1.8297834e+00
   5.8787000e+05   1.8178727e+00   1.5855659e+00   1.5855661e+00   1.8178724e+00
   5.8788000e+05   1.8061947e+00   1.5855659e+00   1.5855661e+00   1.8061945e+00
   5.8789000e+05   1.7947739e+00   1.5855659e+00   1.5855660e+00   1.7947738e+00
   5.8790000e+05   1.7836321e+00   1.5855659e+00   1.5855660e+00   1.7836320e+00
   5.8791000e+05   1.7727885e+00   1.5855659e+00   1.5855660e+00   1.7727884e+00
   5.8792000e+05   1.7622599e+00   1.5855659e+00   1.5855659e+00   1.7622599e+00
   5.8793000e+05   1.7520610e+00   1.5855659e+00   1.5855659e+00   1.7520609e+00
   5.8794000e+05   1.7422037e+00   1.5855659e+00   1.5855659e+00   1.7422037e+00
   5.8795000e+05   1.7326981e+00   1.5855659e+00   1.5855659e+00   1.7326981e+00
   5.8796000e+05   1.7235518e+00   1.5855659e+00   1.5855659e+00   1.7235518e+00
   5.8797000e+05   1.7147704e+00   1.5855659e+00   1.5855659e+00   1.7147704e+00
   5.8798000e+05   1.7063573e+00   1.5855659e+00   1.5855659e+00   1.7063573e+00
   5.8799000e+05   1.6983143e+00   1.5855659e+00   1.5855659e+00   1.6983143e+00
   5.8800000e+05   1.6906412e+00   1.5855659e+00   1.5855659e+00   1.6906412e+00
   5.8801000e+05   1.6833362e+00   1.5855659e+00   1.5855659e+00   1.6833362e+00
   5.8802000e+05   1.6763958e+00   1.5855659e+00   1.5855659e+00   1.6763958e+00
   5.8803000e+05   1.6698152e+00   1.5855659e+00   1.5855659e+00   1.6698152e+00
   5.8804000e+05   1.6635884e+00   1.5855659e+00   1.5855659e+00   1.6635884e+00
   5.8805000e+05   1.6577081e+00   1.5855659e+00   1.5855659e+00   1.6577081e+00
   5.8806000e+05   1.6521659e+00   1.5855659e+00   1.5855659e+00   1.6521659e+00
   5.8807000e+05   1.6469528e+00   1.5855659e+00   1.5855659e+00   1.6469528e+00
   5.8808000e+05   1.6420586e+00   1.5855659e+00   1.5855659e+00   1.6420586e+00
   5.8809000e+05   1.6374728e+00   1.5855659e+00   1.5855659e+00   1.6374728e+00
   5.8810000e+05   1.6331841e+00   1.5855659e+00   1.5855659e+00   1.6331841e+00
   5.8811000e+05   1.6291811e+00   1.5855659e+00   1.5855659e+00   1.6291811e+00
   5.8812000e+05   1.6254516e+00   1.5855659e+00   1.5855659e+00   1.6254516e+00
   5.8813000e+05   1.6219837e+00   1.5855659e+00   1.5855659e+00   1.6219837e+00
   5.8814000e+05   1.6187649e+00   1.5855659e+00   1.5855659e+00   1.6187649e+00
   5.8815000e+05   1.6157830e+00   1.5855659e+00   1.5855659e+00   1.6157830e+00
   5.8816000e+05   1.6130256e+00   1.5855659e+00   1.5855659e+00   1.6130256e+00
   5.8817000e+05   1.6104806e+00   1.5855659e+00   1.5855659e+00   1.6104806e+00
   5.8818000e+05   1.6081358e+00   1.5855659e+00   1.5855659e+00   1.6081358e+00
   5.8819000e+05   1.6059796e+00   1.5855659e+00   1.5855659e+00   1.6059796e+00
   5.8820000e+05   1.6040002e+00   1.5855659e+00   1.5855659e+00   1.6040002e+00
   5.8821000e+05   1.6021866e+00   1.5855659e+00   1.5855659e+00   1.6021866e+00
   5.8822000e+05   1.6005279e+00   1.5855659e+00   1.5855659e+00   1.6005278e+00
   5.8823000e+05   1.5990134e+00   1.5855659e+00   1.5855659e+00   1.5990134e+00
   5.8824000e+05   1.5976333e+00   1.5855659e+00   1.5855659e+00   1.5976333e+00
   5.8825000e+05   1.5963777e+00   1.5855659e+00   1.5855659e+00   1.5963777e+00
   5.8826000e+05   1.5962481e+00   1.5855659e+00   1.5855659e+00   1.5962481e+00
   5.8827000e+05   1.5974907e+00   1.5855659e+00   1.5855659e+00   1.5974907e+00
   5.8828000e+05   1.5988568e+00   1.5855659e+00   1.5855659e+00   1.5988568e+00
   5.8829000e+05   1.6003562e+00   1.5855659e+00   1.5855659e+00   1.6003561e+00
   5.8830000e+05   1.6019987e+00   1.5855659e+00   1.5855659e+00   1.6019987e+00
   5.8831000e+05   1.6037950e+00   1.5855659e+00   1.5855659e+00   1.6037949e+00
   5.8832000e+05   1.6057557e+00   1.5855659e+00   1.5855660e+00   1.6057557e+00
   5.8833000e+05   1.6078922e+00   1.5855659e+00   1.5855660e+00   1.6078921e+00
   5.8834000e+05   1.6102159e+00   1.5855659e+00   1.5855660e+00   1.6102158e+00
   5.8835000e+05   1.6127386e+00   1.5855659e+00   1.5855661e+00   1.6127384e+00
   5.8836000e+05   1.6154723e+00   1.5855659e+00   1.5855661e+00   1.6154721e+00
   5.8837000e+05   1.6184293e+00   1.5855659e+00   1.5855662e+00   1.6184289e+00
   5.8838000e+05   1.6216218e+00   1.5855659e+00   1.5855663e+00   1.6216213e+00
   5.8839000e+05   1.6250621e+00   1.5855659e+00   1.5855664e+00   1.6250616e+00
   5.8840000e+05   1.6287626e+00   1.5855659e+00   1.5855666e+00   1.6287619e+00
   5.8841000e+05   1.6327356e+00   1.5855659e+00   1.5855668e+00   1.6327346e+00
   5.8842000e+05   1.6369928e+00   1.5855659e+00   1.5855671e+00   1.6369916e+00
   5.8843000e+05   1.6415461e+00   1.5855659e+00   1.5855675e+00   1.6415445e+00
   5.8844000e+05   1.6464067e+00   1.5855659e+00   1.5855680e+00   1.6464046e+00
   5.8845000e+05   1.6515852e+00   1.5855659e+00   1.5855686e+00   1.6515825e+00
   5.8846000e+05   1.6570919e+00   1.5855659e+00   1.5855694e+00   1.6570884e+00
   5.8847000e+05   1.6629360e+00   1.5855659e+00   1.5855704e+00   1.6629315e+00
   5.8848000e+05   1.6691260e+00   1.5855659e+00   1.5855717e+00   1.6691202e+00
   5.8849000e+05   1.6756693e+00   1.5855659e+00   1.5855734e+00   1.6756619e+00
   5.8850000e+05   1.6825724e+00   1.5855659e+00   1.5855754e+00   1.6825628e+00
   5.8851000e+05   1.6898401e+00   1.5855659e+00   1.5855780e+00   1.6898280e+00
   5.8852000e+05   1.6974763e+00   1.5855659e+00   1.5855813e+00   1.6974609e+00
   5.8853000e+05   1.7054831e+00   1.5855659e+00   1.5855854e+00   1.7054636e+00
   5.8854000e+05   1.7138610e+00   1.5855659e+00   1.5855905e+00   1.7138364e+00
   5.8855000e+05   1.7226088e+00   1.5855659e+00   1.5855969e+00   1.7225778e+00
   5.8856000e+05   1.7317235e+00   1.5855659e+00   1.5856048e+00   1.7316846e+00
   5.8857000e+05   1.7412002e+00   1.5855659e+00   1.5856146e+00   1.7411515e+00
   5.8858000e+05   1.7510316e+00   1.5855659e+00   1.5856267e+00   1.7509708e+00
   5.8859000e+05   1.7612088e+00   1.5855659e+00   1.5856416e+00   1.7611331e+00
   5.8860000e+05   1.7717204e+00   1.5855659e+00   1.5856599e+00   1.7716264e+00
   5.8861000e+05   1.7825528e+00   1.5855659e+00   1.5856822e+00   1.7824365e+00
   5.8862000e+05   1.7936903e+00   1.5855659e+00   1.5857095e+00   1.7935467e+00
   5.8863000e+05   1.8051149e+00   1.5855659e+00   1.5857427e+00   1.8049381e+00
   5.8864000e+05   1.8168062e+00   1.5855659e+00   1.5857829e+00   1.8165891e+00
   5.8865000e+05   1.8287417e+00   1.5855659e+00   1.5858316e+00   1.8284760e+00
   5.8866000e+05   1.8408968e+00   1.5855659e+00   1.5858903e+00   1.8405724e+00
   5.8867000e+05   1.8532447e+00   1.5855659e+00   1.5859608e+00   1.8528498e+00
   5.8868000e+05   1.8657567e+00   1.5855659e+00   1.5860454e+00   1.8652773e+00
   5.8869000e+05   1.8784022e+00   1.5855659e+00   1.5861463e+00   1.8778218e+00
   5.8870000e+05   1.8911490e+00   1.5855659e+00   1.5862666e+00   1.8904482e+00
   5.8871000e+05   1.9039631e+00   1.5855659e+00   1.5864095e+00   1.9031195e+00
   5.8872000e+05   1.9168096e+00   1.5855659e+00   1.5865787e+00   1.9157968e+00
   5.8873000e+05   1.9296520e+00   1.5855659e+00   1.5867784e+00   1.9284395e+00
   5.8874000e+05   1.9424534e+00   1.5855659e+00   1.5870134e+00   1.9410060e+00
   5.8875000e+05   1.9551761e+00   1.5855659e+00   1.5872891e+00   1.9534529e+00
   5.8876000e+05   1.9677821e+00   1.5855659e+00   1.5876116e+00   1.9657363e+00
   5.8877000e+05   1.9802333e+00   1.5855659e+00   1.5879878e+00   1.9778115e+00
   5.8878000e+05   1.9924922e+00   1.5855659e+00   1.5884250e+00   1.9896331e+00
   5.8879000e+05   2.0045217e+00   1.5855659e+00   1.5889318e+00   2.0011558e+00
   5.8880000e+05   2.0162856e+00   1.5855659e+00   1.5895173e+00   2.0123342e+00
   5.8881000e+05   2.0277493e+00   1.5855659e+00   1.5901918e+00   2.0231234e+00
   5.8882000e+05   2.0388795e+00   1.5855659e+00   1.5909663e+00   2.0334791e+00
   5.8883000e+05   2.0496451e+00   1.5855659e+00   1.5918528e+00   2.0433583e+00
   5.8884000e+05   2.0600172e+00   1.5855659e+00   1.5928644e+00   2.0527187e+00
   5.8885000e+05   2.0699694e+00   1.5855659e+00   1.5940151e+00   2.0615202e+00
   5.8886000e+05   2.0794782e+00   1.5855659e+00   1.5953199e+00   2.0697241e+00
   5.8887000e+05   2.0885232e+00   1.5855659e+00   1.5967949e+00   2.0772942e+00
   5.8888000e+05   2.0970873e+00   1.5855659e+00   1.5984567e+00   2.0841965e+00
   5.8889000e+05   2.1051570e+00   1.5855659e+00   1.6003232e+00   2.0903998e+00
   5.8890000e+05   2.1127224e+00   1.5855659e+00   1.6024127e+00   2.0958756e+00
   5.8891000e+05   2.1197773e+00   1.5855659e+00   1.6047444e+00   2.1005988e+00
   5.8892000e+05   2.1263195e+00   1.5855659e+00   1.6073379e+00   2.1045475e+00
   5.8893000e+05   2.1323504e+00   1.5855659e+00   1.6102130e+00   2.1077033e+00
   5.8894000e+05   2.1378754e+00   1.5855659e+00   1.6133899e+00   2.1100513e+00
   5.8895000e+05   2.1429034e+00   1.5855659e+00   1.6168887e+00   2.1115806e+00
   5.8896000e+05   2.1474469e+00   1.5855659e+00   1.6207289e+00   2.1122839e+00
   5.8897000e+05   2.1515217e+00   1.5855659e+00   1.6249297e+00   2.1121579e+00
   5.8898000e+05   2.1551466e+00   1.5855659e+00   1.6295094e+00   2.1112032e+00
   5.8899000e+05   2.1583432e+00   1.5855659e+00   1.6344848e+00   2.1094242e+00
   5.8900000e+05   2.1611352e+00   1.5855659e+00   1.6398716e+00   2.1068295e+00
   5.8901000e+05   2.1635484e+00   1.5855659e+00   1.6456832e+00   2.1034311e+00
   5.8902000e+05   2.1656100e+00   1.5855659e+00   1.6519309e+00   2.0992450e+00
   5.8903000e+05   2.1673481e+00   1.5855659e+00   1.6586233e+00   2.0942907e+00
   5.8904000e+05   2.1687913e+00   1.5855659e+00   1.6657661e+00   2.0885911e+00
   5.8905000e+05   2.1699678e+00   1.5855659e+00   1.6733613e+00   2.0821724e+00
   5.8906000e+05   2.1709055e+00   1.5855659e+00   1.6814076e+00   2.0750638e+00
   5.8907000e+05   2.1716306e+00   1.5855659e+00   1.6898991e+00   2.0672975e+00
   5.8908000e+05   2.1721680e+00   1.5855659e+00   1.6988258e+00   2.0589081e+00
   5.8909000e+05   2.1725397e+00   1.5855659e+00   1.7081730e+00   2.0499326e+00
   5.8910000e+05   2.1727654e+00   1.5855659e+00   1.7179210e+00   2.0404103e+00
   5.8911000e+05   2.1728610e+00   1.5855659e+00   1.7280451e+00   2.0303819e+00
   5.8912000e+05   2.1728392e+00   1.5855659e+00   1.7385153e+00   2.0198898e+00
   5.8913000e+05   2.1727083e+00   1.5855659e+00   1.7492965e+00   2.0089777e+00
   5.8914000e+05   2.1724723e+00   1.5855659e+00   1.7603483e+00   1.9976899e+00
   5.8915000e+05   2.1721308e+00   1.5855659e+00   1.7716251e+00   1.9860716e+00
   5.8916000e+05   2.1716787e+00   1.5855659e+00   1.7830764e+00   1.9741682e+00
   5.8917000e+05   2.1711062e+00   1.5855659e+00   1.7946471e+00   1.9620250e+00
   5.8918000e+05   2.1703989e+00   1.5855659e+00   1.8062776e+00   1.9496872e+00
   5.8919000e+05   2.1695380e+00   1.5855659e+00   1.8179046e+00   1.9371994e+00
   5.8920000e+05   2.1685005e+00   1.5855659e+00   1.8294611e+00   1.9246052e+00
   5.8921000e+05   2.1672594e+00   1.5855659e+00   1.8408776e+00   1.9119476e+00
   5.8922000e+05   2.1657844e+00   1.5855659e+00   1.8520823e+00   1.8992680e+00
   5.8923000e+05   2.1640423e+00   1.5855659e+00   1.8630019e+00   1.8866063e+00
   5.8924000e+05   2.1619974e+00   1.5855659e+00   1.8735624e+00   1.8740009e+00
   5.8925000e+05   2.1596126e+00   1.5855659e+00   1.8836902e+00   1.8614883e+00
   5.8926000e+05   2.1568496e+00   1.5855659e+00   1.8933125e+00   1.8491030e+00
   5.8927000e+05   2.1536699e+00   1.5855659e+00   1.9023583e+00   1.8368774e+00
   5.8928000e+05   2.1500353e+00   1.5855659e+00   1.9107595e+00   1.8248417e+00
   5.8929000e+05   2.1459093e+00   1.5855659e+00   1.9184514e+00   1.8130239e+00
   5.8930000e+05   2.1412571e+00   1.5855659e+00   1.9253737e+00   1.8014493e+00
   5.8931000e+05   2.1360468e+00   1.5855659e+00   1.9314715e+00   1.7901412e+00
   5.8932000e+05   2.1302498e+00   1.5855659e+00   1.9366955e+00   1.7791202e+00
   5.8933000e+05   2.1238420e+00   1.5855659e+00   1.9410032e+00   1.7684047e+00
   5.8934000e+05   2.1168038e+00   1.5855659e+00   1.9443591e+00   1.7580106e+00
   5.8935000e+05   2.1091209e+00   1.5855659e+00   1.9467355e+00   1.7479513e+00
   5.8936000e+05   2.1007846e+00   1.5855659e+00   1.9481124e+00   1.7382381e+00
   5.8937000e+05   2.0917925e+00   1.5855659e+00   1.9484784e+00   1.7288800e+00
   5.8938000e+05   2.0821483e+00   1.5855659e+00   1.9478305e+00   1.7198837e+00
   5.8939000e+05   2.0718621e+00   1.5855659e+00   1.9461740e+00   1.7112539e+00
   5.8940000e+05   2.0609504e+00   1.5855659e+00   1.9435228e+00   1.7029935e+00
   5.8941000e+05   2.0494364e+00   1.5855659e+00   1.9398990e+00   1.6951033e+00
   5.8942000e+05   2.0373490e+00   1.5855659e+00   1.9353325e+00   1.6875824e+00
   5.8943000e+05   2.0247232e+00   1.5855659e+00   1.9298608e+00   1.6804283e+00
   5.8944000e+05   2.0115996e+00   1.5855659e+00   1.9235285e+00   1.6736370e+00
   5.8945000e+05   1.9980236e+00   1.5855659e+00   1.9163863e+00   1.6672032e+00
   5.8946000e+05   1.9840453e+00   1.5855659e+00   1.9084908e+00   1.6611204e+00
   5.8947000e+05   1.9697184e+00   1.5855659e+00   1.8999036e+00   1.6553806e+00
   5.8948000e+05   1.9551000e+00   1.5855659e+00   1.8906905e+00   1.6499754e+00
   5.8949000e+05   1.9402495e+00   1.5855659e+00   1.8809203e+00   1.6448951e+00
   5.8950000e+05   1.9252284e+00   1.5855659e+00   1.8706648e+00   1.6401295e+00
   5.8951000e+05   1.9100987e+00   1.5855659e+00   1.8599969e+00   1.6356677e+00
   5.8952000e+05   1.8949231e+00   1.5855659e+00   1.8489906e+00   1.6314983e+00
   5.8953000e+05   1.8797635e+00   1.5855659e+00   1.8377197e+00   1.6276096e+00
   5.8954000e+05   1.8646808e+00   1.5855659e+00   1.8262571e+00   1.6239896e+00
   5.8955000e+05   1.8497342e+00   1.5855659e+00   1.8146741e+00   1.6206260e+00
   5.8956000e+05   1.8349801e+00   1.5855659e+00   1.8030396e+00   1.6175064e+00
   5.8957000e+05   1.8204722e+00   1.5855659e+00   1.7914195e+00   1.6146186e+00
   5.8958000e+05   1.8062606e+00   1.5855659e+00   1.7798762e+00   1.6119504e+00
   5.8959000e+05   1.7923916e+00   1.5855659e+00   1.7684681e+00   1.6094894e+00
   5.8960000e+05   1.7789070e+00   1.5855659e+00   1.7572490e+00   1.6072239e+00
   5.8961000e+05   1.7658443e+00   1.5855659e+00   1.7462682e+00   1.6051420e+00
   5.8962000e+05   1.7532361e+00   1.5855659e+00   1.7355696e+00   1.6032324e+00
   5.8963000e+05   1.7411105e+00   1.5855659e+00   1.7251924e+00   1.6014840e+00
   5.8964000e+05   1.7294903e+00   1.5855659e+00   1.7151702e+00   1.5998860e+00
   5.8965000e+05   1.7183937e+00   1.5855659e+00   1.7055314e+00   1.5984282e+00
   5.8966000e+05   1.7078341e+00   1.5855659e+00   1.6962994e+00   1.5971006e+00
   5.8967000e+05   1.6978203e+00   1.5855659e+00   1.6874925e+00   1.5958937e+00
   5.8968000e+05   1.6903046e+00   1.5855659e+00   1.6791241e+00   1.5967465e+00
   5.8969000e+05   1.6836759e+00   1.5855659e+00   1.6712029e+00   1.5980389e+00
   5.8970000e+05   1.6776264e+00   1.5855659e+00   1.6637335e+00   1.5994588e+00
   5.8971000e+05   1.6721665e+00   1.5855659e+00   1.6567164e+00   1.6010160e+00
   5.8972000e+05   1.6673032e+00   1.5855659e+00   1.6501484e+00   1.6027207e+00
   5.8973000e+05   1.6630406e+00   1.5855659e+00   1.6440230e+00   1.6045835e+00
   5.8974000e+05   1.6593803e+00   1.5855659e+00   1.6383309e+00   1.6066153e+00
   5.8975000e+05   1.6563217e+00   1.5855659e+00   1.6330600e+00   1.6088276e+00
   5.8976000e+05   1.6538623e+00   1.5855659e+00   1.6281963e+00   1.6112319e+00
   5.8977000e+05   1.6519981e+00   1.5855659e+00   1.6237238e+00   1.6138402e+00
   5.8978000e+05   1.6507237e+00   1.5855659e+00   1.6196251e+00   1.6166645e+00
   5.8979000e+05   1.6500330e+00   1.5855659e+00   1.6158819e+00   1.6197170e+00
   5.8980000e+05   1.6499190e+00   1.5855659e+00   1.6124747e+00   1.6230102e+00
   5.8981000e+05   1.6503741e+00   1.5855659e+00   1.6093837e+00   1.6265563e+00
   5.8982000e+05   1.6513906e+00   1.5855659e+00   1.6065889e+00   1.6303676e+00
   5.8983000e+05   1.6529605e+00   1.5855659e+00   1.6040703e+00   1.6344561e+00
   5.8984000e+05   1.6550758e+00   1.5855659e+00   1.6018079e+00   1.6388338e+00
   5.8985000e+05   1.6577286e+00   1.5855659e+00   1.5997823e+00   1.6435122e+00
   5.8986000e+05   1.6609108e+00   1.5855659e+00   1.5979746e+00   1.6485021e+00
   5.8987000e+05   1.6646148e+00   1.5855659e+00   1.5963665e+00   1.6538142e+00
   5.8988000e+05   1.6688328e+00   1.5855659e+00   1.5949406e+00   1.6594582e+00
   5.8989000e+05   1.6735572e+00   1.5855659e+00   1.5936802e+00   1.6654429e+00
   5.8990000e+05   1.6787802e+00   1.5855659e+00   1.5925696e+00   1.6717765e+00
   5.8991000e+05   1.6844940e+00   1.5855659e+00   1.5915942e+00   1.6784657e+00
   5.8992000e+05   1.6906906e+00   1.5855659e+00   1.5907401e+00   1.6855165e+00
   5.8993000e+05   1.6973617e+00   1.5855659e+00   1.5899946e+00   1.6929330e+00
   5.8994000e+05   1.7044984e+00   1.5855659e+00   1.5893460e+00   1.7007184e+00
   5.8995000e+05   1.7120912e+00   1.5855659e+00   1.5887833e+00   1.7088738e+00
   5.8996000e+05   1.7201299e+00   1.5855659e+00   1.5882968e+00   1.7173990e+00
   5.8997000e+05   1.7286032e+00   1.5855659e+00   1.5878773e+00   1.7262918e+00
   5.8998000e+05   1.7374988e+00   1.5855659e+00   1.5875168e+00   1.7355479e+00
   5.8999000e+05   1.7468033e+00   1.5855659e+00   1.5872080e+00   1.7451612e+00
   5.9000000e+05   1.7565016e+00   1.5855659e+00   1.5869441e+00   1.7551234e+00
   5.9001000e+05   1.7665774e+00   1.5855659e+00   1.5867195e+00   1.7654238e+00
   5.9002000e+05   1.7770126e+00   1.5855659e+00   1.5865287e+00   1.7760497e+00
   5.9003000e+05   1.7877872e+00   1.5855659e+00   1.5863673e+00   1.7869858e+00
   5.9004000e+05   1.7988796e+00   1.5855659e+00   1.5862311e+00   1.7982145e+00
   5.9005000e+05   1.8102663e+00   1.5855659e+00   1.5861164e+00   1.8097157e+00
   5.9006000e+05   1.8219215e+00   1.5855659e+00   1.5860203e+00   1.8214671e+00
   5.9007000e+05   1.8338178e+00   1.5855659e+00   1.5859399e+00   1.8334438e+00
   5.9008000e+05   1.8459254e+00   1.5855659e+00   1.5858729e+00   1.8456184e+00
   5.9009000e+05   1.8582129e+00   1.5855659e+00   1.5858171e+00   1.8579616e+00
   5.9010000e+05   1.8706466e+00   1.5855659e+00   1.5857710e+00   1.8704416e+00
   5.9011000e+05   1.8831912e+00   1.5855659e+00   1.5857328e+00   1.8830243e+00
   5.9012000e+05   1.8958093e+00   1.5855659e+00   1.5857014e+00   1.8956738e+00
   5.9013000e+05   1.9084620e+00   1.5855659e+00   1.5856755e+00   1.9083524e+00
   5.9014000e+05   1.9211089e+00   1.5855659e+00   1.5856544e+00   1.9210204e+00
   5.9015000e+05   1.9337080e+00   1.5855659e+00   1.5856371e+00   1.9336368e+00
   5.9016000e+05   1.9462164e+00   1.5855659e+00   1.5856231e+00   1.9461592e+00
   5.9017000e+05   1.9585898e+00   1.5855659e+00   1.5856116e+00   1.9585440e+00
   5.9018000e+05   1.9707835e+00   1.5855659e+00   1.5856024e+00   1.9707470e+00
   5.9019000e+05   1.9827521e+00   1.5855659e+00   1.5855950e+00   1.9827230e+00
   5.9020000e+05   1.9944498e+00   1.5855659e+00   1.5855890e+00   1.9944268e+00
   5.9021000e+05   2.0058311e+00   1.5855659e+00   1.5855842e+00   2.0058128e+00
   5.9022000e+05   2.0168505e+00   1.5855659e+00   1.5855803e+00   2.0168361e+00
   5.9023000e+05   2.0274631e+00   1.5855659e+00   1.5855772e+00   2.0274517e+00
   5.9024000e+05   2.0376249e+00   1.5855659e+00   1.5855748e+00   2.0376160e+00
   5.9025000e+05   2.0472930e+00   1.5855659e+00   1.5855729e+00   2.0472861e+00
   5.9026000e+05   2.0564261e+00   1.5855659e+00   1.5855713e+00   2.0564206e+00
   5.9027000e+05   2.0649843e+00   1.5855659e+00   1.5855701e+00   2.0649801e+00
   5.9028000e+05   2.0729300e+00   1.5855659e+00   1.5855692e+00   2.0729268e+00
   5.9029000e+05   2.0802278e+00   1.5855659e+00   1.5855684e+00   2.0802252e+00
   5.9030000e+05   2.0868447e+00   1.5855659e+00   1.5855679e+00   2.0868427e+00
   5.9031000e+05   2.0927506e+00   1.5855659e+00   1.5855674e+00   2.0927490e+00
   5.9032000e+05   2.0979184e+00   1.5855659e+00   1.5855671e+00   2.0979172e+00
   5.9033000e+05   2.1023242e+00   1.5855659e+00   1.5855668e+00   2.1023233e+00
   5.9034000e+05   2.1059475e+00   1.5855659e+00   1.5855666e+00   2.1059468e+00
   5.9035000e+05   2.1087713e+00   1.5855659e+00   1.5855664e+00   2.1087708e+00
   5.9036000e+05   2.1107825e+00   1.5855659e+00   1.5855663e+00   2.1107821e+00
   5.9037000e+05   2.1119715e+00   1.5855659e+00   1.5855662e+00   2.1119712e+00
   5.9038000e+05   2.1123327e+00   1.5855659e+00   1.5855661e+00   2.1123324e+00
   5.9039000e+05   2.1118643e+00   1.5855659e+00   1.5855661e+00   2.1118642e+00
   5.9040000e+05   2.1105687e+00   1.5855659e+00   1.5855660e+00   2.1105686e+00
   5.9041000e+05   2.1084519e+00   1.5855659e+00   1.5855660e+00   2.1084518e+00
   5.9042000e+05   2.1055238e+00   1.5855659e+00   1.5855660e+00   2.1055237e+00
   5.9043000e+05   2.1017982e+00   1.5855659e+00   1.5855659e+00   2.1017982e+00
   5.9044000e+05   2.0972925e+00   1.5855659e+00   1.5855659e+00   2.0972925e+00
   5.9045000e+05   2.0920277e+00   1.5855659e+00   1.5855659e+00   2.0920277e+00
   5.9046000e+05   2.0860280e+00   1.5855659e+00   1.5855659e+00   2.0860279e+00
   5.9047000e+05   2.0793209e+00   1.5855659e+00   1.5855659e+00   2.0793208e+00
   5.9048000e+05   2.0719368e+00   1.5855659e+00   1.5855659e+00   2.0719368e+00
   5.9049000e+05   2.0639090e+00   1.5855659e+00   1.5855659e+00   2.0639090e+00
   5.9050000e+05   2.0552732e+00   1.5855659e+00   1.5855659e+00   2.0552732e+00
   5.9051000e+05   2.0460672e+00   1.5855659e+00   1.5855659e+00   2.0460672e+00
   5.9052000e+05   2.0363310e+00   1.5855659e+00   1.5855659e+00   2.0363310e+00
   5.9053000e+05   2.0261060e+00   1.5855659e+00   1.5855659e+00   2.0261060e+00
   5.9054000e+05   2.0154353e+00   1.5855659e+00   1.5855659e+00   2.0154353e+00
   5.9055000e+05   2.0043627e+00   1.5855659e+00   1.5855659e+00   2.0043627e+00
   5.9056000e+05   1.9929331e+00   1.5855659e+00   1.5855659e+00   1.9929331e+00
   5.9057000e+05   1.9811916e+00   1.5855659e+00   1.5855659e+00   1.9811916e+00
   5.9058000e+05   1.9691838e+00   1.5855659e+00   1.5855659e+00   1.9691838e+00
   5.9059000e+05   1.9569548e+00   1.5855659e+00   1.5855659e+00   1.9569548e+00
   5.9060000e+05   1.9445497e+00   1.5855659e+00   1.5855659e+00   1.9445497e+00
   5.9061000e+05   1.9320128e+00   1.5855659e+00   1.5855659e+00   1.9320128e+00
   5.9062000e+05   1.9193874e+00   1.5855659e+00   1.5855659e+00   1.9193874e+00
   5.9063000e+05   1.9067157e+00   1.5855659e+00   1.5855659e+00   1.9067157e+00
   5.9064000e+05   1.8940387e+00   1.5855659e+00   1.5855659e+00   1.8940387e+00
   5.9065000e+05   1.8813957e+00   1.5855659e+00   1.5855659e+00   1.8813957e+00
   5.9066000e+05   1.8688243e+00   1.5855659e+00   1.5855659e+00   1.8688243e+00
   5.9067000e+05   1.8563601e+00   1.5855659e+00   1.5855659e+00   1.8563601e+00
   5.9068000e+05   1.8440370e+00   1.5855659e+00   1.5855659e+00   1.8440370e+00
   5.9069000e+05   1.8318862e+00   1.5855659e+00   1.5855659e+00   1.8318862e+00
   5.9070000e+05   1.8199372e+00   1.5855659e+00   1.5855659e+00   1.8199372e+00
   5.9071000e+05   1.8082167e+00   1.5855659e+00   1.5855659e+00   1.8082167e+00
   5.9072000e+05   1.7967494e+00   1.5855659e+00   1.5855659e+00   1.7967494e+00
   5.9073000e+05   1.7855575e+00   1.5855659e+00   1.5855659e+00   1.7855575e+00
   5.9074000e+05   1.7746605e+00   1.5855659e+00   1.5855659e+00   1.7746605e+00
   5.9075000e+05   1.7640758e+00   1.5855659e+00   1.5855659e+00   1.7640758e+00
   5.9076000e+05   1.7538183e+00   1.5855659e+00   1.5855659e+00   1.7538183e+00
   5.9077000e+05   1.7439006e+00   1.5855659e+00   1.5855659e+00   1.7439006e+00
   5.9078000e+05   1.7343330e+00   1.5855659e+00   1.5855659e+00   1.7343330e+00
   5.9079000e+05   1.7251235e+00   1.5855659e+00   1.5855659e+00   1.7251235e+00
   5.9080000e+05   1.7162780e+00   1.5855659e+00   1.5855659e+00   1.7162780e+00
   5.9081000e+05   1.7078004e+00   1.5855659e+00   1.5855659e+00   1.7078004e+00
   5.9082000e+05   1.6996928e+00   1.5855659e+00   1.5855660e+00   1.6996927e+00
   5.9083000e+05   1.6919552e+00   1.5855659e+00   1.5855660e+00   1.6919551e+00
   5.9084000e+05   1.6845861e+00   1.5855659e+00   1.5855660e+00   1.6845859e+00
   5.9085000e+05   1.6775823e+00   1.5855659e+00   1.5855660e+00   1.6775821e+00
   5.9086000e+05   1.6709393e+00   1.5855659e+00   1.5855661e+00   1.6709391e+00
   5.9087000e+05   1.6646513e+00   1.5855659e+00   1.5855661e+00   1.6646510e+00
   5.9088000e+05   1.6587111e+00   1.5855659e+00   1.5855662e+00   1.6587107e+00
   5.9089000e+05   1.6531106e+00   1.5855659e+00   1.5855663e+00   1.6531101e+00
   5.9090000e+05   1.6478408e+00   1.5855659e+00   1.5855665e+00   1.6478402e+00
   5.9091000e+05   1.6428918e+00   1.5855659e+00   1.5855667e+00   1.6428910e+00
   5.9092000e+05   1.6382532e+00   1.5855659e+00   1.5855669e+00   1.6382521e+00
   5.9093000e+05   1.6339137e+00   1.5855659e+00   1.5855672e+00   1.6339124e+00
   5.9094000e+05   1.6298620e+00   1.5855659e+00   1.5855676e+00   1.6298603e+00
   5.9095000e+05   1.6260862e+00   1.5855659e+00   1.5855681e+00   1.6260840e+00
   5.9096000e+05   1.6225741e+00   1.5855659e+00   1.5855688e+00   1.6225712e+00
   5.9097000e+05   1.6193135e+00   1.5855659e+00   1.5855696e+00   1.6193098e+00
   5.9098000e+05   1.6162922e+00   1.5855659e+00   1.5855707e+00   1.6162874e+00
   5.9099000e+05   1.6134978e+00   1.5855659e+00   1.5855720e+00   1.6134917e+00
   5.9100000e+05   1.6109183e+00   1.5855659e+00   1.5855737e+00   1.6109104e+00
   5.9101000e+05   1.6085415e+00   1.5855659e+00   1.5855759e+00   1.6085315e+00
   5.9102000e+05   1.6063559e+00   1.5855659e+00   1.5855786e+00   1.6063432e+00
   5.9103000e+05   1.6043499e+00   1.5855659e+00   1.5855821e+00   1.6043338e+00
   5.9104000e+05   1.6025124e+00   1.5855659e+00   1.5855863e+00   1.6024920e+00
   5.9105000e+05   1.6008327e+00   1.5855659e+00   1.5855917e+00   1.6008069e+00
   5.9106000e+05   1.5993005e+00   1.5855659e+00   1.5855984e+00   1.5992680e+00
   5.9107000e+05   1.5979059e+00   1.5855659e+00   1.5856066e+00   1.5978651e+00
   5.9108000e+05   1.5966394e+00   1.5855659e+00   1.5856169e+00   1.5965885e+00
   5.9109000e+05   1.5961066e+00   1.5855659e+00   1.5856295e+00   1.5960430e+00
   5.9110000e+05   1.5973441e+00   1.5855659e+00   1.5856450e+00   1.5972649e+00
   5.9111000e+05   1.5987070e+00   1.5855659e+00   1.5856641e+00   1.5986088e+00
   5.9112000e+05   1.6002057e+00   1.5855659e+00   1.5856874e+00   1.6000842e+00
   5.9113000e+05   1.6018509e+00   1.5855659e+00   1.5857158e+00   1.6017010e+00
   5.9114000e+05   1.6036540e+00   1.5855659e+00   1.5857504e+00   1.6034696e+00
   5.9115000e+05   1.6056271e+00   1.5855659e+00   1.5857922e+00   1.6054008e+00
   5.9116000e+05   1.6077826e+00   1.5855659e+00   1.5858428e+00   1.6075057e+00
   5.9117000e+05   1.6101337e+00   1.5855659e+00   1.5859038e+00   1.6097958e+00
   5.9118000e+05   1.6126939e+00   1.5855659e+00   1.5859770e+00   1.6122828e+00
   5.9119000e+05   1.6154776e+00   1.5855659e+00   1.5860647e+00   1.6149788e+00
   5.9120000e+05   1.6184993e+00   1.5855659e+00   1.5861694e+00   1.6178958e+00
   5.9121000e+05   1.6217743e+00   1.5855659e+00   1.5862941e+00   1.6210461e+00
   5.9122000e+05   1.6253183e+00   1.5855659e+00   1.5864420e+00   1.6244421e+00
   5.9123000e+05   1.6291474e+00   1.5855659e+00   1.5866171e+00   1.6280962e+00
   5.9124000e+05   1.6332782e+00   1.5855659e+00   1.5868237e+00   1.6320204e+00
   5.9125000e+05   1.6377276e+00   1.5855659e+00   1.5870666e+00   1.6362269e+00
   5.9126000e+05   1.6425128e+00   1.5855659e+00   1.5873514e+00   1.6407273e+00
   5.9127000e+05   1.6476514e+00   1.5855659e+00   1.5876844e+00   1.6455329e+00
   5.9128000e+05   1.6531611e+00   1.5855659e+00   1.5880725e+00   1.6506546e+00
   5.9129000e+05   1.6590599e+00   1.5855659e+00   1.5885233e+00   1.6561025e+00
   5.9130000e+05   1.6653656e+00   1.5855659e+00   1.5890455e+00   1.6618860e+00
   5.9131000e+05   1.6720964e+00   1.5855659e+00   1.5896485e+00   1.6680138e+00
   5.9132000e+05   1.6792701e+00   1.5855659e+00   1.5903426e+00   1.6744933e+00
   5.9133000e+05   1.6869044e+00   1.5855659e+00   1.5911391e+00   1.6813311e+00
   5.9134000e+05   1.6950168e+00   1.5855659e+00   1.5920503e+00   1.6885324e+00
   5.9135000e+05   1.7036243e+00   1.5855659e+00   1.5930893e+00   1.6961009e+00
   5.9136000e+05   1.7127435e+00   1.5855659e+00   1.5942705e+00   1.7040389e+00
   5.9137000e+05   1.7223901e+00   1.5855659e+00   1.5956090e+00   1.7123470e+00
   5.9138000e+05   1.7325794e+00   1.5855659e+00   1.5971210e+00   1.7210243e+00
   5.9139000e+05   1.7433251e+00   1.5855659e+00   1.5988234e+00   1.7300676e+00
   5.9140000e+05   1.7546404e+00   1.5855659e+00   1.6007343e+00   1.7394720e+00
   5.9141000e+05   1.7665366e+00   1.5855659e+00   1.6028721e+00   1.7492304e+00
   5.9142000e+05   1.7790237e+00   1.5855659e+00   1.6052560e+00   1.7593336e+00
   5.9143000e+05   1.7921099e+00   1.5855659e+00   1.6079058e+00   1.7697700e+00
   5.9144000e+05   1.8058014e+00   1.5855659e+00   1.6108414e+00   1.7805259e+00
   5.9145000e+05   1.8201020e+00   1.5855659e+00   1.6140829e+00   1.7915850e+00
   5.9146000e+05   1.8350131e+00   1.5855659e+00   1.6176503e+00   1.8029287e+00
   5.9147000e+05   1.8505334e+00   1.5855659e+00   1.6215632e+00   1.8145360e+00
   5.9148000e+05   1.8666582e+00   1.5855659e+00   1.6258406e+00   1.8263835e+00
   5.9149000e+05   1.8833797e+00   1.5855659e+00   1.6305003e+00   1.8384453e+00
   5.9150000e+05   1.9006866e+00   1.5855659e+00   1.6355592e+00   1.8506932e+00
   5.9151000e+05   1.9185634e+00   1.5855660e+00   1.6410323e+00   1.8630968e+00
   5.9152000e+05   1.9369905e+00   1.5855661e+00   1.6469328e+00   1.8756234e+00
   5.9153000e+05   1.9559441e+00   1.5855663e+00   1.6532714e+00   1.8882381e+00
   5.9154000e+05   1.9753955e+00   1.5855668e+00   1.6600562e+00   1.9009043e+00
   5.9155000e+05   1.9953113e+00   1.5855677e+00   1.6672920e+00   1.9135834e+00
   5.9156000e+05   2.0156531e+00   1.5855694e+00   1.6749803e+00   1.9262352e+00
   5.9157000e+05   2.0363776e+00   1.5855726e+00   1.6831188e+00   1.9388180e+00
   5.9158000e+05   2.0574365e+00   1.5855785e+00   1.6917008e+00   1.9512890e+00
   5.9159000e+05   2.0787771e+00   1.5855892e+00   1.7007154e+00   1.9636042e+00
   5.9160000e+05   2.1003425e+00   1.5856085e+00   1.7101468e+00   1.9757190e+00
   5.9161000e+05   2.1220730e+00   1.5856422e+00   1.7199744e+00   1.9875882e+00
   5.9162000e+05   2.1439072e+00   1.5857003e+00   1.7301724e+00   1.9991663e+00
   5.9163000e+05   2.1657844e+00   1.5857985e+00   1.7407096e+00   2.0104081e+00
   5.9164000e+05   2.1876482e+00   1.5859614e+00   1.7515500e+00   2.0212685e+00
   5.9165000e+05   2.2094503e+00   1.5862270e+00   1.7626519e+00   2.0317032e+00
   5.9166000e+05   2.2311576e+00   1.5866518e+00   1.7739689e+00   2.0416686e+00
   5.9167000e+05   2.2527591e+00   1.5873187e+00   1.7854495e+00   2.0511227e+00
   5.9168000e+05   2.2742767e+00   1.5883464e+00   1.7970375e+00   2.0600246e+00
   5.9169000e+05   2.2957769e+00   1.5899005e+00   1.8086726e+00   2.0683356e+00
   5.9170000e+05   2.3173844e+00   1.5922065e+00   1.8202906e+00   2.0760190e+00
   5.9171000e+05   2.3392965e+00   1.5955639e+00   1.8318241e+00   2.0830403e+00
   5.9172000e+05   2.3617977e+00   1.6003588e+00   1.8432030e+00   2.0893678e+00
   5.9173000e+05   2.3852712e+00   1.6070754e+00   1.8543550e+00   2.0949726e+00
   5.9174000e+05   2.4102057e+00   1.6163018e+00   1.8652067e+00   2.0998290e+00
   5.9175000e+05   2.4371947e+00   1.6287278e+00   1.8756842e+00   2.1039144e+00
   5.9176000e+05   2.4669232e+00   1.6451312e+00   1.8857139e+00   2.1072099e+00
   5.9177000e+05   2.5001412e+00   1.6663498e+00   1.8952233e+00   2.1096999e+00
   5.9178000e+05   2.5376186e+00   1.6932357e+00   1.9041419e+00   2.1113728e+00
   5.9179000e+05   2.5800838e+00   1.7265925e+00   1.9124023e+00   2.1122208e+00
   5.9180000e+05   2.6281437e+00   1.7670952e+00   1.9199406e+00   2.1122397e+00
   5.9181000e+05   2.6821923e+00   1.8151970e+00   1.9266976e+00   2.1114295e+00
   5.9182000e+05   2.7423125e+00   1.8710308e+00   1.9326194e+00   2.1097941e+00
   5.9183000e+05   2.8081824e+00   1.9343150e+00   1.9376581e+00   2.1073411e+00
   5.9184000e+05   2.8789971e+00   2.0042742e+00   1.9417726e+00   2.1040821e+00
   5.9185000e+05   2.9534198e+00   2.0795903e+00   1.9449289e+00   2.1000323e+00
   5.9186000e+05   3.0295727e+00   2.1583928e+00   1.9471010e+00   2.0952106e+00
   5.9187000e+05   3.1050788e+00   2.2383006e+00   1.9482706e+00   2.0896394e+00
   5.9188000e+05   3.1771572e+00   2.3165168e+00   1.9484279e+00   2.0833443e+00
   5.9189000e+05   3.2427707e+00   2.3899767e+00   1.9475717e+00   2.0763540e+00
   5.9190000e+05   3.2988166e+00   2.4555391e+00   1.9457092e+00   2.0687001e+00
   5.9191000e+05   3.3423455e+00   2.5102045e+00   1.9428557e+00   2.0604170e+00
   5.9192000e+05   3.3707866e+00   2.5513420e+00   1.9390352e+00   2.0515412e+00
   5.9193000e+05   3.3821567e+00   2.5768979e+00   1.9342792e+00   2.0421114e+00
   5.9194000e+05   3.3752291e+00   2.5855659e+00   1.9286265e+00   2.0321684e+00
   5.9195000e+05   3.3496435e+00   2.5768979e+00   1.9221232e+00   2.0217543e+00
   5.9196000e+05   3.3059437e+00   2.5513420e+00   1.9148212e+00   2.0109123e+00
   5.9197000e+05   3.2455379e+00   2.5102045e+00   1.9067782e+00   1.9996869e+00
   5.9198000e+05   3.1705871e+00   2.4555391e+00   1.8980567e+00   1.9881231e+00
   5.9199000e+05   3.0838344e+00   2.3899767e+00   1.8887232e+00   1.9762662e+00
   5.9200000e+05   2.9883940e+00   2.3165168e+00   1.8788473e+00   1.9641617e+00
   5.9201000e+05   2.8875243e+00   2.2383006e+00   1.8685009e+00   1.9518546e+00
   5.9202000e+05   2.7844082e+00   2.1583928e+00   1.8577573e+00   1.9393898e+00
   5.9203000e+05   2.6819603e+00   2.0795903e+00   1.8466906e+00   1.9268112e+00
   5.9204000e+05   2.5826784e+00   2.0042742e+00   1.8353743e+00   1.9141616e+00
   5.9205000e+05   2.4885472e+00   1.9343150e+00   1.8238812e+00   1.9014829e+00
   5.9206000e+05   2.4009963e+00   1.8710308e+00   1.8122820e+00   1.8888152e+00
   5.9207000e+05   2.3209077e+00   1.8151970e+00   1.8006452e+00   1.8761973e+00
   5.9208000e+05   2.2486653e+00   1.7670952e+00   1.7890359e+00   1.8636660e+00
   5.9209000e+05   2.1842326e+00   1.7265925e+00   1.7775158e+00   1.8512560e+00
   5.9210000e+05   2.1272465e+00   1.6932357e+00   1.7661423e+00   1.8390003e+00
   5.9211000e+05   2.0771158e+00   1.6663498e+00   1.7549685e+00   1.8269294e+00
   5.9212000e+05   2.0331133e+00   1.6451312e+00   1.7440423e+00   1.8150715e+00
   5.9213000e+05   1.9944556e+00   1.6287278e+00   1.7334068e+00   1.8034527e+00
   5.9214000e+05   1.9603666e+00   1.6163018e+00   1.7231001e+00   1.7920965e+00
   5.9215000e+05   1.9301222e+00   1.6070754e+00   1.7131546e+00   1.7810240e+00
   5.9216000e+05   1.9030787e+00   1.6003588e+00   1.7035978e+00   1.7702539e+00
   5.9217000e+05   1.8786867e+00   1.5955639e+00   1.6944520e+00   1.7598026e+00
   5.9218000e+05   1.8564930e+00   1.5922065e+00   1.6857343e+00   1.7496840e+00
   5.9219000e+05   1.8361356e+00   1.5899005e+00   1.6774573e+00   1.7399096e+00
   5.9220000e+05   1.8173324e+00   1.5883464e+00   1.6696289e+00   1.7304889e+00
   5.9221000e+05   1.7998686e+00   1.5873187e+00   1.6622527e+00   1.7214290e+00
   5.9222000e+05   1.7835833e+00   1.5866518e+00   1.6553284e+00   1.7127349e+00
   5.9223000e+05   1.7683572e+00   1.5862270e+00   1.6488521e+00   1.7044099e+00
   5.9224000e+05   1.7541013e+00   1.5859614e+00   1.6428167e+00   1.6964550e+00
   5.9225000e+05   1.7407486e+00   1.5857985e+00   1.6372123e+00   1.6888697e+00
   5.9226000e+05   1.7282466e+00   1.5857003e+00   1.6320264e+00   1.6816518e+00
   5.9227000e+05   1.7165524e+00   1.5856422e+00   1.6272445e+00   1.6747975e+00
   5.9228000e+05   1.7056288e+00   1.5856085e+00   1.6228504e+00   1.6683017e+00
   5.9229000e+05   1.6954420e+00   1.5855892e+00   1.6188265e+00   1.6621580e+00
   5.9230000e+05   1.6859596e+00   1.5855785e+00   1.6151539e+00   1.6563590e+00
   5.9231000e+05   1.6771502e+00   1.5855726e+00   1.6118134e+00   1.6508960e+00
   5.9232000e+05   1.6689823e+00   1.5855694e+00   1.6087851e+00   1.6457596e+00
   5.9233000e+05   1.6614244e+00   1.5855677e+00   1.6060487e+00   1.6409398e+00
   5.9234000e+05   1.6544452e+00   1.5855668e+00   1.6035844e+00   1.6364257e+00
   5.9235000e+05   1.6480130e+00   1.5855663e+00   1.6013724e+00   1.6322061e+00
   5.9236000e+05   1.6420967e+00   1.5855661e+00   1.5993931e+00   1.6282693e+00
   5.9237000e+05   1.6366653e+00   1.5855660e+00   1.5976280e+00   1.6246032e+00
   5.9238000e+05   1.6316885e+00   1.5855659e+00   1.5960588e+00   1.6211956e+00
   5.9239000e+05   1.6271367e+00   1.5855659e+00   1.5946682e+00   1.6180343e+00
   5.9240000e+05   1.6229810e+00   1.5855659e+00   1.5934399e+00   1.6151070e+00
   5.9241000e+05   1.6191936e+00   1.5855659e+00   1.5923583e+00   1.6124012e+00
   5.9242000e+05   1.6157480e+00   1.5855659e+00   1.5914089e+00   1.6099049e+00
   5.9243000e+05   1.6126184e+00   1.5855659e+00   1.5905782e+00   1.6076061e+00
   5.9244000e+05   1.6097807e+00   1.5855659e+00   1.5898536e+00   1.6054930e+00
   5.9245000e+05   1.6072117e+00   1.5855659e+00   1.5892235e+00   1.6035541e+00
   5.9246000e+05   1.6048897e+00   1.5855659e+00   1.5886773e+00   1.6017783e+00
   5.9247000e+05   1.6027941e+00   1.5855659e+00   1.5882052e+00   1.6001548e+00
   5.9248000e+05   1.6009059e+00   1.5855659e+00   1.5877986e+00   1.5986732e+00
   5.9249000e+05   1.5992069e+00   1.5855659e+00   1.5874493e+00   1.5973235e+00
   5.9250000e+05   1.5976806e+00   1.5855659e+00   1.5871502e+00   1.5960963e+00
   5.9251000e+05   1.5978621e+00   1.5855659e+00   1.5868949e+00   1.5965331e+00
   5.9252000e+05   1.5989159e+00   1.5855659e+00   1.5866776e+00   1.5978042e+00
   5.9253000e+05   1.6001285e+00   1.5855659e+00   1.5864933e+00   1.5992011e+00
   5.9254000e+05   1.6015050e+00   1.5855659e+00   1.5863373e+00   1.6007336e+00
   5.9255000e+05   1.6030517e+00   1.5855659e+00   1.5862058e+00   1.6024118e+00
   5.9256000e+05   1.6047755e+00   1.5855659e+00   1.5860952e+00   1.6042462e+00
   5.9257000e+05   1.6066843e+00   1.5855659e+00   1.5860025e+00   1.6062477e+00
   5.9258000e+05   1.6087868e+00   1.5855659e+00   1.5859251e+00   1.6084276e+00
   5.9259000e+05   1.6110922e+00   1.5855659e+00   1.5858605e+00   1.6107975e+00
   5.9260000e+05   1.6136103e+00   1.5855659e+00   1.5858069e+00   1.6133693e+00
   5.9261000e+05   1.6163516e+00   1.5855659e+00   1.5857625e+00   1.6161550e+00
   5.9262000e+05   1.6193267e+00   1.5855659e+00   1.5857258e+00   1.6191668e+00
   5.9263000e+05   1.6225467e+00   1.5855659e+00   1.5856956e+00   1.6224170e+00
   5.9264000e+05   1.6260230e+00   1.5855659e+00   1.5856708e+00   1.6259180e+00
   5.9265000e+05   1.6297667e+00   1.5855659e+00   1.5856505e+00   1.6296821e+00
   5.9266000e+05   1.6337895e+00   1.5855659e+00   1.5856340e+00   1.6337214e+00
   5.9267000e+05   1.6381023e+00   1.5855659e+00   1.5856205e+00   1.6380477e+00
   5.9268000e+05   1.6427164e+00   1.5855659e+00   1.5856096e+00   1.6426727e+00
   5.9269000e+05   1.6476423e+00   1.5855659e+00   1.5856007e+00   1.6476075e+00
   5.9270000e+05   1.6528903e+00   1.5855659e+00   1.5855936e+00   1.6528626e+00
   5.9271000e+05   1.6584699e+00   1.5855659e+00   1.5855879e+00   1.6584479e+00
   5.9272000e+05   1.6643899e+00   1.5855659e+00   1.5855833e+00   1.6643725e+00
   5.9273000e+05   1.6706583e+00   1.5855659e+00   1.5855796e+00   1.6706445e+00
   5.9274000e+05   1.6772820e+00   1.5855659e+00   1.5855767e+00   1.6772712e+00
   5.9275000e+05   1.6842669e+00   1.5855659e+00   1.5855744e+00   1.6842585e+00
   5.9276000e+05   1.6916175e+00   1.5855659e+00   1.5855725e+00   1.6916109e+00
   5.9277000e+05   1.6993368e+00   1.5855659e+00   1.5855711e+00   1.6993316e+00
   5.9278000e+05   1.7074264e+00   1.5855659e+00   1.5855699e+00   1.7074224e+00
   5.9279000e+05   1.7158862e+00   1.5855659e+00   1.5855690e+00   1.7158831e+00
   5.9280000e+05   1.7247143e+00   1.5855659e+00   1.5855683e+00   1.7247119e+00
   5.9281000e+05   1.7339068e+00   1.5855659e+00   1.5855678e+00   1.7339049e+00
   5.9282000e+05   1.7434578e+00   1.5855659e+00   1.5855673e+00   1.7434564e+00
   5.9283000e+05   1.7533594e+00   1.5855659e+00   1.5855670e+00   1.7533583e+00
   5.9284000e+05   1.7636014e+00   1.5855659e+00   1.5855667e+00   1.7636005e+00
   5.9285000e+05   1.7741712e+00   1.5855659e+00   1.5855665e+00   1.7741706e+00
   5.9286000e+05   1.7850542e+00   1.5855659e+00   1.5855664e+00   1.7850537e+00
   5.9287000e+05   1.7962330e+00   1.5855659e+00   1.5855663e+00   1.7962326e+00
   5.9288000e+05   1.8076881e+00   1.5855659e+00   1.5855662e+00   1.8076878e+00
   5.9289000e+05   1.8193974e+00   1.5855659e+00   1.5855661e+00   1.8193972e+00
   5.9290000e+05   1.8313366e+00   1.5855659e+00   1.5855661e+00   1.8313364e+00
   5.9291000e+05   1.8434787e+00   1.5855659e+00   1.5855660e+00   1.8434786e+00
   5.9292000e+05   1.8557946e+00   1.5855659e+00   1.5855660e+00   1.8557945e+00
   5.9293000e+05   1.8682530e+00   1.5855659e+00   1.5855660e+00   1.8682530e+00
   5.9294000e+05   1.8808203e+00   1.5855659e+00   1.5855659e+00   1.8808202e+00
   5.9295000e+05   1.8934608e+00   1.5855659e+00   1.5855659e+00   1.8934608e+00
   5.9296000e+05   1.9061371e+00   1.5855659e+00   1.5855659e+00   1.9061371e+00
   5.9297000e+05   1.9188099e+00   1.5855659e+00   1.5855659e+00   1.9188099e+00
   5.9298000e+05   1.9314383e+00   1.5855659e+00   1.5855659e+00   1.9314383e+00
   5.9299000e+05   1.9439803e+00   1.5855659e+00   1.5855659e+00   1.9439802e+00
   5.9300000e+05   1.9563923e+00   1.5855659e+00   1.5855659e+00   1.9563923e+00
   5.9301000e+05   1.9686303e+00   1.5855659e+00   1.5855659e+00   1.9686303e+00
   5.9302000e+05   1.9806492e+00   1.5855659e+00   1.5855659e+00   1.9806492e+00
   5.9303000e+05   1.9924038e+00   1.5855659e+00   1.5855659e+00   1.9924038e+00
   5.9304000e+05   2.0038486e+00   1.5855659e+00   1.5855659e+00   2.0038486e+00
   5.9305000e+05   2.0149385e+00   1.5855659e+00   1.5855659e+00   2.0149385e+00
   5.9306000e+05   2.0256285e+00   1.5855659e+00   1.5855659e+00   2.0256285e+00
   5.9307000e+05   2.0358747e+00   1.5855659e+00   1.5855659e+00   2.0358747e+00
   5.9308000e+05   2.0456342e+00   1.5855659e+00   1.5855659e+00   2.0456342e+00
   5.9309000e+05   2.0548652e+00   1.5855659e+00   1.5855659e+00   2.0548652e+00
   5.9310000e+05   2.0635279e+00   1.5855659e+00   1.5855659e+00   2.0635279e+00
   5.9311000e+05   2.0715843e+00   1.5855659e+00   1.5855659e+00   2.0715843e+00
   5.9312000e+05   2.0789984e+00   1.5855659e+00   1.5855659e+00   2.0789984e+00
   5.9313000e+05   2.0857371e+00   1.5855659e+00   1.5855659e+00   2.0857371e+00
   5.9314000e+05   2.0917697e+00   1.5855659e+00   1.5855659e+00   2.0917697e+00
   5.9315000e+05   2.0970686e+00   1.5855659e+00   1.5855659e+00   2.0970686e+00
   5.9316000e+05   2.1016094e+00   1.5855659e+00   1.5855659e+00   2.1016094e+00
   5.9317000e+05   2.1053710e+00   1.5855659e+00   1.5855659e+00   2.1053710e+00
   5.9318000e+05   2.1083357e+00   1.5855659e+00   1.5855659e+00   2.1083357e+00
   5.9319000e+05   2.1104898e+00   1.5855659e+00   1.5855659e+00   2.1104898e+00
   5.9320000e+05   2.1118230e+00   1.5855659e+00   1.5855659e+00   2.1118230e+00
   5.9321000e+05   2.1123291e+00   1.5855659e+00   1.5855659e+00   2.1123291e+00
   5.9322000e+05   2.1120057e+00   1.5855659e+00   1.5855659e+00   2.1120057e+00
   5.9323000e+05   2.1108543e+00   1.5855659e+00   1.5855659e+00   2.1108543e+00
   5.9324000e+05   2.1088804e+00   1.5855659e+00   1.5855659e+00   2.1088804e+00
   5.9325000e+05   2.1060932e+00   1.5855659e+00   1.5855659e+00   2.1060932e+00
   5.9326000e+05   2.1025058e+00   1.5855659e+00   1.5855659e+00   2.1025058e+00
   5.9327000e+05   2.0981350e+00   1.5855659e+00   1.5855659e+00   2.0981350e+00
   5.9328000e+05   2.0930011e+00   1.5855659e+00   1.5855659e+00   2.0930011e+00
   5.9329000e+05   2.0871279e+00   1.5855659e+00   1.5855659e+00   2.0871279e+00
   5.9330000e+05   2.0805423e+00   1.5855659e+00   1.5855659e+00   2.0805422e+00
   5.9331000e+05   2.0732742e+00   1.5855659e+00   1.5855659e+00   2.0732741e+00
   5.9332000e+05   2.0653563e+00   1.5855659e+00   1.5855659e+00   2.0653563e+00
   5.9333000e+05   2.0568241e+00   1.5855659e+00   1.5855660e+00   2.0568240e+00
   5.9334000e+05   2.0477149e+00   1.5855659e+00   1.5855660e+00   2.0477148e+00
   5.9335000e+05   2.0380684e+00   1.5855659e+00   1.5855660e+00   2.0380683e+00
   5.9336000e+05   2.0279258e+00   1.5855659e+00   1.5855660e+00   2.0279256e+00
   5.9337000e+05   2.0173298e+00   1.5855659e+00   1.5855661e+00   2.0173296e+00
   5.9338000e+05   2.0063243e+00   1.5855659e+00   1.5855662e+00   2.0063240e+00
   5.9339000e+05   1.9949539e+00   1.5855659e+00   1.5855663e+00   1.9949535e+00
   5.9340000e+05   1.9832638e+00   1.5855659e+00   1.5855664e+00   1.9832633e+00
   5.9341000e+05   1.9712993e+00   1.5855659e+00   1.5855665e+00   1.9712987e+00
   5.9342000e+05   1.9591060e+00   1.5855659e+00   1.5855667e+00   1.9591051e+00
   5.9343000e+05   1.9467287e+00   1.5855659e+00   1.5855670e+00   1.9467276e+00
   5.9344000e+05   1.9342119e+00   1.5855659e+00   1.5855673e+00   1.9342105e+00
   5.9345000e+05   1.9215993e+00   1.5855659e+00   1.5855677e+00   1.9215975e+00
   5.9346000e+05   1.9089332e+00   1.5855659e+00   1.5855682e+00   1.9089309e+00
   5.9347000e+05   1.8962550e+00   1.5855659e+00   1.5855689e+00   1.8962519e+00
   5.9348000e+05   1.8836042e+00   1.5855659e+00   1.5855698e+00   1.8836002e+00
   5.9349000e+05   1.8710187e+00   1.5855659e+00   1.5855709e+00   1.8710137e+00
   5.9350000e+05   1.8585348e+00   1.5855659e+00   1.5855723e+00   1.8585283e+00
   5.9351000e+05   1.8461865e+00   1.5855659e+00   1.5855741e+00   1.8461782e+00
   5.9352000e+05   1.8340057e+00   1.5855659e+00   1.5855764e+00   1.8339952e+00
   5.9353000e+05   1.8220222e+00   1.5855659e+00   1.5855793e+00   1.8220089e+00
   5.9354000e+05   1.8102636e+00   1.5855659e+00   1.5855829e+00   1.8102467e+00
   5.9355000e+05   1.7987549e+00   1.5855659e+00   1.5855874e+00   1.7987335e+00
   5.9356000e+05   1.7875190e+00   1.5855659e+00   1.5855930e+00   1.7874919e+00
   5.9357000e+05   1.7765761e+00   1.5855659e+00   1.5855999e+00   1.7765421e+00
   5.9358000e+05   1.7659444e+00   1.5855659e+00   1.5856086e+00   1.7659017e+00
   5.9359000e+05   1.7556395e+00   1.5855659e+00   1.5856193e+00   1.7555861e+00
   5.9360000e+05   1.7456748e+00   1.5855659e+00   1.5856324e+00   1.7456082e+00
   5.9361000e+05   1.7360616e+00   1.5855659e+00   1.5856486e+00   1.7359788e+00
   5.9362000e+05   1.7268088e+00   1.5855659e+00   1.5856685e+00   1.7267062e+00
   5.9363000e+05   1.7179237e+00   1.5855659e+00   1.5856928e+00   1.7177968e+00
   5.9364000e+05   1.7094113e+00   1.5855659e+00   1.5857224e+00   1.7092548e+00
   5.9365000e+05   1.7012749e+00   1.5855659e+00   1.5857583e+00   1.7010824e+00
   5.9366000e+05   1.6935162e+00   1.5855659e+00   1.5858019e+00   1.6932802e+00
   5.9367000e+05   1.6861354e+00   1.5855659e+00   1.5858545e+00   1.6858469e+00
   5.9368000e+05   1.6791314e+00   1.5855659e+00   1.5859178e+00   1.6787795e+00
   5.9369000e+05   1.6725018e+00   1.5855659e+00   1.5859938e+00   1.6720739e+00
   5.9370000e+05   1.6662431e+00   1.5855659e+00   1.5860848e+00   1.6657242e+00
   5.9371000e+05   1.6603512e+00   1.5855659e+00   1.5861933e+00   1.6597237e+00
   5.9372000e+05   1.6548211e+00   1.5855659e+00   1.5863225e+00   1.6540644e+00
   5.9373000e+05   1.6496472e+00   1.5855659e+00   1.5864757e+00   1.6487374e+00
   5.9374000e+05   1.6448240e+00   1.5855659e+00   1.5866569e+00   1.6437330e+00
   5.9375000e+05   1.6403453e+00   1.5855659e+00   1.5868705e+00   1.6390407e+00
   5.9376000e+05   1.6362052e+00   1.5855659e+00   1.5871216e+00   1.6346495e+00
   5.9377000e+05   1.6323979e+00   1.5855659e+00   1.5874158e+00   1.6305480e+00
   5.9378000e+05   1.6289180e+00   1.5855659e+00   1.5877595e+00   1.6267243e+00
   5.9379000e+05   1.6257604e+00   1.5855659e+00   1.5881598e+00   1.6231664e+00
   5.9380000e+05   1.6229207e+00   1.5855659e+00   1.5886247e+00   1.6198620e+00
   5.9381000e+05   1.6203955e+00   1.5855659e+00   1.5891627e+00   1.6167987e+00
   5.9382000e+05   1.6181819e+00   1.5855659e+00   1.5897835e+00   1.6139643e+00
   5.9383000e+05   1.6162783e+00   1.5855659e+00   1.5904978e+00   1.6113464e+00
   5.9384000e+05   1.6146840e+00   1.5855659e+00   1.5913168e+00   1.6089330e+00
   5.9385000e+05   1.6133995e+00   1.5855659e+00   1.5922532e+00   1.6067122e+00
   5.9386000e+05   1.6124268e+00   1.5855659e+00   1.5933203e+00   1.6046724e+00
   5.9387000e+05   1.6117688e+00   1.5855659e+00   1.5945326e+00   1.6028021e+00
   5.9388000e+05   1.6114300e+00   1.5855659e+00   1.5959054e+00   1.6010905e+00
   5.9389000e+05   1.6114160e+00   1.5855659e+00   1.5974552e+00   1.5995268e+00
   5.9390000e+05   1.6117339e+00   1.5855659e+00   1.5991990e+00   1.5981008e+00
   5.9391000e+05   1.6123919e+00   1.5855659e+00   1.6011550e+00   1.5968028e+00
   5.9392000e+05   1.6136174e+00   1.5855659e+00   1.6033419e+00   1.5958414e+00
   5.9393000e+05   1.6172560e+00   1.5855659e+00   1.6057789e+00   1.5970430e+00
   5.9394000e+05   1.6212848e+00   1.5855659e+00   1.6084859e+00   1.5983648e+00
   5.9395000e+05   1.6257334e+00   1.5855659e+00   1.6114828e+00   1.5998165e+00
   5.9396000e+05   1.6306317e+00   1.5855659e+00   1.6147897e+00   1.6014079e+00
   5.9397000e+05   1.6360099e+00   1.5855659e+00   1.6184267e+00   1.6031492e+00
   5.9398000e+05   1.6418983e+00   1.5855659e+00   1.6224130e+00   1.6050512e+00
   5.9399000e+05   1.6483267e+00   1.5855659e+00   1.6267676e+00   1.6071250e+00
   5.9400000e+05   1.6553241e+00   1.5855659e+00   1.6315081e+00   1.6093819e+00
