   5.8552993e+05   1.6811300e+00
   5.8574242e+05   1.8491945e+00
   5.8583520e+05   1.8378941e+00
   5.8598798e+05   2.1646474e+00
   5.8614323e+05   2.1968124e+00
   5.8629953e+05   2.0837197e+00
   5.8642299e+05   2.0825264e+00
   5.8658656e+05   1.7292840e+00
   5.8673025e+05   1.8858389e+00
   5.8688234e+05   1.8808624e+00
   5.8703696e+05   1.9213034e+00
   5.8719150e+05   1.8982968e+00
   5.8737429e+05   1.9877594e+00
   5.8752613e+05   2.1340618e+00
   5.8767794e+05   2.0122182e+00
   5.8783293e+05   1.9521527e+00
   5.8798641e+05   1.7400564e+00
   5.8813933e+05   1.6425540e+00
   5.8829461e+05   1.6533271e+00
   5.8849136e+05   1.7135611e+00
   5.8864437e+05   1.8358696e+00
   5.8880291e+05   2.0176667e+00
   5.8894945e+05   2.1209268e+00
   5.8910394e+05   2.2567963e+00
   5.8925272e+05   2.1686329e+00
   5.8940707e+05   1.9346588e+00
   5.8950862e+05   1.8524522e+00
   5.8966341e+05   1.7184375e+00
   5.8981796e+05   1.7064031e+00
   5.8997220e+05   1.8425640e+00
   5.9012531e+05   1.8416071e+00
   5.9028115e+05   1.9749575e+00
   5.9040043e+05   2.0791750e+00
   5.9055143e+05   1.9432871e+00
   5.9070527e+05   1.7306997e+00
   5.9085881e+05   1.5778570e+00
   5.9101235e+05   1.6716538e+00
   5.9116576e+05   1.6946769e+00
   5.9132330e+05   1.7272589e+00
   5.9147803e+05   1.8704979e+00
   5.9162935e+05   2.1681768e+00
   5.9177880e+05   2.4648816e+00
   5.9192986e+05   3.6641311e+00
   5.9208040e+05   2.2922794e+00
   5.9224373e+05   1.4405050e+00
   5.9239095e+05   1.7024029e+00
   5.9260500e+05   1.5092654e+00
   5.9276155e+05   1.6319736e+00
   5.9291916e+05   1.7442722e+00
   5.9306868e+05   1.9820152e+00
   5.9322590e+05   1.9665103e+00
   5.9337483e+05   1.8504058e+00
