   5.8552644e+05   1.9505344e+00
   5.8568027e+05   2.0886114e+00
   5.8583223e+05   2.2728822e+00
   5.8598573e+05   2.3719109e+00
   5.8613869e+05   2.5802789e+00
   5.8629081e+05   2.5599017e+00
   5.8642078e+05   2.4590386e+00
   5.8657352e+05   2.1657069e+00
   5.8672425e+05   1.9738621e+00
   5.8688200e+05   1.9981258e+00
   5.8703438e+05   1.9981856e+00
   5.8718603e+05   2.3525039e+00
   5.8737147e+05   2.3087330e+00
   5.8752622e+05   2.3673850e+00
   5.8767632e+05   2.3060231e+00
   5.8782993e+05   2.1940362e+00
   5.8798408e+05   1.9874196e+00
   5.8813794e+05   1.9311655e+00
   5.8829191e+05   1.9875658e+00
   5.8848756e+05   2.0946707e+00
   5.8864416e+05   2.2076761e+00
   5.8878347e+05   2.2807878e+00
   5.8894852e+05   2.4582467e+00
   5.8909981e+05   2.5346551e+00
   5.8925349e+05   2.3426116e+00
   5.8940819e+05   2.1147059e+00
   5.8950832e+05   2.0398214e+00
   5.8966233e+05   2.1503157e+00
   5.8981675e+05   2.0317770e+00
   5.8997194e+05   2.2254764e+00
   5.9012573e+05   2.0987812e+00
   5.9027895e+05   2.2457023e+00
   5.9040106e+05   2.4742309e+00
   5.9055125e+05   2.2969444e+00
   5.9070359e+05   1.9708084e+00
   5.9086162e+05   1.9735193e+00
   5.9101209e+05   2.0647122e+00
   5.9116677e+05   2.0159665e+00
   5.9131943e+05   2.0594608e+00
   5.9147220e+05   2.0749772e+00
   5.9162814e+05   2.1512640e+00
   5.9177838e+05   2.4824429e+00
   5.9193035e+05   2.7914092e+00
   5.9208475e+05   2.6015110e+00
   5.9224789e+05   1.8357887e+00
   5.9239339e+05   2.1141694e+00
   5.9260614e+05   1.8598942e+00
   5.9276032e+05   1.8184364e+00
   5.9291433e+05   1.9458168e+00
   5.9306622e+05   2.0675297e+00
   5.9321968e+05   2.1760655e+00
   5.9337147e+05   2.0997640e+00
