   5.8500000e+05   2.3753627e+00   2.1541771e+00   2.1541771e+00   2.3753627e+00
   5.8501000e+05   2.3682796e+00   2.1541771e+00   2.1541771e+00   2.3682796e+00
   5.8502000e+05   2.3612585e+00   2.1541771e+00   2.1541771e+00   2.3612585e+00
   5.8503000e+05   2.3543084e+00   2.1541771e+00   2.1541771e+00   2.3543084e+00
   5.8504000e+05   2.3474377e+00   2.1541771e+00   2.1541771e+00   2.3474377e+00
   5.8505000e+05   2.3406546e+00   2.1541771e+00   2.1541771e+00   2.3406546e+00
   5.8506000e+05   2.3339664e+00   2.1541771e+00   2.1541771e+00   2.3339664e+00
   5.8507000e+05   2.3273803e+00   2.1541771e+00   2.1541771e+00   2.3273803e+00
   5.8508000e+05   2.3209027e+00   2.1541771e+00   2.1541771e+00   2.3209027e+00
   5.8509000e+05   2.3145398e+00   2.1541771e+00   2.1541771e+00   2.3145398e+00
   5.8510000e+05   2.3082970e+00   2.1541771e+00   2.1541771e+00   2.3082970e+00
   5.8511000e+05   2.3021795e+00   2.1541771e+00   2.1541771e+00   2.3021795e+00
   5.8512000e+05   2.2961918e+00   2.1541771e+00   2.1541771e+00   2.2961918e+00
   5.8513000e+05   2.2903380e+00   2.1541771e+00   2.1541771e+00   2.2903380e+00
   5.8514000e+05   2.2846217e+00   2.1541771e+00   2.1541771e+00   2.2846217e+00
   5.8515000e+05   2.2790460e+00   2.1541771e+00   2.1541771e+00   2.2790460e+00
   5.8516000e+05   2.2736135e+00   2.1541771e+00   2.1541771e+00   2.2736135e+00
   5.8517000e+05   2.2683266e+00   2.1541771e+00   2.1541771e+00   2.2683266e+00
   5.8518000e+05   2.2631869e+00   2.1541771e+00   2.1541771e+00   2.2631869e+00
   5.8519000e+05   2.2581959e+00   2.1541771e+00   2.1541771e+00   2.2581959e+00
   5.8520000e+05   2.2533544e+00   2.1541771e+00   2.1541771e+00   2.2533544e+00
   5.8521000e+05   2.2486632e+00   2.1541771e+00   2.1541771e+00   2.2486631e+00
   5.8522000e+05   2.2441222e+00   2.1541771e+00   2.1541771e+00   2.2441222e+00
   5.8523000e+05   2.2397314e+00   2.1541771e+00   2.1541771e+00   2.2397314e+00
   5.8524000e+05   2.2354902e+00   2.1541771e+00   2.1541771e+00   2.2354902e+00
   5.8525000e+05   2.2313978e+00   2.1541771e+00   2.1541771e+00   2.2313978e+00
   5.8526000e+05   2.2274531e+00   2.1541771e+00   2.1541772e+00   2.2274530e+00
   5.8527000e+05   2.2236546e+00   2.1541771e+00   2.1541772e+00   2.2236545e+00
   5.8528000e+05   2.2200007e+00   2.1541771e+00   2.1541772e+00   2.2200005e+00
   5.8529000e+05   2.2164894e+00   2.1541771e+00   2.1541773e+00   2.2164891e+00
   5.8530000e+05   2.2131185e+00   2.1541771e+00   2.1541774e+00   2.2131181e+00
   5.8531000e+05   2.2098857e+00   2.1541771e+00   2.1541776e+00   2.2098852e+00
   5.8532000e+05   2.2117050e+00   2.1541771e+00   2.1541778e+00   2.2117043e+00
   5.8533000e+05   2.2150163e+00   2.1541771e+00   2.1541780e+00   2.2150154e+00
   5.8534000e+05   2.2184672e+00   2.1541771e+00   2.1541784e+00   2.2184658e+00
   5.8535000e+05   2.2220598e+00   2.1541771e+00   2.1541789e+00   2.2220579e+00
   5.8536000e+05   2.2257964e+00   2.1541771e+00   2.1541796e+00   2.2257938e+00
   5.8537000e+05   2.2296787e+00   2.1541771e+00   2.1541806e+00   2.2296751e+00
   5.8538000e+05   2.2337084e+00   2.1541771e+00   2.1541819e+00   2.2337036e+00
   5.8539000e+05   2.2378869e+00   2.1541771e+00   2.1541836e+00   2.2378803e+00
   5.8540000e+05   2.2422153e+00   2.1541771e+00   2.1541859e+00   2.2422064e+00
   5.8541000e+05   2.2466944e+00   2.1541771e+00   2.1541890e+00   2.2466825e+00
   5.8542000e+05   2.2513248e+00   2.1541771e+00   2.1541931e+00   2.2513088e+00
   5.8543000e+05   2.2561068e+00   2.1541771e+00   2.1541985e+00   2.2560854e+00
   5.8544000e+05   2.2610404e+00   2.1541771e+00   2.1542055e+00   2.2610119e+00
   5.8545000e+05   2.2661252e+00   2.1541771e+00   2.1542148e+00   2.2660875e+00
   5.8546000e+05   2.2713607e+00   2.1541771e+00   2.1542268e+00   2.2713110e+00
   5.8547000e+05   2.2767461e+00   2.1541771e+00   2.1542423e+00   2.2766808e+00
   5.8548000e+05   2.2822802e+00   2.1541771e+00   2.1542624e+00   2.2821949e+00
   5.8549000e+05   2.2879619e+00   2.1541771e+00   2.1542881e+00   2.2878508e+00
   5.8550000e+05   2.2937896e+00   2.1541771e+00   2.1543210e+00   2.2936456e+00
   5.8551000e+05   2.2997618e+00   2.1541771e+00   2.1543629e+00   2.2995760e+00
   5.8552000e+05   2.3058768e+00   2.1541771e+00   2.1544159e+00   2.3056379e+00
   5.8553000e+05   2.3121328e+00   2.1541771e+00   2.1544828e+00   2.3118271e+00
   5.8554000e+05   2.3185283e+00   2.1541771e+00   2.1545666e+00   2.3181388e+00
   5.8555000e+05   2.3250618e+00   2.1541771e+00   2.1546714e+00   2.3245675e+00
   5.8556000e+05   2.3317321e+00   2.1541771e+00   2.1548017e+00   2.3311075e+00
   5.8557000e+05   2.3385383e+00   2.1541771e+00   2.1549630e+00   2.3377524e+00
   5.8558000e+05   2.3454801e+00   2.1541771e+00   2.1551617e+00   2.3444954e+00
   5.8559000e+05   2.3525577e+00   2.1541771e+00   2.1554055e+00   2.3513292e+00
   5.8560000e+05   2.3597720e+00   2.1541771e+00   2.1557031e+00   2.3582460e+00
   5.8561000e+05   2.3671251e+00   2.1541771e+00   2.1560647e+00   2.3652375e+00
   5.8562000e+05   2.3746200e+00   2.1541771e+00   2.1565021e+00   2.3722949e+00
   5.8563000e+05   2.3822608e+00   2.1541771e+00   2.1570288e+00   2.3794091e+00
   5.8564000e+05   2.3900531e+00   2.1541771e+00   2.1576598e+00   2.3865704e+00
   5.8565000e+05   2.3980041e+00   2.1541771e+00   2.1584125e+00   2.3937686e+00
   5.8566000e+05   2.4061223e+00   2.1541771e+00   2.1593059e+00   2.4009935e+00
   5.8567000e+05   2.4144183e+00   2.1541771e+00   2.1603614e+00   2.4082340e+00
   5.8568000e+05   2.4229044e+00   2.1541771e+00   2.1616025e+00   2.4154789e+00
   5.8569000e+05   2.4315945e+00   2.1541771e+00   2.1630548e+00   2.4227168e+00
   5.8570000e+05   2.4405047e+00   2.1541771e+00   2.1647461e+00   2.4299357e+00
   5.8571000e+05   2.4496525e+00   2.1541771e+00   2.1667061e+00   2.4371235e+00
   5.8572000e+05   2.4590573e+00   2.1541771e+00   2.1689666e+00   2.4442677e+00
   5.8573000e+05   2.4687396e+00   2.1541771e+00   2.1715608e+00   2.4513559e+00
   5.8574000e+05   2.4787213e+00   2.1541771e+00   2.1745233e+00   2.4583751e+00
   5.8575000e+05   2.4890250e+00   2.1541771e+00   2.1778895e+00   2.4653126e+00
   5.8576000e+05   2.4996734e+00   2.1541771e+00   2.1816953e+00   2.4721552e+00
   5.8577000e+05   2.5106892e+00   2.1541771e+00   2.1859764e+00   2.4788898e+00
   5.8578000e+05   2.5220938e+00   2.1541771e+00   2.1907674e+00   2.4855035e+00
   5.8579000e+05   2.5339075e+00   2.1541771e+00   2.1961016e+00   2.4919830e+00
   5.8580000e+05   2.5461476e+00   2.1541771e+00   2.2020093e+00   2.4983153e+00
   5.8581000e+05   2.5588284e+00   2.1541771e+00   2.2085179e+00   2.5044876e+00
   5.8582000e+05   2.5719599e+00   2.1541771e+00   2.2156500e+00   2.5104870e+00
   5.8583000e+05   2.5855467e+00   2.1541771e+00   2.2234229e+00   2.5163009e+00
   5.8584000e+05   2.5995874e+00   2.1541771e+00   2.2318474e+00   2.5219171e+00
   5.8585000e+05   2.6140733e+00   2.1541771e+00   2.2409269e+00   2.5273234e+00
   5.8586000e+05   2.6289876e+00   2.1541771e+00   2.2506565e+00   2.5325081e+00
   5.8587000e+05   2.6443045e+00   2.1541771e+00   2.2610217e+00   2.5374599e+00
   5.8588000e+05   2.6599887e+00   2.1541771e+00   2.2719981e+00   2.5421676e+00
   5.8589000e+05   2.6759944e+00   2.1541771e+00   2.2835505e+00   2.5466209e+00
   5.8590000e+05   2.6922651e+00   2.1541771e+00   2.2956325e+00   2.5508097e+00
   5.8591000e+05   2.7087334e+00   2.1541771e+00   2.3081861e+00   2.5547243e+00
   5.8592000e+05   2.7253208e+00   2.1541771e+00   2.3211418e+00   2.5583560e+00
   5.8593000e+05   2.7419381e+00   2.1541771e+00   2.3344189e+00   2.5616963e+00
   5.8594000e+05   2.7584860e+00   2.1541771e+00   2.3479256e+00   2.5647375e+00
   5.8595000e+05   2.7748555e+00   2.1541771e+00   2.3615602e+00   2.5674724e+00
   5.8596000e+05   2.7909295e+00   2.1541771e+00   2.3752118e+00   2.5698947e+00
   5.8597000e+05   2.8065835e+00   2.1541771e+00   2.3887618e+00   2.5719987e+00
   5.8598000e+05   2.8216878e+00   2.1541771e+00   2.4020854e+00   2.5737795e+00
   5.8599000e+05   2.8361090e+00   2.1541771e+00   2.4150534e+00   2.5752327e+00
   5.8600000e+05   2.8497121e+00   2.1541771e+00   2.4275341e+00   2.5763550e+00
   5.8601000e+05   2.8623624e+00   2.1541771e+00   2.4393958e+00   2.5771437e+00
   5.8602000e+05   2.8739284e+00   2.1541771e+00   2.4505086e+00   2.5775968e+00
   5.8603000e+05   2.8842836e+00   2.1541771e+00   2.4607472e+00   2.5777135e+00
   5.8604000e+05   2.8933091e+00   2.1541771e+00   2.4699930e+00   2.5774932e+00
   5.8605000e+05   2.9008958e+00   2.1541771e+00   2.4781362e+00   2.5769366e+00
   5.8606000e+05   2.9069465e+00   2.1541771e+00   2.4850785e+00   2.5760451e+00
   5.8607000e+05   2.9113780e+00   2.1541771e+00   2.4907344e+00   2.5748206e+00
   5.8608000e+05   2.9141228e+00   2.1541771e+00   2.4950336e+00   2.5732662e+00
   5.8609000e+05   2.9151305e+00   2.1541771e+00   2.4979221e+00   2.5713855e+00
   5.8610000e+05   2.9143690e+00   2.1541771e+00   2.4993631e+00   2.5691830e+00
   5.8611000e+05   2.9118252e+00   2.1541771e+00   2.4993384e+00   2.5666638e+00
   5.8612000e+05   2.9075052e+00   2.1541771e+00   2.4978484e+00   2.5638339e+00
   5.8613000e+05   2.9014347e+00   2.1541771e+00   2.4949118e+00   2.5606999e+00
   5.8614000e+05   2.8936581e+00   2.1541771e+00   2.4905661e+00   2.5572691e+00
   5.8615000e+05   2.8842381e+00   2.1541771e+00   2.4848657e+00   2.5535495e+00
   5.8616000e+05   2.8732540e+00   2.1541771e+00   2.4778816e+00   2.5495495e+00
   5.8617000e+05   2.8608009e+00   2.1541771e+00   2.4696997e+00   2.5452783e+00
   5.8618000e+05   2.8469873e+00   2.1541771e+00   2.4604188e+00   2.5407456e+00
   5.8619000e+05   2.8319334e+00   2.1541771e+00   2.4501488e+00   2.5359616e+00
   5.8620000e+05   2.8157687e+00   2.1541771e+00   2.4390088e+00   2.5309370e+00
   5.8621000e+05   2.7986300e+00   2.1541771e+00   2.4271242e+00   2.5256829e+00
   5.8622000e+05   2.7806586e+00   2.1541771e+00   2.4146249e+00   2.5202107e+00
   5.8623000e+05   2.7619982e+00   2.1541771e+00   2.4016429e+00   2.5145324e+00
   5.8624000e+05   2.7427925e+00   2.1541771e+00   2.3883096e+00   2.5086600e+00
   5.8625000e+05   2.7231832e+00   2.1541771e+00   2.3747542e+00   2.5026061e+00
   5.8626000e+05   2.7033073e+00   2.1541771e+00   2.3611012e+00   2.4963832e+00
   5.8627000e+05   2.6832963e+00   2.1541771e+00   2.3474692e+00   2.4900042e+00
   5.8628000e+05   2.6632735e+00   2.1541771e+00   2.3339686e+00   2.4834820e+00
   5.8629000e+05   2.6433535e+00   2.1541771e+00   2.3207009e+00   2.4768297e+00
   5.8630000e+05   2.6236408e+00   2.1541771e+00   2.3077574e+00   2.4700604e+00
   5.8631000e+05   2.6042288e+00   2.1541771e+00   2.2952186e+00   2.4631873e+00
   5.8632000e+05   2.5851998e+00   2.1541771e+00   2.2831536e+00   2.4562233e+00
   5.8633000e+05   2.5666242e+00   2.1541771e+00   2.2716198e+00   2.4491814e+00
   5.8634000e+05   2.5485610e+00   2.1541771e+00   2.2606634e+00   2.4420747e+00
   5.8635000e+05   2.5310579e+00   2.1541771e+00   2.2503192e+00   2.4349157e+00
   5.8636000e+05   2.5141513e+00   2.1541771e+00   2.2406113e+00   2.4277170e+00
   5.8637000e+05   2.4978677e+00   2.1541771e+00   2.2315537e+00   2.4204910e+00
   5.8638000e+05   2.4822239e+00   2.1541771e+00   2.2231512e+00   2.4132497e+00
   5.8639000e+05   2.4672279e+00   2.1541771e+00   2.2154001e+00   2.4060049e+00
   5.8640000e+05   2.4528803e+00   2.1541771e+00   2.2082893e+00   2.3987681e+00
   5.8641000e+05   2.4391745e+00   2.1541771e+00   2.2018013e+00   2.3915503e+00
   5.8642000e+05   2.4260984e+00   2.1541771e+00   2.1959132e+00   2.3843623e+00
   5.8643000e+05   2.4136352e+00   2.1541771e+00   2.1905979e+00   2.3772145e+00
   5.8644000e+05   2.4017642e+00   2.1541771e+00   2.1858245e+00   2.3701167e+00
   5.8645000e+05   2.3904615e+00   2.1541771e+00   2.1815600e+00   2.3630786e+00
   5.8646000e+05   2.3797017e+00   2.1541771e+00   2.1777695e+00   2.3561092e+00
   5.8647000e+05   2.3694575e+00   2.1541771e+00   2.1744174e+00   2.3492171e+00
   5.8648000e+05   2.3597013e+00   2.1541771e+00   2.1714679e+00   2.3424104e+00
   5.8649000e+05   2.3504052e+00   2.1541771e+00   2.1688855e+00   2.3356969e+00
   5.8650000e+05   2.3415421e+00   2.1541771e+00   2.1666356e+00   2.3290835e+00
   5.8651000e+05   2.3330851e+00   2.1541771e+00   2.1646851e+00   2.3225771e+00
   5.8652000e+05   2.3250091e+00   2.1541771e+00   2.1630023e+00   2.3161838e+00
   5.8653000e+05   2.3172898e+00   2.1541771e+00   2.1615575e+00   2.3099093e+00
   5.8654000e+05   2.3099048e+00   2.1541771e+00   2.1603231e+00   2.3037588e+00
   5.8655000e+05   2.3028332e+00   2.1541771e+00   2.1592734e+00   2.2977369e+00
   5.8656000e+05   2.2960558e+00   2.1541771e+00   2.1583850e+00   2.2918479e+00
   5.8657000e+05   2.2895551e+00   2.1541771e+00   2.1576368e+00   2.2860954e+00
   5.8658000e+05   2.2833153e+00   2.1541771e+00   2.1570095e+00   2.2804829e+00
   5.8659000e+05   2.2773219e+00   2.1541771e+00   2.1564861e+00   2.2750129e+00
   5.8660000e+05   2.2715623e+00   2.1541771e+00   2.1560514e+00   2.2696879e+00
   5.8661000e+05   2.2660248e+00   2.1541771e+00   2.1556921e+00   2.2645098e+00
   5.8662000e+05   2.2606994e+00   2.1541771e+00   2.1553965e+00   2.2594800e+00
   5.8663000e+05   2.2555769e+00   2.1541771e+00   2.1551544e+00   2.2545996e+00
   5.8664000e+05   2.2506491e+00   2.1541771e+00   2.1549570e+00   2.2498692e+00
   5.8665000e+05   2.2459089e+00   2.1541771e+00   2.1547969e+00   2.2452891e+00
   5.8666000e+05   2.2413497e+00   2.1541771e+00   2.1546675e+00   2.2408592e+00
   5.8667000e+05   2.2369656e+00   2.1541771e+00   2.1545635e+00   2.2365792e+00
   5.8668000e+05   2.2327514e+00   2.1541771e+00   2.1544803e+00   2.2324482e+00
   5.8669000e+05   2.2287020e+00   2.1541771e+00   2.1544139e+00   2.2284652e+00
   5.8670000e+05   2.2248130e+00   2.1541771e+00   2.1543613e+00   2.2246288e+00
   5.8671000e+05   2.2210801e+00   2.1541771e+00   2.1543198e+00   2.2209374e+00
   5.8672000e+05   2.2174992e+00   2.1541771e+00   2.1542872e+00   2.2173890e+00
   5.8673000e+05   2.2140663e+00   2.1541771e+00   2.1542616e+00   2.2139817e+00
   5.8674000e+05   2.2107778e+00   2.1541771e+00   2.1542417e+00   2.2107131e+00
   5.8675000e+05   2.2109147e+00   2.1541771e+00   2.1542263e+00   2.2108655e+00
   5.8676000e+05   2.2141780e+00   2.1541771e+00   2.1542144e+00   2.2141406e+00
   5.8677000e+05   2.2175828e+00   2.1541771e+00   2.1542053e+00   2.2175546e+00
   5.8678000e+05   2.2211309e+00   2.1541771e+00   2.1541983e+00   2.2211097e+00
   5.8679000e+05   2.2248238e+00   2.1541771e+00   2.1541929e+00   2.2248079e+00
   5.8680000e+05   2.2286631e+00   2.1541771e+00   2.1541889e+00   2.2286513e+00
   5.8681000e+05   2.2326501e+00   2.1541771e+00   2.1541859e+00   2.2326413e+00
   5.8682000e+05   2.2367859e+00   2.1541771e+00   2.1541836e+00   2.2367794e+00
   5.8683000e+05   2.2410713e+00   2.1541771e+00   2.1541818e+00   2.2410665e+00
   5.8684000e+05   2.2455070e+00   2.1541771e+00   2.1541806e+00   2.2455035e+00
   5.8685000e+05   2.2500933e+00   2.1541771e+00   2.1541796e+00   2.2500907e+00
   5.8686000e+05   2.2548301e+00   2.1541771e+00   2.1541789e+00   2.2548283e+00
   5.8687000e+05   2.2597172e+00   2.1541771e+00   2.1541784e+00   2.2597158e+00
   5.8688000e+05   2.2647537e+00   2.1541771e+00   2.1541780e+00   2.2647527e+00
   5.8689000e+05   2.2699386e+00   2.1541771e+00   2.1541778e+00   2.2699379e+00
   5.8690000e+05   2.2752703e+00   2.1541771e+00   2.1541776e+00   2.2752698e+00
   5.8691000e+05   2.2807469e+00   2.1541771e+00   2.1541774e+00   2.2807466e+00
   5.8692000e+05   2.2863661e+00   2.1541771e+00   2.1541773e+00   2.2863659e+00
   5.8693000e+05   2.2921250e+00   2.1541771e+00   2.1541772e+00   2.2921249e+00
   5.8694000e+05   2.2980204e+00   2.1541771e+00   2.1541772e+00   2.2980203e+00
   5.8695000e+05   2.3040485e+00   2.1541771e+00   2.1541771e+00   2.3040484e+00
   5.8696000e+05   2.3102050e+00   2.1541771e+00   2.1541771e+00   2.3102049e+00
   5.8697000e+05   2.3164853e+00   2.1541771e+00   2.1541771e+00   2.3164852e+00
   5.8698000e+05   2.3228841e+00   2.1541771e+00   2.1541771e+00   2.3228840e+00
   5.8699000e+05   2.3293957e+00   2.1541771e+00   2.1541771e+00   2.3293957e+00
   5.8700000e+05   2.3360139e+00   2.1541771e+00   2.1541771e+00   2.3360139e+00
   5.8701000e+05   2.3427321e+00   2.1541771e+00   2.1541771e+00   2.3427321e+00
   5.8702000e+05   2.3495430e+00   2.1541771e+00   2.1541771e+00   2.3495430e+00
   5.8703000e+05   2.3564390e+00   2.1541771e+00   2.1541771e+00   2.3564390e+00
   5.8704000e+05   2.3634119e+00   2.1541771e+00   2.1541771e+00   2.3634119e+00
   5.8705000e+05   2.3704530e+00   2.1541771e+00   2.1541771e+00   2.3704530e+00
   5.8706000e+05   2.3775533e+00   2.1541771e+00   2.1541771e+00   2.3775533e+00
   5.8707000e+05   2.3847033e+00   2.1541771e+00   2.1541771e+00   2.3847033e+00
   5.8708000e+05   2.3918929e+00   2.1541771e+00   2.1541771e+00   2.3918929e+00
   5.8709000e+05   2.3991119e+00   2.1541771e+00   2.1541771e+00   2.3991119e+00
   5.8710000e+05   2.4063494e+00   2.1541771e+00   2.1541771e+00   2.4063494e+00
   5.8711000e+05   2.4135943e+00   2.1541771e+00   2.1541771e+00   2.4135943e+00
   5.8712000e+05   2.4208351e+00   2.1541771e+00   2.1541771e+00   2.4208351e+00
   5.8713000e+05   2.4280601e+00   2.1541771e+00   2.1541771e+00   2.4280601e+00
   5.8714000e+05   2.4352572e+00   2.1541771e+00   2.1541771e+00   2.4352572e+00
   5.8715000e+05   2.4424139e+00   2.1541771e+00   2.1541771e+00   2.4424139e+00
   5.8716000e+05   2.4495179e+00   2.1541771e+00   2.1541771e+00   2.4495179e+00
   5.8717000e+05   2.4565563e+00   2.1541771e+00   2.1541771e+00   2.4565563e+00
   5.8718000e+05   2.4635163e+00   2.1541771e+00   2.1541771e+00   2.4635163e+00
   5.8719000e+05   2.4703848e+00   2.1541771e+00   2.1541771e+00   2.4703848e+00
   5.8720000e+05   2.4771488e+00   2.1541771e+00   2.1541771e+00   2.4771488e+00
   5.8721000e+05   2.4837952e+00   2.1541771e+00   2.1541771e+00   2.4837952e+00
   5.8722000e+05   2.4903109e+00   2.1541771e+00   2.1541771e+00   2.4903109e+00
   5.8723000e+05   2.4966828e+00   2.1541771e+00   2.1541771e+00   2.4966828e+00
   5.8724000e+05   2.5028979e+00   2.1541771e+00   2.1541771e+00   2.5028979e+00
   5.8725000e+05   2.5089435e+00   2.1541771e+00   2.1541771e+00   2.5089435e+00
   5.8726000e+05   2.5148069e+00   2.1541771e+00   2.1541771e+00   2.5148069e+00
   5.8727000e+05   2.5204757e+00   2.1541771e+00   2.1541771e+00   2.5204757e+00
   5.8728000e+05   2.5259378e+00   2.1541771e+00   2.1541771e+00   2.5259378e+00
   5.8729000e+05   2.5311812e+00   2.1541771e+00   2.1541771e+00   2.5311812e+00
   5.8730000e+05   2.5361947e+00   2.1541771e+00   2.1541771e+00   2.5361947e+00
   5.8731000e+05   2.5409669e+00   2.1541771e+00   2.1541771e+00   2.5409669e+00
   5.8732000e+05   2.5454874e+00   2.1541771e+00   2.1541771e+00   2.5454874e+00
   5.8733000e+05   2.5497459e+00   2.1541771e+00   2.1541771e+00   2.5497459e+00
   5.8734000e+05   2.5537328e+00   2.1541771e+00   2.1541771e+00   2.5537328e+00
   5.8735000e+05   2.5574389e+00   2.1541771e+00   2.1541771e+00   2.5574389e+00
   5.8736000e+05   2.5608558e+00   2.1541771e+00   2.1541771e+00   2.5608558e+00
   5.8737000e+05   2.5639755e+00   2.1541771e+00   2.1541771e+00   2.5639755e+00
   5.8738000e+05   2.5667907e+00   2.1541771e+00   2.1541771e+00   2.5667907e+00
   5.8739000e+05   2.5692949e+00   2.1541771e+00   2.1541771e+00   2.5692949e+00
   5.8740000e+05   2.5714823e+00   2.1541771e+00   2.1541771e+00   2.5714823e+00
   5.8741000e+05   2.5733476e+00   2.1541771e+00   2.1541771e+00   2.5733476e+00
   5.8742000e+05   2.5748864e+00   2.1541771e+00   2.1541771e+00   2.5748864e+00
   5.8743000e+05   2.5760950e+00   2.1541771e+00   2.1541771e+00   2.5760950e+00
   5.8744000e+05   2.5769707e+00   2.1541771e+00   2.1541771e+00   2.5769707e+00
   5.8745000e+05   2.5775113e+00   2.1541771e+00   2.1541771e+00   2.5775113e+00
   5.8746000e+05   2.5777155e+00   2.1541771e+00   2.1541771e+00   2.5777155e+00
   5.8747000e+05   2.5775829e+00   2.1541771e+00   2.1541771e+00   2.5775829e+00
   5.8748000e+05   2.5771137e+00   2.1541771e+00   2.1541771e+00   2.5771137e+00
   5.8749000e+05   2.5763092e+00   2.1541771e+00   2.1541771e+00   2.5763092e+00
   5.8750000e+05   2.5751711e+00   2.1541771e+00   2.1541771e+00   2.5751711e+00
   5.8751000e+05   2.5737022e+00   2.1541771e+00   2.1541771e+00   2.5737022e+00
   5.8752000e+05   2.5719060e+00   2.1541771e+00   2.1541771e+00   2.5719060e+00
   5.8753000e+05   2.5697867e+00   2.1541771e+00   2.1541771e+00   2.5697867e+00
   5.8754000e+05   2.5673494e+00   2.1541771e+00   2.1541771e+00   2.5673494e+00
   5.8755000e+05   2.5645997e+00   2.1541771e+00   2.1541771e+00   2.5645997e+00
   5.8756000e+05   2.5615442e+00   2.1541771e+00   2.1541771e+00   2.5615442e+00
   5.8757000e+05   2.5581898e+00   2.1541771e+00   2.1541771e+00   2.5581898e+00
   5.8758000e+05   2.5545445e+00   2.1541771e+00   2.1541771e+00   2.5545445e+00
   5.8759000e+05   2.5506166e+00   2.1541771e+00   2.1541771e+00   2.5506166e+00
   5.8760000e+05   2.5464150e+00   2.1541771e+00   2.1541771e+00   2.5464150e+00
   5.8761000e+05   2.5419494e+00   2.1541771e+00   2.1541771e+00   2.5419494e+00
   5.8762000e+05   2.5372298e+00   2.1541771e+00   2.1541771e+00   2.5372298e+00
   5.8763000e+05   2.5322668e+00   2.1541771e+00   2.1541771e+00   2.5322668e+00
   5.8764000e+05   2.5270712e+00   2.1541771e+00   2.1541771e+00   2.5270712e+00
   5.8765000e+05   2.5216547e+00   2.1541771e+00   2.1541771e+00   2.5216547e+00
   5.8766000e+05   2.5160288e+00   2.1541771e+00   2.1541771e+00   2.5160288e+00
   5.8767000e+05   2.5102057e+00   2.1541771e+00   2.1541771e+00   2.5102057e+00
   5.8768000e+05   2.5041978e+00   2.1541771e+00   2.1541771e+00   2.5041978e+00
   5.8769000e+05   2.4980177e+00   2.1541771e+00   2.1541771e+00   2.4980177e+00
   5.8770000e+05   2.4916780e+00   2.1541771e+00   2.1541771e+00   2.4916780e+00
   5.8771000e+05   2.4851919e+00   2.1541771e+00   2.1541771e+00   2.4851919e+00
   5.8772000e+05   2.4785722e+00   2.1541771e+00   2.1541771e+00   2.4785722e+00
   5.8773000e+05   2.4718321e+00   2.1541771e+00   2.1541771e+00   2.4718321e+00
   5.8774000e+05   2.4649847e+00   2.1541771e+00   2.1541771e+00   2.4649847e+00
   5.8775000e+05   2.4580431e+00   2.1541771e+00   2.1541771e+00   2.4580431e+00
   5.8776000e+05   2.4510202e+00   2.1541771e+00   2.1541771e+00   2.4510202e+00
   5.8777000e+05   2.4439291e+00   2.1541771e+00   2.1541771e+00   2.4439291e+00
   5.8778000e+05   2.4367825e+00   2.1541771e+00   2.1541771e+00   2.4367825e+00
   5.8779000e+05   2.4295930e+00   2.1541771e+00   2.1541771e+00   2.4295930e+00
   5.8780000e+05   2.4223729e+00   2.1541771e+00   2.1541771e+00   2.4223729e+00
   5.8781000e+05   2.4151345e+00   2.1541771e+00   2.1541771e+00   2.4151345e+00
   5.8782000e+05   2.4078894e+00   2.1541771e+00   2.1541771e+00   2.4078894e+00
   5.8783000e+05   2.4006494e+00   2.1541771e+00   2.1541771e+00   2.4006494e+00
   5.8784000e+05   2.3934256e+00   2.1541771e+00   2.1541771e+00   2.3934256e+00
   5.8785000e+05   2.3862289e+00   2.1541771e+00   2.1541771e+00   2.3862289e+00
   5.8786000e+05   2.3790696e+00   2.1541771e+00   2.1541771e+00   2.3790696e+00
   5.8787000e+05   2.3719579e+00   2.1541771e+00   2.1541771e+00   2.3719579e+00
   5.8788000e+05   2.3649034e+00   2.1541771e+00   2.1541771e+00   2.3649034e+00
   5.8789000e+05   2.3579153e+00   2.1541771e+00   2.1541771e+00   2.3579153e+00
   5.8790000e+05   2.3510023e+00   2.1541771e+00   2.1541771e+00   2.3510023e+00
   5.8791000e+05   2.3441726e+00   2.1541771e+00   2.1541771e+00   2.3441726e+00
   5.8792000e+05   2.3374341e+00   2.1541771e+00   2.1541771e+00   2.3374341e+00
   5.8793000e+05   2.3307940e+00   2.1541771e+00   2.1541771e+00   2.3307940e+00
   5.8794000e+05   2.3242592e+00   2.1541771e+00   2.1541771e+00   2.3242592e+00
   5.8795000e+05   2.3178359e+00   2.1541771e+00   2.1541771e+00   2.3178359e+00
   5.8796000e+05   2.3115300e+00   2.1541771e+00   2.1541771e+00   2.3115300e+00
   5.8797000e+05   2.3053467e+00   2.1541771e+00   2.1541771e+00   2.3053467e+00
   5.8798000e+05   2.2992909e+00   2.1541771e+00   2.1541771e+00   2.2992909e+00
   5.8799000e+05   2.2933670e+00   2.1541771e+00   2.1541771e+00   2.2933670e+00
   5.8800000e+05   2.2875787e+00   2.1541771e+00   2.1541771e+00   2.2875787e+00
   5.8801000e+05   2.2819294e+00   2.1541771e+00   2.1541771e+00   2.2819294e+00
   5.8802000e+05   2.2764221e+00   2.1541771e+00   2.1541771e+00   2.2764221e+00
   5.8803000e+05   2.2710592e+00   2.1541771e+00   2.1541771e+00   2.2710592e+00
   5.8804000e+05   2.2658427e+00   2.1541771e+00   2.1541771e+00   2.2658427e+00
   5.8805000e+05   2.2607742e+00   2.1541771e+00   2.1541771e+00   2.2607742e+00
   5.8806000e+05   2.2558548e+00   2.1541771e+00   2.1541771e+00   2.2558548e+00
   5.8807000e+05   2.2510854e+00   2.1541771e+00   2.1541771e+00   2.2510854e+00
   5.8808000e+05   2.2464662e+00   2.1541771e+00   2.1541771e+00   2.2464662e+00
   5.8809000e+05   2.2419973e+00   2.1541771e+00   2.1541771e+00   2.2419973e+00
   5.8810000e+05   2.2376783e+00   2.1541771e+00   2.1541771e+00   2.2376783e+00
   5.8811000e+05   2.2335086e+00   2.1541771e+00   2.1541771e+00   2.2335086e+00
   5.8812000e+05   2.2294872e+00   2.1541771e+00   2.1541771e+00   2.2294872e+00
   5.8813000e+05   2.2256128e+00   2.1541771e+00   2.1541771e+00   2.2256128e+00
   5.8814000e+05   2.2218839e+00   2.1541771e+00   2.1541771e+00   2.2218839e+00
   5.8815000e+05   2.2182985e+00   2.1541771e+00   2.1541771e+00   2.2182985e+00
   5.8816000e+05   2.2148548e+00   2.1541771e+00   2.1541771e+00   2.2148548e+00
   5.8817000e+05   2.2115503e+00   2.1541771e+00   2.1541771e+00   2.2115503e+00
   5.8818000e+05   2.2100359e+00   2.1541771e+00   2.1541771e+00   2.2100358e+00
   5.8819000e+05   2.2132754e+00   2.1541771e+00   2.1541771e+00   2.2132753e+00
   5.8820000e+05   2.2166530e+00   2.1541771e+00   2.1541772e+00   2.2166529e+00
   5.8821000e+05   2.2201712e+00   2.1541771e+00   2.1541772e+00   2.2201711e+00
   5.8822000e+05   2.2238321e+00   2.1541771e+00   2.1541773e+00   2.2238319e+00
   5.8823000e+05   2.2276376e+00   2.1541771e+00   2.1541773e+00   2.2276373e+00
   5.8824000e+05   2.2315894e+00   2.1541771e+00   2.1541774e+00   2.2315890e+00
   5.8825000e+05   2.2356890e+00   2.1541771e+00   2.1541776e+00   2.2356885e+00
   5.8826000e+05   2.2399375e+00   2.1541771e+00   2.1541778e+00   2.2399368e+00
   5.8827000e+05   2.2443358e+00   2.1541771e+00   2.1541781e+00   2.2443347e+00
   5.8828000e+05   2.2488843e+00   2.1541771e+00   2.1541785e+00   2.2488828e+00
   5.8829000e+05   2.2535833e+00   2.1541771e+00   2.1541791e+00   2.2535813e+00
   5.8830000e+05   2.2584326e+00   2.1541771e+00   2.1541798e+00   2.2584299e+00
   5.8831000e+05   2.2634318e+00   2.1541771e+00   2.1541809e+00   2.2634280e+00
   5.8832000e+05   2.2685799e+00   2.1541771e+00   2.1541822e+00   2.2685747e+00
   5.8833000e+05   2.2738756e+00   2.1541771e+00   2.1541841e+00   2.2738686e+00
   5.8834000e+05   2.2793174e+00   2.1541771e+00   2.1541866e+00   2.2793079e+00
   5.8835000e+05   2.2849032e+00   2.1541771e+00   2.1541898e+00   2.2848904e+00
   5.8836000e+05   2.2906305e+00   2.1541771e+00   2.1541942e+00   2.2906133e+00
   5.8837000e+05   2.2964964e+00   2.1541771e+00   2.1541999e+00   2.2964736e+00
   5.8838000e+05   2.3024979e+00   2.1541771e+00   2.1542074e+00   2.3024676e+00
   5.8839000e+05   2.3086313e+00   2.1541771e+00   2.1542172e+00   2.3085911e+00
   5.8840000e+05   2.3148926e+00   2.1541771e+00   2.1542299e+00   2.3148397e+00
   5.8841000e+05   2.3212776e+00   2.1541771e+00   2.1542464e+00   2.3212082e+00
   5.8842000e+05   2.3277816e+00   2.1541771e+00   2.1542676e+00   2.3276911e+00
   5.8843000e+05   2.3344000e+00   2.1541771e+00   2.1542949e+00   2.3342822e+00
   5.8844000e+05   2.3411276e+00   2.1541771e+00   2.1543296e+00   2.3409751e+00
   5.8845000e+05   2.3479593e+00   2.1541771e+00   2.1543738e+00   2.3477626e+00
   5.8846000e+05   2.3548898e+00   2.1541771e+00   2.1544297e+00   2.3546372e+00
   5.8847000e+05   2.3619138e+00   2.1541771e+00   2.1545000e+00   2.3615909e+00
   5.8848000e+05   2.3690263e+00   2.1541771e+00   2.1545883e+00   2.3686151e+00
   5.8849000e+05   2.3762222e+00   2.1541771e+00   2.1546984e+00   2.3757009e+00
   5.8850000e+05   2.3834970e+00   2.1541771e+00   2.1548351e+00   2.3828389e+00
   5.8851000e+05   2.3908464e+00   2.1541771e+00   2.1550043e+00   2.3900192e+00
   5.8852000e+05   2.3982670e+00   2.1541771e+00   2.1552125e+00   2.3972316e+00
   5.8853000e+05   2.4057558e+00   2.1541771e+00   2.1554675e+00   2.4044653e+00
   5.8854000e+05   2.4133109e+00   2.1541771e+00   2.1557786e+00   2.4117094e+00
   5.8855000e+05   2.4209316e+00   2.1541771e+00   2.1561563e+00   2.4189524e+00
   5.8856000e+05   2.4286181e+00   2.1541771e+00   2.1566126e+00   2.4261826e+00
   5.8857000e+05   2.4363724e+00   2.1541771e+00   2.1571613e+00   2.4333881e+00
   5.8858000e+05   2.4441977e+00   2.1541771e+00   2.1578182e+00   2.4405566e+00
   5.8859000e+05   2.4520993e+00   2.1541771e+00   2.1586008e+00   2.4476755e+00
   5.8860000e+05   2.4600840e+00   2.1541771e+00   2.1595289e+00   2.4547322e+00
   5.8861000e+05   2.4681609e+00   2.1541771e+00   2.1606241e+00   2.4617139e+00
   5.8862000e+05   2.4763408e+00   2.1541771e+00   2.1619105e+00   2.4686074e+00
   5.8863000e+05   2.4846370e+00   2.1541771e+00   2.1634141e+00   2.4753999e+00
   5.8864000e+05   2.4930644e+00   2.1541771e+00   2.1651633e+00   2.4820781e+00
   5.8865000e+05   2.5016403e+00   2.1541771e+00   2.1671883e+00   2.4886291e+00
   5.8866000e+05   2.5103836e+00   2.1541771e+00   2.1695210e+00   2.4950396e+00
   5.8867000e+05   2.5193149e+00   2.1541771e+00   2.1721952e+00   2.5012968e+00
   5.8868000e+05   2.5284562e+00   2.1541771e+00   2.1752455e+00   2.5073877e+00
   5.8869000e+05   2.5378303e+00   2.1541771e+00   2.1787077e+00   2.5132997e+00
   5.8870000e+05   2.5474608e+00   2.1541771e+00   2.1826176e+00   2.5190203e+00
   5.8871000e+05   2.5573708e+00   2.1541771e+00   2.1870106e+00   2.5245373e+00
   5.8872000e+05   2.5675830e+00   2.1541771e+00   2.1919212e+00   2.5298388e+00
   5.8873000e+05   2.5781182e+00   2.1541771e+00   2.1973821e+00   2.5349131e+00
   5.8874000e+05   2.5889952e+00   2.1541771e+00   2.2034231e+00   2.5397492e+00
   5.8875000e+05   2.6002295e+00   2.1541771e+00   2.2100704e+00   2.5443362e+00
   5.8876000e+05   2.6118323e+00   2.1541771e+00   2.2173456e+00   2.5486638e+00
   5.8877000e+05   2.6238098e+00   2.1541771e+00   2.2252647e+00   2.5527222e+00
   5.8878000e+05   2.6361620e+00   2.1541771e+00   2.2338368e+00   2.5565022e+00
   5.8879000e+05   2.6488817e+00   2.1541771e+00   2.2430637e+00   2.5599951e+00
   5.8880000e+05   2.6619539e+00   2.1541771e+00   2.2529381e+00   2.5631929e+00
   5.8881000e+05   2.6753545e+00   2.1541771e+00   2.2634436e+00   2.5660880e+00
   5.8882000e+05   2.6890500e+00   2.1541771e+00   2.2745533e+00   2.5686737e+00
   5.8883000e+05   2.7029965e+00   2.1541771e+00   2.2862295e+00   2.5709440e+00
   5.8884000e+05   2.7171397e+00   2.1541771e+00   2.2984233e+00   2.5728935e+00
   5.8885000e+05   2.7314146e+00   2.1541771e+00   2.3110740e+00   2.5745177e+00
   5.8886000e+05   2.7457451e+00   2.1541771e+00   2.3241096e+00   2.5758125e+00
   5.8887000e+05   2.7600448e+00   2.1541771e+00   2.3374468e+00   2.5767751e+00
   5.8888000e+05   2.7742175e+00   2.1541771e+00   2.3509916e+00   2.5774030e+00
   5.8889000e+05   2.7881578e+00   2.1541771e+00   2.3646400e+00   2.5776948e+00
   5.8890000e+05   2.8017521e+00   2.1541771e+00   2.3782793e+00   2.5776498e+00
   5.8891000e+05   2.8148805e+00   2.1541771e+00   2.3917894e+00   2.5772681e+00
   5.8892000e+05   2.8274178e+00   2.1541771e+00   2.4050442e+00   2.5765507e+00
   5.8893000e+05   2.8392359e+00   2.1541771e+00   2.4179139e+00   2.5754991e+00
   5.8894000e+05   2.8502055e+00   2.1541771e+00   2.4302666e+00   2.5741160e+00
   5.8895000e+05   2.8601981e+00   2.1541771e+00   2.4419706e+00   2.5724045e+00
   5.8896000e+05   2.8690890e+00   2.1541771e+00   2.4528972e+00   2.5703689e+00
   5.8897000e+05   2.8767587e+00   2.1541771e+00   2.4629220e+00   2.5680138e+00
   5.8898000e+05   2.8830962e+00   2.1541771e+00   2.4719285e+00   2.5653448e+00
   5.8899000e+05   2.8880002e+00   2.1541771e+00   2.4798091e+00   2.5623682e+00
   5.8900000e+05   2.8913822e+00   2.1541771e+00   2.4864684e+00   2.5590908e+00
   5.8901000e+05   2.8931675e+00   2.1541771e+00   2.4918241e+00   2.5555204e+00
   5.8902000e+05   2.8932976e+00   2.1541771e+00   2.4958094e+00   2.5516652e+00
   5.8903000e+05   2.8917310e+00   2.1541771e+00   2.4983742e+00   2.5475339e+00
   5.8904000e+05   2.8884448e+00   2.1541771e+00   2.4994858e+00   2.5431361e+00
   5.8905000e+05   2.8834346e+00   2.1541771e+00   2.4991301e+00   2.5384815e+00
   5.8906000e+05   2.8767154e+00   2.1541771e+00   2.4973117e+00   2.5335808e+00
   5.8907000e+05   2.8683212e+00   2.1541771e+00   2.4940536e+00   2.5284447e+00
   5.8908000e+05   2.8583046e+00   2.1541771e+00   2.4893971e+00   2.5230845e+00
   5.8909000e+05   2.8467355e+00   2.1541771e+00   2.4834007e+00   2.5175119e+00
   5.8910000e+05   2.8337005e+00   2.1541771e+00   2.4761386e+00   2.5117390e+00
   5.8911000e+05   2.8193008e+00   2.1541771e+00   2.4676999e+00   2.5057780e+00
   5.8912000e+05   2.8036504e+00   2.1541771e+00   2.4581861e+00   2.4996414e+00
   5.8913000e+05   2.7868743e+00   2.1541771e+00   2.4477093e+00   2.4933420e+00
   5.8914000e+05   2.7691059e+00   2.1541771e+00   2.4363903e+00   2.4868927e+00
   5.8915000e+05   2.7504852e+00   2.1541771e+00   2.4243557e+00   2.4803065e+00
   5.8916000e+05   2.7311555e+00   2.1541771e+00   2.4117361e+00   2.4735965e+00
   5.8917000e+05   2.7112621e+00   2.1541771e+00   2.3986635e+00   2.4667757e+00
   5.8918000e+05   2.6909493e+00   2.1541771e+00   2.3852690e+00   2.4598573e+00
   5.8919000e+05   2.6703582e+00   2.1541771e+00   2.3716809e+00   2.4528544e+00
   5.8920000e+05   2.6496253e+00   2.1541771e+00   2.3580226e+00   2.4457798e+00
   5.8921000e+05   2.6288802e+00   2.1541771e+00   2.3444108e+00   2.4386464e+00
   5.8922000e+05   2.6082440e+00   2.1541771e+00   2.3309542e+00   2.4314669e+00
   5.8923000e+05   2.5878285e+00   2.1541771e+00   2.3177520e+00   2.4242536e+00
   5.8924000e+05   2.5677348e+00   2.1541771e+00   2.3048931e+00   2.4170187e+00
   5.8925000e+05   2.5480527e+00   2.1541771e+00   2.2924555e+00   2.4097743e+00
   5.8926000e+05   2.5288604e+00   2.1541771e+00   2.2805056e+00   2.4025319e+00
   5.8927000e+05   2.5102241e+00   2.1541771e+00   2.2690983e+00   2.3953028e+00
   5.8928000e+05   2.4921982e+00   2.1541771e+00   2.2582773e+00   2.3880980e+00
   5.8929000e+05   2.4748257e+00   2.1541771e+00   2.2480748e+00   2.3809280e+00
   5.8930000e+05   2.4581385e+00   2.1541771e+00   2.2385126e+00   2.3738030e+00
   5.8931000e+05   2.4421582e+00   2.1541771e+00   2.2296026e+00   2.3667327e+00
   5.8932000e+05   2.4268969e+00   2.1541771e+00   2.2213475e+00   2.3597265e+00
   5.8933000e+05   2.4123579e+00   2.1541771e+00   2.2137419e+00   2.3527931e+00
   5.8934000e+05   2.3985371e+00   2.1541771e+00   2.2067732e+00   2.3459410e+00
   5.8935000e+05   2.3854236e+00   2.1541771e+00   2.2004226e+00   2.3391780e+00
   5.8936000e+05   2.3730008e+00   2.1541771e+00   2.1946662e+00   2.3325117e+00
   5.8937000e+05   2.3612475e+00   2.1541771e+00   2.1894757e+00   2.3259488e+00
   5.8938000e+05   2.3501389e+00   2.1541771e+00   2.1848200e+00   2.3194959e+00
   5.8939000e+05   2.3396473e+00   2.1541771e+00   2.1806654e+00   2.3131589e+00
   5.8940000e+05   2.3297431e+00   2.1541771e+00   2.1769769e+00   2.3069433e+00
   5.8941000e+05   2.3203955e+00   2.1541771e+00   2.1737187e+00   2.3008539e+00
   5.8942000e+05   2.3115732e+00   2.1541771e+00   2.1708550e+00   2.2948952e+00
   5.8943000e+05   2.3032447e+00   2.1541771e+00   2.1683505e+00   2.2890713e+00
   5.8944000e+05   2.2953795e+00   2.1541771e+00   2.1661710e+00   2.2833856e+00
   5.8945000e+05   2.2879475e+00   2.1541771e+00   2.1642835e+00   2.2778411e+00
   5.8946000e+05   2.2809203e+00   2.1541771e+00   2.1626569e+00   2.2724404e+00
   5.8947000e+05   2.2742705e+00   2.1541771e+00   2.1612619e+00   2.2671857e+00
   5.8948000e+05   2.2679727e+00   2.1541771e+00   2.1600712e+00   2.2620785e+00
   5.8949000e+05   2.2620031e+00   2.1541771e+00   2.1590599e+00   2.2571203e+00
   5.8950000e+05   2.2563395e+00   2.1541771e+00   2.1582048e+00   2.2523118e+00
   5.8951000e+05   2.2509618e+00   2.1541771e+00   2.1574854e+00   2.2476535e+00
   5.8952000e+05   2.2458514e+00   2.1541771e+00   2.1568830e+00   2.2431455e+00
   5.8953000e+05   2.2409914e+00   2.1541771e+00   2.1563809e+00   2.2387876e+00
   5.8954000e+05   2.2363663e+00   2.1541771e+00   2.1559643e+00   2.2345791e+00
   5.8955000e+05   2.2319625e+00   2.1541771e+00   2.1556203e+00   2.2305192e+00
   5.8956000e+05   2.2277672e+00   2.1541771e+00   2.1553376e+00   2.2266067e+00
   5.8957000e+05   2.2237693e+00   2.1541771e+00   2.1551063e+00   2.2228401e+00
   5.8958000e+05   2.2199584e+00   2.1541771e+00   2.1549179e+00   2.2192176e+00
   5.8959000e+05   2.2163253e+00   2.1541771e+00   2.1547652e+00   2.2157372e+00
   5.8960000e+05   2.2128617e+00   2.1541771e+00   2.1546420e+00   2.2123967e+00
   5.8961000e+05   2.2095814e+00   2.1541771e+00   2.1545431e+00   2.2092154e+00
   5.8962000e+05   2.2127062e+00   2.1541771e+00   2.1544639e+00   2.2124193e+00
   5.8963000e+05   2.2159847e+00   2.1541771e+00   2.1544010e+00   2.2157608e+00
   5.8964000e+05   2.2194161e+00   2.1541771e+00   2.1543511e+00   2.2192421e+00
   5.8965000e+05   2.2230003e+00   2.1541771e+00   2.1543117e+00   2.2228656e+00
   5.8966000e+05   2.2267371e+00   2.1541771e+00   2.1542808e+00   2.2266333e+00
   5.8967000e+05   2.2306264e+00   2.1541771e+00   2.1542567e+00   2.2305468e+00
   5.8968000e+05   2.2346685e+00   2.1541771e+00   2.1542379e+00   2.2346077e+00
   5.8969000e+05   2.2388635e+00   2.1541771e+00   2.1542234e+00   2.2388172e+00
   5.8970000e+05   2.2432112e+00   2.1541771e+00   2.1542121e+00   2.2431761e+00
   5.8971000e+05   2.2477116e+00   2.1541771e+00   2.1542035e+00   2.2476851e+00
   5.8972000e+05   2.2523643e+00   2.1541771e+00   2.1541969e+00   2.2523445e+00
   5.8973000e+05   2.2571689e+00   2.1541771e+00   2.1541919e+00   2.2571540e+00
   5.8974000e+05   2.2621244e+00   2.1541771e+00   2.1541881e+00   2.2621133e+00
   5.8975000e+05   2.2672297e+00   2.1541771e+00   2.1541853e+00   2.2672215e+00
   5.8976000e+05   2.2724833e+00   2.1541771e+00   2.1541831e+00   2.2724773e+00
   5.8977000e+05   2.2778834e+00   2.1541771e+00   2.1541815e+00   2.2778789e+00
   5.8978000e+05   2.2834277e+00   2.1541771e+00   2.1541803e+00   2.2834244e+00
   5.8979000e+05   2.2891135e+00   2.1541771e+00   2.1541794e+00   2.2891111e+00
   5.8980000e+05   2.2949377e+00   2.1541771e+00   2.1541788e+00   2.2949360e+00
   5.8981000e+05   2.3008968e+00   2.1541771e+00   2.1541783e+00   2.3008955e+00
   5.8982000e+05   2.3069867e+00   2.1541771e+00   2.1541780e+00   2.3069858e+00
   5.8983000e+05   2.3132030e+00   2.1541771e+00   2.1541777e+00   2.3132023e+00
   5.8984000e+05   2.3195406e+00   2.1541771e+00   2.1541775e+00   2.3195401e+00
   5.8985000e+05   2.3259941e+00   2.1541771e+00   2.1541774e+00   2.3259938e+00
   5.8986000e+05   2.3325576e+00   2.1541771e+00   2.1541773e+00   2.3325574e+00
   5.8987000e+05   2.3392246e+00   2.1541771e+00   2.1541772e+00   2.3392244e+00
   5.8988000e+05   2.3459881e+00   2.1541771e+00   2.1541772e+00   2.3459880e+00
   5.8989000e+05   2.3528408e+00   2.1541771e+00   2.1541771e+00   2.3528407e+00
   5.8990000e+05   2.3597747e+00   2.1541771e+00   2.1541771e+00   2.3597746e+00
   5.8991000e+05   2.3667814e+00   2.1541771e+00   2.1541771e+00   2.3667814e+00
   5.8992000e+05   2.3738521e+00   2.1541771e+00   2.1541771e+00   2.3738521e+00
   5.8993000e+05   2.3809774e+00   2.1541771e+00   2.1541771e+00   2.3809774e+00
   5.8994000e+05   2.3881477e+00   2.1541771e+00   2.1541771e+00   2.3881477e+00
   5.8995000e+05   2.3953527e+00   2.1541771e+00   2.1541771e+00   2.3953527e+00
   5.8996000e+05   2.4025819e+00   2.1541771e+00   2.1541771e+00   2.4025819e+00
   5.8997000e+05   2.4098244e+00   2.1541771e+00   2.1541771e+00   2.4098244e+00
   5.8998000e+05   2.4170688e+00   2.1541771e+00   2.1541771e+00   2.4170688e+00
   5.8999000e+05   2.4243035e+00   2.1541771e+00   2.1541771e+00   2.4243035e+00
   5.9000000e+05   2.4315166e+00   2.1541771e+00   2.1541771e+00   2.4315166e+00
   5.9001000e+05   2.4386959e+00   2.1541771e+00   2.1541771e+00   2.4386959e+00
   5.9002000e+05   2.4458289e+00   2.1541771e+00   2.1541771e+00   2.4458289e+00
   5.9003000e+05   2.4529030e+00   2.1541771e+00   2.1541771e+00   2.4529030e+00
   5.9004000e+05   2.4599054e+00   2.1541771e+00   2.1541771e+00   2.4599054e+00
   5.9005000e+05   2.4668232e+00   2.1541771e+00   2.1541771e+00   2.4668232e+00
   5.9006000e+05   2.4736432e+00   2.1541771e+00   2.1541771e+00   2.4736432e+00
   5.9007000e+05   2.4803524e+00   2.1541771e+00   2.1541771e+00   2.4803524e+00
   5.9008000e+05   2.4869377e+00   2.1541771e+00   2.1541771e+00   2.4869377e+00
   5.9009000e+05   2.4933861e+00   2.1541771e+00   2.1541771e+00   2.4933861e+00
   5.9010000e+05   2.4996844e+00   2.1541771e+00   2.1541771e+00   2.4996844e+00
   5.9011000e+05   2.5058198e+00   2.1541771e+00   2.1541771e+00   2.5058198e+00
   5.9012000e+05   2.5117795e+00   2.1541771e+00   2.1541771e+00   2.5117795e+00
   5.9013000e+05   2.5175511e+00   2.1541771e+00   2.1541771e+00   2.5175511e+00
   5.9014000e+05   2.5231223e+00   2.1541771e+00   2.1541771e+00   2.5231223e+00
   5.9015000e+05   2.5284809e+00   2.1541771e+00   2.1541771e+00   2.5284809e+00
   5.9016000e+05   2.5336155e+00   2.1541771e+00   2.1541771e+00   2.5336155e+00
   5.9017000e+05   2.5385146e+00   2.1541771e+00   2.1541771e+00   2.5385146e+00
   5.9018000e+05   2.5431674e+00   2.1541771e+00   2.1541771e+00   2.5431674e+00
   5.9019000e+05   2.5475634e+00   2.1541771e+00   2.1541771e+00   2.5475634e+00
   5.9020000e+05   2.5516928e+00   2.1541771e+00   2.1541771e+00   2.5516928e+00
   5.9021000e+05   2.5555461e+00   2.1541771e+00   2.1541771e+00   2.5555461e+00
   5.9022000e+05   2.5591145e+00   2.1541771e+00   2.1541771e+00   2.5591145e+00
   5.9023000e+05   2.5623898e+00   2.1541771e+00   2.1541771e+00   2.5623898e+00
   5.9024000e+05   2.5653643e+00   2.1541771e+00   2.1541771e+00   2.5653643e+00
   5.9025000e+05   2.5680311e+00   2.1541771e+00   2.1541771e+00   2.5680311e+00
   5.9026000e+05   2.5703840e+00   2.1541771e+00   2.1541771e+00   2.5703840e+00
   5.9027000e+05   2.5724175e+00   2.1541771e+00   2.1541771e+00   2.5724175e+00
   5.9028000e+05   2.5741267e+00   2.1541771e+00   2.1541771e+00   2.5741267e+00
   5.9029000e+05   2.5755075e+00   2.1541771e+00   2.1541771e+00   2.5755075e+00
   5.9030000e+05   2.5765568e+00   2.1541771e+00   2.1541771e+00   2.5765568e+00
   5.9031000e+05   2.5772719e+00   2.1541771e+00   2.1541771e+00   2.5772719e+00
   5.9032000e+05   2.5776513e+00   2.1541771e+00   2.1541771e+00   2.5776513e+00
   5.9033000e+05   2.5776940e+00   2.1541771e+00   2.1541771e+00   2.5776940e+00
   5.9034000e+05   2.5773998e+00   2.1541771e+00   2.1541771e+00   2.5773998e+00
   5.9035000e+05   2.5767696e+00   2.1541771e+00   2.1541771e+00   2.5767696e+00
   5.9036000e+05   2.5758047e+00   2.1541771e+00   2.1541771e+00   2.5758047e+00
   5.9037000e+05   2.5745076e+00   2.1541771e+00   2.1541771e+00   2.5745076e+00
   5.9038000e+05   2.5728812e+00   2.1541771e+00   2.1541771e+00   2.5728812e+00
   5.9039000e+05   2.5709294e+00   2.1541771e+00   2.1541771e+00   2.5709294e+00
   5.9040000e+05   2.5686569e+00   2.1541771e+00   2.1541771e+00   2.5686569e+00
   5.9041000e+05   2.5660690e+00   2.1541771e+00   2.1541771e+00   2.5660690e+00
   5.9042000e+05   2.5631718e+00   2.1541771e+00   2.1541771e+00   2.5631718e+00
   5.9043000e+05   2.5599720e+00   2.1541771e+00   2.1541771e+00   2.5599720e+00
   5.9044000e+05   2.5564771e+00   2.1541771e+00   2.1541771e+00   2.5564771e+00
   5.9045000e+05   2.5526951e+00   2.1541771e+00   2.1541771e+00   2.5526951e+00
   5.9046000e+05   2.5486348e+00   2.1541771e+00   2.1541771e+00   2.5486348e+00
   5.9047000e+05   2.5443053e+00   2.1541771e+00   2.1541771e+00   2.5443053e+00
   5.9048000e+05   2.5397166e+00   2.1541771e+00   2.1541771e+00   2.5397166e+00
   5.9049000e+05   2.5348789e+00   2.1541771e+00   2.1541771e+00   2.5348789e+00
   5.9050000e+05   2.5298029e+00   2.1541771e+00   2.1541771e+00   2.5298029e+00
   5.9051000e+05   2.5244999e+00   2.1541771e+00   2.1541771e+00   2.5244999e+00
   5.9052000e+05   2.5189815e+00   2.1541771e+00   2.1541771e+00   2.5189815e+00
   5.9053000e+05   2.5132595e+00   2.1541771e+00   2.1541771e+00   2.5132595e+00
   5.9054000e+05   2.5073462e+00   2.1541771e+00   2.1541771e+00   2.5073462e+00
   5.9055000e+05   2.5012541e+00   2.1541771e+00   2.1541771e+00   2.5012541e+00
   5.9056000e+05   2.4949958e+00   2.1541771e+00   2.1541771e+00   2.4949958e+00
   5.9057000e+05   2.4885843e+00   2.1541771e+00   2.1541771e+00   2.4885843e+00
   5.9058000e+05   2.4820324e+00   2.1541771e+00   2.1541771e+00   2.4820324e+00
   5.9059000e+05   2.4753533e+00   2.1541771e+00   2.1541771e+00   2.4753533e+00
   5.9060000e+05   2.4685601e+00   2.1541771e+00   2.1541771e+00   2.4685601e+00
   5.9061000e+05   2.4616659e+00   2.1541771e+00   2.1541771e+00   2.4616659e+00
   5.9062000e+05   2.4546837e+00   2.1541771e+00   2.1541771e+00   2.4546837e+00
   5.9063000e+05   2.4476265e+00   2.1541771e+00   2.1541771e+00   2.4476265e+00
   5.9064000e+05   2.4405072e+00   2.1541771e+00   2.1541771e+00   2.4405072e+00
   5.9065000e+05   2.4333384e+00   2.1541771e+00   2.1541771e+00   2.4333384e+00
   5.9066000e+05   2.4261327e+00   2.1541771e+00   2.1541771e+00   2.4261327e+00
   5.9067000e+05   2.4189024e+00   2.1541771e+00   2.1541771e+00   2.4189024e+00
   5.9068000e+05   2.4116593e+00   2.1541771e+00   2.1541771e+00   2.4116593e+00
   5.9069000e+05   2.4044153e+00   2.1541771e+00   2.1541771e+00   2.4044153e+00
   5.9070000e+05   2.3971816e+00   2.1541771e+00   2.1541771e+00   2.3971816e+00
   5.9071000e+05   2.3899695e+00   2.1541771e+00   2.1541771e+00   2.3899695e+00
   5.9072000e+05   2.3827894e+00   2.1541771e+00   2.1541771e+00   2.3827894e+00
   5.9073000e+05   2.3756518e+00   2.1541771e+00   2.1541771e+00   2.3756518e+00
   5.9074000e+05   2.3685663e+00   2.1541771e+00   2.1541771e+00   2.3685663e+00
   5.9075000e+05   2.3615426e+00   2.1541771e+00   2.1541771e+00   2.3615426e+00
   5.9076000e+05   2.3545894e+00   2.1541771e+00   2.1541771e+00   2.3545894e+00
   5.9077000e+05   2.3477154e+00   2.1541771e+00   2.1541771e+00   2.3477154e+00
   5.9078000e+05   2.3409285e+00   2.1541771e+00   2.1541771e+00   2.3409285e+00
   5.9079000e+05   2.3342363e+00   2.1541771e+00   2.1541771e+00   2.3342363e+00
   5.9080000e+05   2.3276459e+00   2.1541771e+00   2.1541771e+00   2.3276459e+00
   5.9081000e+05   2.3211638e+00   2.1541771e+00   2.1541771e+00   2.3211638e+00
   5.9082000e+05   2.3147961e+00   2.1541771e+00   2.1541771e+00   2.3147961e+00
   5.9083000e+05   2.3085484e+00   2.1541771e+00   2.1541771e+00   2.3085484e+00
   5.9084000e+05   2.3024257e+00   2.1541771e+00   2.1541771e+00   2.3024257e+00
   5.9085000e+05   2.2964326e+00   2.1541771e+00   2.1541771e+00   2.2964326e+00
   5.9086000e+05   2.2905733e+00   2.1541771e+00   2.1541771e+00   2.2905733e+00
   5.9087000e+05   2.2848513e+00   2.1541771e+00   2.1541771e+00   2.2848513e+00
   5.9088000e+05   2.2792698e+00   2.1541771e+00   2.1541771e+00   2.2792698e+00
   5.9089000e+05   2.2738315e+00   2.1541771e+00   2.1541771e+00   2.2738315e+00
   5.9090000e+05   2.2685386e+00   2.1541771e+00   2.1541771e+00   2.2685386e+00
   5.9091000e+05   2.2633929e+00   2.1541771e+00   2.1541771e+00   2.2633929e+00
   5.9092000e+05   2.2583958e+00   2.1541771e+00   2.1541771e+00   2.2583958e+00
   5.9093000e+05   2.2535483e+00   2.1541771e+00   2.1541771e+00   2.2535483e+00
   5.9094000e+05   2.2488509e+00   2.1541771e+00   2.1541771e+00   2.2488509e+00
   5.9095000e+05   2.2443038e+00   2.1541771e+00   2.1541771e+00   2.2443038e+00
   5.9096000e+05   2.2399069e+00   2.1541771e+00   2.1541771e+00   2.2399069e+00
   5.9097000e+05   2.2356597e+00   2.1541771e+00   2.1541771e+00   2.2356597e+00
   5.9098000e+05   2.2315612e+00   2.1541771e+00   2.1541771e+00   2.2315612e+00
   5.9099000e+05   2.2276105e+00   2.1541771e+00   2.1541771e+00   2.2276105e+00
   5.9100000e+05   2.2238061e+00   2.1541771e+00   2.1541771e+00   2.2238061e+00
   5.9101000e+05   2.2201463e+00   2.1541771e+00   2.1541771e+00   2.2201463e+00
   5.9102000e+05   2.2166291e+00   2.1541771e+00   2.1541771e+00   2.2166291e+00
   5.9103000e+05   2.2132524e+00   2.1541771e+00   2.1541771e+00   2.2132524e+00
   5.9104000e+05   2.2100139e+00   2.1541771e+00   2.1541771e+00   2.2100139e+00
   5.9105000e+05   2.2115726e+00   2.1541771e+00   2.1541771e+00   2.2115726e+00
   5.9106000e+05   2.2148781e+00   2.1541771e+00   2.1541771e+00   2.2148781e+00
   5.9107000e+05   2.2183228e+00   2.1541771e+00   2.1541771e+00   2.2183228e+00
   5.9108000e+05   2.2219091e+00   2.1541771e+00   2.1541771e+00   2.2219091e+00
   5.9109000e+05   2.2256391e+00   2.1541771e+00   2.1541771e+00   2.2256391e+00
   5.9110000e+05   2.2295145e+00   2.1541771e+00   2.1541771e+00   2.2295145e+00
   5.9111000e+05   2.2335370e+00   2.1541771e+00   2.1541771e+00   2.2335369e+00
   5.9112000e+05   2.2377077e+00   2.1541771e+00   2.1541771e+00   2.2377077e+00
   5.9113000e+05   2.2420277e+00   2.1541771e+00   2.1541771e+00   2.2420277e+00
   5.9114000e+05   2.2464977e+00   2.1541771e+00   2.1541772e+00   2.2464976e+00
   5.9115000e+05   2.2511180e+00   2.1541771e+00   2.1541772e+00   2.2511178e+00
   5.9116000e+05   2.2558885e+00   2.1541771e+00   2.1541773e+00   2.2558883e+00
   5.9117000e+05   2.2608090e+00   2.1541771e+00   2.1541774e+00   2.2608087e+00
   5.9118000e+05   2.2658787e+00   2.1541771e+00   2.1541775e+00   2.2658783e+00
   5.9119000e+05   2.2710964e+00   2.1541771e+00   2.1541776e+00   2.2710958e+00
   5.9120000e+05   2.2764605e+00   2.1541771e+00   2.1541779e+00   2.2764597e+00
   5.9121000e+05   2.2819691e+00   2.1541771e+00   2.1541782e+00   2.2819680e+00
   5.9122000e+05   2.2876198e+00   2.1541771e+00   2.1541786e+00   2.2876182e+00
   5.9123000e+05   2.2934096e+00   2.1541771e+00   2.1541792e+00   2.2934074e+00
   5.9124000e+05   2.2993353e+00   2.1541771e+00   2.1541800e+00   2.2993323e+00
   5.9125000e+05   2.3053931e+00   2.1541771e+00   2.1541811e+00   2.3053890e+00
   5.9126000e+05   2.3115787e+00   2.1541771e+00   2.1541826e+00   2.3115731e+00
   5.9127000e+05   2.3178874e+00   2.1541771e+00   2.1541846e+00   2.3178799e+00
   5.9128000e+05   2.3243141e+00   2.1541771e+00   2.1541872e+00   2.3243040e+00
   5.9129000e+05   2.3308532e+00   2.1541771e+00   2.1541907e+00   2.3308396e+00
   5.9130000e+05   2.3374986e+00   2.1541771e+00   2.1541953e+00   2.3374803e+00
   5.9131000e+05   2.3442439e+00   2.1541771e+00   2.1542014e+00   2.3442195e+00
   5.9132000e+05   2.3510821e+00   2.1541771e+00   2.1542094e+00   2.3510498e+00
   5.9133000e+05   2.3580061e+00   2.1541771e+00   2.1542198e+00   2.3579633e+00
   5.9134000e+05   2.3650082e+00   2.1541771e+00   2.1542333e+00   2.3649520e+00
   5.9135000e+05   2.3720806e+00   2.1541771e+00   2.1542507e+00   2.3720069e+00
   5.9136000e+05   2.3792151e+00   2.1541771e+00   2.1542732e+00   2.3791189e+00
   5.9137000e+05   2.3864034e+00   2.1541771e+00   2.1543020e+00   2.3862785e+00
   5.9138000e+05   2.3936371e+00   2.1541771e+00   2.1543387e+00   2.3934755e+00
   5.9139000e+05   2.4009076e+00   2.1541771e+00   2.1543853e+00   2.4006994e+00
   5.9140000e+05   2.4082066e+00   2.1541771e+00   2.1544442e+00   2.4079395e+00
   5.9141000e+05   2.4155257e+00   2.1541771e+00   2.1545182e+00   2.4151845e+00
   5.9142000e+05   2.4228568e+00   2.1541771e+00   2.1546110e+00   2.4224229e+00
   5.9143000e+05   2.4301924e+00   2.1541771e+00   2.1547267e+00   2.4296428e+00
   5.9144000e+05   2.4375252e+00   2.1541771e+00   2.1548702e+00   2.4368321e+00
   5.9145000e+05   2.4448488e+00   2.1541771e+00   2.1550475e+00   2.4439783e+00
   5.9146000e+05   2.4521575e+00   2.1541771e+00   2.1552656e+00   2.4510690e+00
   5.9147000e+05   2.4594467e+00   2.1541771e+00   2.1555324e+00   2.4580913e+00
   5.9148000e+05   2.4667128e+00   2.1541771e+00   2.1558575e+00   2.4650323e+00
   5.9149000e+05   2.4739538e+00   2.1541771e+00   2.1562518e+00   2.4718790e+00
   5.9150000e+05   2.4811689e+00   2.1541771e+00   2.1567276e+00   2.4786184e+00
   5.9151000e+05   2.4883594e+00   2.1541771e+00   2.1572994e+00   2.4852372e+00
   5.9152000e+05   2.4955283e+00   2.1541771e+00   2.1579830e+00   2.4917224e+00
   5.9153000e+05   2.5026805e+00   2.1541771e+00   2.1587966e+00   2.4980609e+00
   5.9154000e+05   2.5098232e+00   2.1541771e+00   2.1597603e+00   2.5042400e+00
   5.9155000e+05   2.5169660e+00   2.1541771e+00   2.1608965e+00   2.5102466e+00
   5.9156000e+05   2.5241208e+00   2.1541771e+00   2.1622295e+00   2.5160684e+00
   5.9157000e+05   2.5313017e+00   2.1541771e+00   2.1637859e+00   2.5216928e+00
   5.9158000e+05   2.5385254e+00   2.1541771e+00   2.1655946e+00   2.5271079e+00
   5.9159000e+05   2.5458108e+00   2.1541771e+00   2.1676860e+00   2.5323019e+00
   5.9160000e+05   2.5531790e+00   2.1541771e+00   2.1700928e+00   2.5372633e+00
   5.9161000e+05   2.5606527e+00   2.1541771e+00   2.1728486e+00   2.5419812e+00
   5.9162000e+05   2.5682566e+00   2.1541771e+00   2.1759887e+00   2.5464450e+00
   5.9163000e+05   2.5760163e+00   2.1541771e+00   2.1795487e+00   2.5506447e+00
   5.9164000e+05   2.5839580e+00   2.1541771e+00   2.1835644e+00   2.5545707e+00
   5.9165000e+05   2.5921081e+00   2.1541771e+00   2.1880711e+00   2.5582140e+00
   5.9166000e+05   2.6004923e+00   2.1541771e+00   2.1931030e+00   2.5615663e+00
   5.9167000e+05   2.6091349e+00   2.1541771e+00   2.1986921e+00   2.5646198e+00
   5.9168000e+05   2.6180579e+00   2.1541771e+00   2.2048677e+00   2.5673673e+00
   5.9169000e+05   2.6272802e+00   2.1541771e+00   2.2116548e+00   2.5698024e+00
   5.9170000e+05   2.6368164e+00   2.1541771e+00   2.2190740e+00   2.5719195e+00
   5.9171000e+05   2.6466761e+00   2.1541771e+00   2.2271397e+00   2.5737134e+00
   5.9172000e+05   2.6568626e+00   2.1541771e+00   2.2358596e+00   2.5751801e+00
   5.9173000e+05   2.6673721e+00   2.1541771e+00   2.2452333e+00   2.5763159e+00
   5.9174000e+05   2.6781929e+00   2.1541771e+00   2.2552518e+00   2.5771181e+00
   5.9175000e+05   2.6893041e+00   2.1541771e+00   2.2658962e+00   2.5775850e+00
   5.9176000e+05   2.7006755e+00   2.1541771e+00   2.2771373e+00   2.5777153e+00
   5.9177000e+05   2.7122666e+00   2.1541771e+00   2.2889349e+00   2.5775087e+00
   5.9178000e+05   2.7240261e+00   2.1541771e+00   2.3012373e+00   2.5769658e+00
   5.9179000e+05   2.7358922e+00   2.1541771e+00   2.3139815e+00   2.5760878e+00
   5.9180000e+05   2.7477925e+00   2.1541771e+00   2.3270928e+00   2.5748768e+00
   5.9181000e+05   2.7596440e+00   2.1541771e+00   2.3404853e+00   2.5733358e+00
   5.9182000e+05   2.7713541e+00   2.1541771e+00   2.3540629e+00   2.5714683e+00
   5.9183000e+05   2.7828210e+00   2.1541771e+00   2.3677194e+00   2.5692787e+00
   5.9184000e+05   2.7939355e+00   2.1541771e+00   2.3813403e+00   2.5667723e+00
   5.9185000e+05   2.8045819e+00   2.1541771e+00   2.3948040e+00   2.5639549e+00
   5.9186000e+05   2.8146396e+00   2.1541771e+00   2.4079834e+00   2.5608332e+00
   5.9187000e+05   2.8239853e+00   2.1541771e+00   2.4207481e+00   2.5574143e+00
   5.9188000e+05   2.8324951e+00   2.1541771e+00   2.4329660e+00   2.5537062e+00
   5.9189000e+05   2.8400463e+00   2.1541771e+00   2.4445059e+00   2.5497174e+00
   5.9190000e+05   2.8465198e+00   2.1541771e+00   2.4552398e+00   2.5454571e+00
   5.9191000e+05   2.8518028e+00   2.1541771e+00   2.4650450e+00   2.5409348e+00
   5.9192000e+05   2.8557905e+00   2.1541771e+00   2.4738067e+00   2.5361608e+00
   5.9193000e+05   2.8583887e+00   2.1541771e+00   2.4814200e+00   2.5311458e+00
   5.9194000e+05   2.8595157e+00   2.1541771e+00   2.4877920e+00   2.5259008e+00
   5.9195000e+05   2.8591043e+00   2.1541771e+00   2.4928441e+00   2.5204372e+00
   5.9196000e+05   2.8571030e+00   2.1541771e+00   2.4965130e+00   2.5147670e+00
   5.9197000e+05   2.8534777e+00   2.1541771e+00   2.4987524e+00   2.5089023e+00
   5.9198000e+05   2.8482123e+00   2.1541771e+00   2.4995338e+00   2.5028555e+00
   5.9199000e+05   2.8413096e+00   2.1541771e+00   2.4988474e+00   2.4966392e+00
   5.9200000e+05   2.8327910e+00   2.1541771e+00   2.4967018e+00   2.4902663e+00
   5.9201000e+05   2.8226969e+00   2.1541771e+00   2.4931243e+00   2.4837497e+00
   5.9202000e+05   2.8110855e+00   2.1541771e+00   2.4881601e+00   2.4771025e+00
   5.9203000e+05   2.7980319e+00   2.1541771e+00   2.4818713e+00   2.4703377e+00
   5.9204000e+05   2.7836272e+00   2.1541771e+00   2.4743357e+00   2.4634685e+00
   5.9205000e+05   2.7679763e+00   2.1541771e+00   2.4656454e+00   2.4565079e+00
   5.9206000e+05   2.7511964e+00   2.1541771e+00   2.4559044e+00   2.4494690e+00
   5.9207000e+05   2.7334146e+00   2.1541771e+00   2.4452270e+00   2.4423646e+00
   5.9208000e+05   2.7147660e+00   2.1541771e+00   2.4337355e+00   2.4352075e+00
   5.9209000e+05   2.6953908e+00   2.1541771e+00   2.4215576e+00   2.4280103e+00
   5.9210000e+05   2.6754324e+00   2.1541771e+00   2.4088243e+00   2.4207851e+00
   5.9211000e+05   2.6550349e+00   2.1541771e+00   2.3956677e+00   2.4135442e+00
   5.9212000e+05   2.6343408e+00   2.1541771e+00   2.3822185e+00   2.4062993e+00
   5.9213000e+05   2.6134889e+00   2.1541771e+00   2.3686041e+00   2.3990619e+00
   5.9214000e+05   2.5926124e+00   2.1541771e+00   2.3549463e+00   2.3918431e+00
   5.9215000e+05   2.5718370e+00   2.1541771e+00   2.3413604e+00   2.3846537e+00
   5.9216000e+05   2.5512798e+00   2.1541771e+00   2.3279528e+00   2.3775041e+00
   5.9217000e+05   2.5310476e+00   2.1541771e+00   2.3148206e+00   2.3704041e+00
   5.9218000e+05   2.5112366e+00   2.1541771e+00   2.3020502e+00   2.3633634e+00
   5.9219000e+05   2.4919312e+00   2.1541771e+00   2.2897172e+00   2.3563911e+00
   5.9220000e+05   2.4732038e+00   2.1541771e+00   2.2778852e+00   2.3494957e+00
   5.9221000e+05   2.4551150e+00   2.1541771e+00   2.2666067e+00   2.3426854e+00
   5.9222000e+05   2.4377134e+00   2.1541771e+00   2.2559226e+00   2.3359678e+00
   5.9223000e+05   2.4210362e+00   2.1541771e+00   2.2458629e+00   2.3293503e+00
   5.9224000e+05   2.4051094e+00   2.1541771e+00   2.2364470e+00   2.3228394e+00
   5.9225000e+05   2.3899490e+00   2.1541771e+00   2.2276847e+00   2.3164414e+00
   5.9226000e+05   2.3755616e+00   2.1541771e+00   2.2195767e+00   2.3101620e+00
   5.9227000e+05   2.3619453e+00   2.1541771e+00   2.2121161e+00   2.3040063e+00
   5.9228000e+05   2.3490906e+00   2.1541771e+00   2.2052885e+00   2.2979791e+00
   5.9229000e+05   2.3369817e+00   2.1541771e+00   2.1990741e+00   2.2920846e+00
   5.9230000e+05   2.3255974e+00   2.1541771e+00   2.1934479e+00   2.2863266e+00
   5.9231000e+05   2.3149120e+00   2.1541771e+00   2.1883808e+00   2.2807082e+00
   5.9232000e+05   2.3048964e+00   2.1541771e+00   2.1838410e+00   2.2752324e+00
   5.9233000e+05   2.2955191e+00   2.1541771e+00   2.1797946e+00   2.2699015e+00
   5.9234000e+05   2.2867465e+00   2.1541771e+00   2.1762062e+00   2.2647174e+00
   5.9235000e+05   2.2785445e+00   2.1541771e+00   2.1730400e+00   2.2596815e+00
   5.9236000e+05   2.2708783e+00   2.1541771e+00   2.1702603e+00   2.2547950e+00
   5.9237000e+05   2.2637135e+00   2.1541771e+00   2.1678320e+00   2.2500585e+00
   5.9238000e+05   2.2570164e+00   2.1541771e+00   2.1657212e+00   2.2454723e+00
   5.9239000e+05   2.2507545e+00   2.1541771e+00   2.1638951e+00   2.2410364e+00
   5.9240000e+05   2.2448964e+00   2.1541771e+00   2.1623232e+00   2.2367503e+00
   5.9241000e+05   2.2394127e+00   2.1541771e+00   2.1609766e+00   2.2326132e+00
   5.9242000e+05   2.2342756e+00   2.1541771e+00   2.1598285e+00   2.2286242e+00
   5.9243000e+05   2.2294591e+00   2.1541771e+00   2.1588543e+00   2.2247819e+00
   5.9244000e+05   2.2249391e+00   2.1541771e+00   2.1580315e+00   2.2210846e+00
   5.9245000e+05   2.2206935e+00   2.1541771e+00   2.1573401e+00   2.2175305e+00
   5.9246000e+05   2.2167021e+00   2.1541771e+00   2.1567616e+00   2.2141175e+00
   5.9247000e+05   2.2129462e+00   2.1541771e+00   2.1562800e+00   2.2108433e+00
   5.9248000e+05   2.2124390e+00   2.1541771e+00   2.1558808e+00   2.2107352e+00
   5.9249000e+05   2.2153793e+00   2.1541771e+00   2.1555516e+00   2.2140048e+00
   5.9250000e+05   2.2185173e+00   2.1541771e+00   2.1552813e+00   2.2174131e+00
   5.9251000e+05   2.2218456e+00   2.1541771e+00   2.1550603e+00   2.2209624e+00
   5.9252000e+05   2.2253583e+00   2.1541771e+00   2.1548806e+00   2.2246548e+00
   5.9253000e+05   2.2290502e+00   2.1541771e+00   2.1547351e+00   2.2284922e+00
   5.9254000e+05   2.2329169e+00   2.1541771e+00   2.1546178e+00   2.2324762e+00
   5.9255000e+05   2.2369548e+00   2.1541771e+00   2.1545236e+00   2.2366083e+00
   5.9256000e+05   2.2411607e+00   2.1541771e+00   2.1544485e+00   2.2408893e+00
   5.9257000e+05   2.2455319e+00   2.1541771e+00   2.1543887e+00   2.2453202e+00
   5.9258000e+05   2.2500657e+00   2.1541771e+00   2.1543414e+00   2.2499013e+00
   5.9259000e+05   2.2547598e+00   2.1541771e+00   2.1543041e+00   2.2546328e+00
   5.9260000e+05   2.2596120e+00   2.1541771e+00   2.1542749e+00   2.2595142e+00
   5.9261000e+05   2.2646201e+00   2.1541771e+00   2.1542520e+00   2.2645451e+00
   5.9262000e+05   2.2697815e+00   2.1541771e+00   2.1542343e+00   2.2697242e+00
   5.9263000e+05   2.2750937e+00   2.1541771e+00   2.1542206e+00   2.2750502e+00
   5.9264000e+05   2.2805541e+00   2.1541771e+00   2.1542100e+00   2.2805212e+00
   5.9265000e+05   2.2861595e+00   2.1541771e+00   2.1542019e+00   2.2861347e+00
   5.9266000e+05   2.2919067e+00   2.1541771e+00   2.1541957e+00   2.2918881e+00
   5.9267000e+05   2.2977920e+00   2.1541771e+00   2.1541910e+00   2.2977780e+00
   5.9268000e+05   2.3038112e+00   2.1541771e+00   2.1541874e+00   2.3038008e+00
   5.9269000e+05   2.3099599e+00   2.1541771e+00   2.1541847e+00   2.3099522e+00
   5.9270000e+05   2.3162333e+00   2.1541771e+00   2.1541827e+00   2.3162276e+00
   5.9271000e+05   2.3226259e+00   2.1541771e+00   2.1541812e+00   2.3226217e+00
   5.9272000e+05   2.3291319e+00   2.1541771e+00   2.1541801e+00   2.3291289e+00
   5.9273000e+05   2.3357451e+00   2.1541771e+00   2.1541793e+00   2.3357429e+00
   5.9274000e+05   2.3424588e+00   2.1541771e+00   2.1541787e+00   2.3424572e+00
   5.9275000e+05   2.3492656e+00   2.1541771e+00   2.1541782e+00   2.3492645e+00
   5.9276000e+05   2.3561580e+00   2.1541771e+00   2.1541779e+00   2.3561571e+00
   5.9277000e+05   2.3631276e+00   2.1541771e+00   2.1541777e+00   2.3631270e+00
   5.9278000e+05   2.3701660e+00   2.1541771e+00   2.1541775e+00   2.3701656e+00
   5.9279000e+05   2.3772640e+00   2.1541771e+00   2.1541774e+00   2.3772637e+00
   5.9280000e+05   2.3844120e+00   2.1541771e+00   2.1541773e+00   2.3844118e+00
   5.9281000e+05   2.3916002e+00   2.1541771e+00   2.1541772e+00   2.3916001e+00
   5.9282000e+05   2.3988181e+00   2.1541771e+00   2.1541772e+00   2.3988180e+00
   5.9283000e+05   2.4060551e+00   2.1541771e+00   2.1541771e+00   2.4060550e+00
   5.9284000e+05   2.4132999e+00   2.1541771e+00   2.1541771e+00   2.4132998e+00
   5.9285000e+05   2.4205411e+00   2.1541771e+00   2.1541771e+00   2.4205410e+00
   5.9286000e+05   2.4277669e+00   2.1541771e+00   2.1541771e+00   2.4277669e+00
   5.9287000e+05   2.4349653e+00   2.1541771e+00   2.1541771e+00   2.4349653e+00
   5.9288000e+05   2.4421240e+00   2.1541771e+00   2.1541771e+00   2.4421240e+00
   5.9289000e+05   2.4492304e+00   2.1541771e+00   2.1541771e+00   2.4492303e+00
   5.9290000e+05   2.4562717e+00   2.1541771e+00   2.1541771e+00   2.4562717e+00
   5.9291000e+05   2.4632351e+00   2.1541771e+00   2.1541771e+00   2.4632351e+00
   5.9292000e+05   2.4701076e+00   2.1541771e+00   2.1541771e+00   2.4701076e+00
   5.9293000e+05   2.4768761e+00   2.1541771e+00   2.1541771e+00   2.4768761e+00
   5.9294000e+05   2.4835275e+00   2.1541771e+00   2.1541771e+00   2.4835275e+00
   5.9295000e+05   2.4900487e+00   2.1541771e+00   2.1541771e+00   2.4900487e+00
   5.9296000e+05   2.4964267e+00   2.1541771e+00   2.1541771e+00   2.4964267e+00
   5.9297000e+05   2.5026485e+00   2.1541771e+00   2.1541771e+00   2.5026485e+00
   5.9298000e+05   2.5087012e+00   2.1541771e+00   2.1541771e+00   2.5087012e+00
   5.9299000e+05   2.5145723e+00   2.1541771e+00   2.1541771e+00   2.5145723e+00
   5.9300000e+05   2.5202492e+00   2.1541771e+00   2.1541771e+00   2.5202492e+00
   5.9301000e+05   2.5257199e+00   2.1541771e+00   2.1541771e+00   2.5257199e+00
   5.9302000e+05   2.5309725e+00   2.1541771e+00   2.1541771e+00   2.5309725e+00
   5.9303000e+05   2.5359955e+00   2.1541771e+00   2.1541771e+00   2.5359955e+00
   5.9304000e+05   2.5407778e+00   2.1541771e+00   2.1541771e+00   2.5407778e+00
   5.9305000e+05   2.5453087e+00   2.1541771e+00   2.1541771e+00   2.5453087e+00
   5.9306000e+05   2.5495780e+00   2.1541771e+00   2.1541771e+00   2.5495780e+00
   5.9307000e+05   2.5535761e+00   2.1541771e+00   2.1541771e+00   2.5535761e+00
   5.9308000e+05   2.5572939e+00   2.1541771e+00   2.1541771e+00   2.5572939e+00
   5.9309000e+05   2.5607226e+00   2.1541771e+00   2.1541771e+00   2.5607226e+00
   5.9310000e+05   2.5638545e+00   2.1541771e+00   2.1541771e+00   2.5638545e+00
   5.9311000e+05   2.5666823e+00   2.1541771e+00   2.1541771e+00   2.5666823e+00
   5.9312000e+05   2.5691993e+00   2.1541771e+00   2.1541771e+00   2.5691993e+00
   5.9313000e+05   2.5713996e+00   2.1541771e+00   2.1541771e+00   2.5713996e+00
   5.9314000e+05   2.5732781e+00   2.1541771e+00   2.1541771e+00   2.5732781e+00
   5.9315000e+05   2.5748302e+00   2.1541771e+00   2.1541771e+00   2.5748302e+00
   5.9316000e+05   2.5760524e+00   2.1541771e+00   2.1541771e+00   2.5760524e+00
   5.9317000e+05   2.5769416e+00   2.1541771e+00   2.1541771e+00   2.5769416e+00
   5.9318000e+05   2.5774959e+00   2.1541771e+00   2.1541771e+00   2.5774959e+00
   5.9319000e+05   2.5777138e+00   2.1541771e+00   2.1541771e+00   2.5777138e+00
   5.9320000e+05   2.5775949e+00   2.1541771e+00   2.1541771e+00   2.5775949e+00
   5.9321000e+05   2.5771394e+00   2.1541771e+00   2.1541771e+00   2.5771394e+00
   5.9322000e+05   2.5763484e+00   2.1541771e+00   2.1541771e+00   2.5763484e+00
   5.9323000e+05   2.5752238e+00   2.1541771e+00   2.1541771e+00   2.5752238e+00
   5.9324000e+05   2.5737683e+00   2.1541771e+00   2.1541771e+00   2.5737683e+00
   5.9325000e+05   2.5719853e+00   2.1541771e+00   2.1541771e+00   2.5719853e+00
   5.9326000e+05   2.5698791e+00   2.1541771e+00   2.1541771e+00   2.5698791e+00
   5.9327000e+05   2.5674546e+00   2.1541771e+00   2.1541771e+00   2.5674546e+00
   5.9328000e+05   2.5647175e+00   2.1541771e+00   2.1541771e+00   2.5647175e+00
   5.9329000e+05   2.5616742e+00   2.1541771e+00   2.1541771e+00   2.5616742e+00
   5.9330000e+05   2.5583319e+00   2.1541771e+00   2.1541771e+00   2.5583319e+00
   5.9331000e+05   2.5546983e+00   2.1541771e+00   2.1541771e+00   2.5546983e+00
   5.9332000e+05   2.5507816e+00   2.1541771e+00   2.1541771e+00   2.5507816e+00
   5.9333000e+05   2.5465910e+00   2.1541771e+00   2.1541771e+00   2.5465910e+00
   5.9334000e+05   2.5421360e+00   2.1541771e+00   2.1541771e+00   2.5421360e+00
   5.9335000e+05   2.5374265e+00   2.1541771e+00   2.1541771e+00   2.5374265e+00
   5.9336000e+05   2.5324731e+00   2.1541771e+00   2.1541771e+00   2.5324731e+00
   5.9337000e+05   2.5272868e+00   2.1541771e+00   2.1541771e+00   2.5272868e+00
   5.9338000e+05   2.5218790e+00   2.1541771e+00   2.1541771e+00   2.5218790e+00
   5.9339000e+05   2.5162614e+00   2.1541771e+00   2.1541771e+00   2.5162614e+00
   5.9340000e+05   2.5104461e+00   2.1541771e+00   2.1541771e+00   2.5104461e+00
   5.9341000e+05   2.5044455e+00   2.1541771e+00   2.1541771e+00   2.5044455e+00
   5.9342000e+05   2.4982721e+00   2.1541771e+00   2.1541771e+00   2.4982721e+00
   5.9343000e+05   2.4919387e+00   2.1541771e+00   2.1541771e+00   2.4919387e+00
   5.9344000e+05   2.4854582e+00   2.1541771e+00   2.1541771e+00   2.4854582e+00
   5.9345000e+05   2.4788437e+00   2.1541771e+00   2.1541771e+00   2.4788437e+00
   5.9346000e+05   2.4721082e+00   2.1541771e+00   2.1541771e+00   2.4721082e+00
   5.9347000e+05   2.4652649e+00   2.1541771e+00   2.1541771e+00   2.4652649e+00
   5.9348000e+05   2.4583269e+00   2.1541771e+00   2.1541771e+00   2.4583269e+00
   5.9349000e+05   2.4513071e+00   2.1541771e+00   2.1541771e+00   2.4513071e+00
   5.9350000e+05   2.4442185e+00   2.1541771e+00   2.1541771e+00   2.4442185e+00
   5.9351000e+05   2.4370739e+00   2.1541771e+00   2.1541771e+00   2.4370739e+00
   5.9352000e+05   2.4298859e+00   2.1541771e+00   2.1541771e+00   2.4298859e+00
   5.9353000e+05   2.4226668e+00   2.1541771e+00   2.1541771e+00   2.4226668e+00
   5.9354000e+05   2.4154289e+00   2.1541771e+00   2.1541771e+00   2.4154289e+00
   5.9355000e+05   2.4081839e+00   2.1541771e+00   2.1541771e+00   2.4081839e+00
   5.9356000e+05   2.4009435e+00   2.1541771e+00   2.1541771e+00   2.4009435e+00
   5.9357000e+05   2.3937188e+00   2.1541771e+00   2.1541771e+00   2.3937188e+00
   5.9358000e+05   2.3865207e+00   2.1541771e+00   2.1541771e+00   2.3865207e+00
   5.9359000e+05   2.3793598e+00   2.1541771e+00   2.1541771e+00   2.3793598e+00
   5.9360000e+05   2.3722459e+00   2.1541771e+00   2.1541771e+00   2.3722459e+00
   5.9361000e+05   2.3651889e+00   2.1541771e+00   2.1541771e+00   2.3651889e+00
   5.9362000e+05   2.3581979e+00   2.1541771e+00   2.1541771e+00   2.3581979e+00
   5.9363000e+05   2.3512817e+00   2.1541771e+00   2.1541771e+00   2.3512817e+00
   5.9364000e+05   2.3444485e+00   2.1541771e+00   2.1541771e+00   2.3444485e+00
   5.9365000e+05   2.3377061e+00   2.1541771e+00   2.1541771e+00   2.3377061e+00
   5.9366000e+05   2.3310619e+00   2.1541771e+00   2.1541771e+00   2.3310619e+00
   5.9367000e+05   2.3245227e+00   2.1541771e+00   2.1541771e+00   2.3245227e+00
   5.9368000e+05   2.3180947e+00   2.1541771e+00   2.1541771e+00   2.3180947e+00
   5.9369000e+05   2.3117839e+00   2.1541771e+00   2.1541771e+00   2.3117839e+00
   5.9370000e+05   2.3055956e+00   2.1541771e+00   2.1541771e+00   2.3055956e+00
   5.9371000e+05   2.2995345e+00   2.1541771e+00   2.1541771e+00   2.2995345e+00
   5.9372000e+05   2.2936051e+00   2.1541771e+00   2.1541771e+00   2.2936051e+00
   5.9373000e+05   2.2878113e+00   2.1541771e+00   2.1541771e+00   2.2878113e+00
   5.9374000e+05   2.2821563e+00   2.1541771e+00   2.1541771e+00   2.2821563e+00
   5.9375000e+05   2.2766432e+00   2.1541771e+00   2.1541771e+00   2.2766432e+00
   5.9376000e+05   2.2712744e+00   2.1541771e+00   2.1541771e+00   2.2712744e+00
   5.9377000e+05   2.2660519e+00   2.1541771e+00   2.1541771e+00   2.2660519e+00
   5.9378000e+05   2.2609773e+00   2.1541771e+00   2.1541771e+00   2.2609773e+00
   5.9379000e+05   2.2560519e+00   2.1541771e+00   2.1541771e+00   2.2560519e+00
   5.9380000e+05   2.2512763e+00   2.1541771e+00   2.1541771e+00   2.2512763e+00
   5.9381000e+05   2.2466510e+00   2.1541771e+00   2.1541771e+00   2.2466510e+00
   5.9382000e+05   2.2421760e+00   2.1541771e+00   2.1541771e+00   2.2421760e+00
   5.9383000e+05   2.2378510e+00   2.1541771e+00   2.1541771e+00   2.2378510e+00
   5.9384000e+05   2.2336752e+00   2.1541771e+00   2.1541771e+00   2.2336752e+00
   5.9385000e+05   2.2296478e+00   2.1541771e+00   2.1541771e+00   2.2296478e+00
   5.9386000e+05   2.2257675e+00   2.1541771e+00   2.1541771e+00   2.2257675e+00
   5.9387000e+05   2.2220326e+00   2.1541771e+00   2.1541771e+00   2.2220326e+00
   5.9388000e+05   2.2184415e+00   2.1541771e+00   2.1541771e+00   2.2184415e+00
   5.9389000e+05   2.2149920e+00   2.1541771e+00   2.1541771e+00   2.2149920e+00
   5.9390000e+05   2.2116819e+00   2.1541771e+00   2.1541771e+00   2.2116819e+00
   5.9391000e+05   2.2099070e+00   2.1541771e+00   2.1541771e+00   2.2099070e+00
   5.9392000e+05   2.2131409e+00   2.1541771e+00   2.1541771e+00   2.2131409e+00
   5.9393000e+05   2.2165129e+00   2.1541771e+00   2.1541771e+00   2.2165129e+00
   5.9394000e+05   2.2200253e+00   2.1541771e+00   2.1541771e+00   2.2200253e+00
   5.9395000e+05   2.2236803e+00   2.1541771e+00   2.1541771e+00   2.2236803e+00
   5.9396000e+05   2.2274798e+00   2.1541771e+00   2.1541771e+00   2.2274798e+00
   5.9397000e+05   2.2314256e+00   2.1541771e+00   2.1541771e+00   2.2314256e+00
   5.9398000e+05   2.2355190e+00   2.1541771e+00   2.1541771e+00   2.2355190e+00
   5.9399000e+05   2.2397612e+00   2.1541771e+00   2.1541771e+00   2.2397612e+00
   5.9400000e+05   2.2441530e+00   2.1541771e+00   2.1541771e+00   2.2441530e+00
