## example of long free decay signal
#P=15.6 bar, fork=74.71 mHz (61.5 zero temp width), Hmin=2000mA, T/Tc=0.1297
#20121128 56507.93014s_a1_829347Hz4.83V5000ncyc_2684.73mA_50.0mV_li3mV_0.00rad_0.00mHz_e2000.0mA_sig.osc.gz
#window=200000 t0=85632 t1=8.2 df=10

# time    f0 - fre   amp
12.200040 547.674044 0.425035
13.000040 547.652597 0.425596
13.800040 546.557328 0.421113
14.600040 546.394314 0.412609
15.400040 544.380444 0.402669
16.200040 544.246947 0.404900
17.000040 543.130431 0.401665
17.800040 543.005430 0.398699
18.600040 541.755418 0.390789
19.400040 541.621523 0.385638
20.200040 541.556645 0.373169
21.000040 538.505385 0.367549
21.800040 538.399575 0.372001
22.600040 536.991016 0.369919
23.400040 536.908510 0.370279
24.200040 536.763631 0.362673
25.000040 535.077566 0.357301
25.800040 535.020121 0.347526
26.600040 533.256026 0.343551
27.400040 533.235399 0.342823
28.200040 532.344574 0.341015
29.000040 530.770773 0.336019
29.800040 530.703015 0.333324
30.600040 530.617094 0.324258
31.400040 528.682462 0.323785
32.200040 528.505285 0.323057
33.000040 528.301548 0.319971
33.800040 527.037148 0.318154
34.600040 526.956204 0.315258
35.400040 526.897007 0.306799
36.200040 525.162107 0.304037
37.000040 524.844033 0.299484
37.800040 523.277424 0.297118
38.600040 523.191176 0.292515
39.400040 520.908223 0.285811
40.200040 520.853800 0.289689
41.000040 519.572774 0.284730
41.800040 519.554348 0.283069
42.600040 519.527025 0.277602
43.400040 518.181923 0.276216
44.200040 517.383240 0.272514
45.000040 515.621610 0.263951
45.800040 515.508120 0.266805
46.600040 515.433358 0.266287
47.400040 515.377221 0.262461
48.200040 515.342653 0.254861
49.000040 513.866559 0.255387
49.800040 512.287114 0.250272
50.600040 512.280865 0.250876
51.400040 512.258359 0.244255
52.200040 509.971933 0.244353
53.000040 509.861252 0.244848
53.800040 509.779082 0.240937
54.600040 508.293815 0.236692
55.400040 508.245322 0.235245
56.200040 507.105724 0.231790
57.000040 507.087700 0.231802
57.800040 507.005070 0.230629
58.600040 507.050127 0.227593
59.400040 507.032711 0.221987
60.200040 505.245962 0.220517
61.000040 505.138391 0.219684
61.800040 504.991760 0.215482
62.600040 503.549916 0.212528
63.400040 503.479225 0.211773
64.200040 503.414755 0.207921
65.000040 502.021716 0.205594
65.800040 502.005020 0.204038
66.600040 501.841601 0.200577
67.400040 501.738858 0.196636
68.200040 501.612359 0.193950
69.000040 500.375361 0.192355
69.800040 500.333035 0.192042
70.600040 500.300033 0.189899
71.400040 500.275446 0.188337
72.200040 499.879999 0.187951
73.000040 499.754998 0.186598
73.800040 499.129991 0.183931
74.600040 499.004586 0.180853
75.400040 498.821255 0.177426
76.200040 498.386101 0.174832
77.000040 497.379974 0.172909
77.800040 497.249638 0.171287
78.600040 496.372432 0.168497
79.400040 496.206261 0.167341
80.200040 496.124635 0.167046
81.000040 496.065942 0.166651
81.800040 495.879959 0.164511
82.600040 494.998559 0.161848
83.400040 494.879949 0.159322
84.200040 494.554747 0.157317
85.000040 494.379944 0.155277
85.800040 493.592735 0.152716
86.600040 493.575770 0.149768
87.400040 493.629936 0.147203
88.200040 493.525670 0.145769
89.000040 492.768995 0.145385
89.800040 492.746606 0.145408
90.600040 492.736427 0.145038
91.400040 492.717841 0.144112
92.200040 492.663090 0.142158
93.000040 491.769221 0.140028
93.800040 490.802768 0.136690
94.600040 490.794509 0.135208
95.400040 490.792618 0.133424
96.200040 490.791851 0.132534
97.000040 490.504905 0.132045
97.800040 490.519790 0.130842
98.600040 490.505539 0.129067
99.400040 490.479717 0.127532
100.200040 490.254903 0.125815
101.000040 490.254903 0.122980
101.800040 488.398547 0.119123
102.600040 488.375232 0.119617
103.400040 488.374030 0.118727
104.200040 488.396581 0.116977
105.000040 488.504885 0.115339
105.800040 488.446577 0.114314
106.600040 488.417430 0.113573
107.400040 487.382727 0.112990
108.200040 487.370652 0.112210
109.000040 487.343198 0.111185
109.800040 487.278283 0.109736
110.600040 487.228017 0.107597
111.400040 487.166822 0.104601
112.200040 485.953643 0.101948
113.000040 485.916693 0.101156
113.800040 485.895598 0.101604
114.600040 485.887456 0.101590
115.400040 485.892004 0.100781
116.200040 485.921363 0.099424
117.000040 484.853538 0.098445
117.800040 484.847080 0.097464
118.600040 484.847819 0.096789
119.400040 484.881897 0.096523
120.200040 485.026076 0.095280
121.000040 485.084703 0.092662
121.800040 485.117817 0.090118
122.600040 485.141393 0.088422
123.400040 485.254853 0.087350
124.200040 484.879849 0.086969
125.000040 484.901912 0.086539
125.800040 484.992411 0.085792
126.600040 485.129851 0.085066
127.400040 485.075799 0.084215
128.200040 485.049691 0.083412
129.000040 484.638604 0.082827
129.800040 484.504845 0.081941
130.600040 484.531470 0.080695
131.400040 484.509351 0.079672
132.200040 483.977557 0.078890
133.000040 484.023937 0.077828
133.800040 484.004840 0.076739
134.600040 483.652617 0.076464
135.400040 483.616931 0.076508
136.200040 483.254833 0.076565
137.000040 483.193587 0.076145
137.800040 483.254833 0.074657
138.600040 483.163729 0.072937
139.400040 483.106676 0.072460
140.200040 482.379824 0.073698
141.000040 482.379824 0.073823
141.800040 482.379824 0.070845
142.600040 482.594369 0.066659
143.400040 482.626839 0.064815
144.200040 481.254813 0.064797
145.000040 481.254813 0.065064
145.800040 481.379814 0.064718
146.600040 481.379814 0.064122
147.400040 481.129811 0.063124
148.200040 481.109381 0.061718
149.000040 481.108892 0.060462
149.800040 481.077657 0.059643
150.600040 481.008719 0.058808
151.400040 480.504805 0.057637
152.200040 480.614488 0.056544
153.000040 480.754808 0.056233
153.800040 480.653380 0.056388
154.600040 480.616760 0.056050
155.400040 480.512797 0.055507
156.200040 480.379804 0.055310
157.000040 480.390391 0.054542
157.800040 480.363813 0.052869
158.600040 480.303171 0.051455
159.400040 480.235597 0.051027
160.200040 480.129801 0.051461
161.000040 479.905559 0.052197
161.800040 479.885964 0.052405
162.600040 479.888725 0.052104
163.400040 479.892459 0.052024
164.200040 479.879915 0.052029
165.000040 479.001056 0.051275
165.800040 479.012159 0.049901
166.600040 479.066039 0.048363
167.400040 479.254793 0.047604
168.200040 479.339654 0.046933
169.000040 479.402983 0.045584
169.800040 480.129801 0.044618
170.600040 480.157057 0.044493
171.400040 480.188120 0.044624
172.200040 480.219706 0.043738
173.000040 480.268293 0.041625
173.800040 480.984736 0.040217
174.600040 480.991711 0.040825
175.400040 481.001043 0.042704
176.200040 481.019847 0.044558
177.000040 481.086741 0.045131
177.800040 481.234772 0.044142
178.600040 481.264031 0.042573
179.400040 481.269585 0.041164
180.200040 481.269519 0.039559
181.000040 481.268654 0.037888
181.800040 480.666709 0.037126
182.600040 480.629806 0.037157
183.400040 480.499145 0.036496
184.200040 480.629806 0.035792
185.000040 480.629806 0.035726
185.800040 480.733351 0.035974
186.600040 480.761951 0.035860
187.400040 480.782500 0.035087
188.200040 480.754808 0.034480
189.000040 480.873094 0.035202
189.800040 481.004810 0.036044
190.600040 480.965037 0.035469
191.400040 480.428487 0.034286
192.200040 480.496256 0.033137
193.000040 480.660633 0.031907
193.800040 480.686336 0.030957
194.600040 480.704372 0.030388
195.400040 480.705670 0.030039
196.200040 480.754808 0.029906
197.000040 480.044890 0.030153
197.800040 480.053732 0.031049
198.600040 480.129801 0.032264
199.400040 480.435652 0.032890
200.200040 480.504805 0.032034
201.000040 480.433258 0.030362
201.800040 480.436505 0.029357
202.600040 480.629806 0.029145
203.400040 480.755564 0.029687
204.200040 480.765816 0.030697
205.000040 480.766320 0.030575
205.800040 480.773377 0.029424
206.600040 481.004810 0.029167
207.400040 481.101209 0.030020
208.200040 481.109374 0.030375
209.000040 481.094474 0.028914
209.800040 481.044492 0.025862
210.600040 481.028874 0.023007
211.400040 481.072464 0.021978
212.200040 481.117915 0.022915
213.000040 481.121122 0.024244
213.800040 481.114862 0.024294
214.600040 481.632632 0.023142
215.400040 481.629816 0.021669
216.200040 480.879809 0.020490
217.000040 480.983701 0.019430
217.800040 480.994287 0.019184
218.600040 481.002463 0.020376
219.400040 481.398343 0.020788
220.200040 481.379814 0.018951
221.000040 480.789156 0.017837
221.800040 480.757042 0.019694
222.600040 480.754720 0.022064
223.400040 480.799843 0.023223
224.200040 481.004810 0.022773
225.000040 481.004810 0.020903
225.800040 480.919875 0.019509
226.600040 480.504805 0.019683
227.400040 480.504805 0.020400
228.200040 480.406475 0.020480
229.000040 479.925660 0.020313
229.800040 479.348734 0.020497
230.600040 479.369808 0.020995
231.400040 479.380461 0.021188
232.200040 479.357999 0.021014
233.000040 479.311326 0.020504
233.800040 479.293007 0.020033
234.600040 479.663615 0.019505
235.400040 479.629796 0.018443
236.200040 479.512259 0.017759
237.000040 479.497947 0.018068
237.800040 479.879799 0.018248
238.600040 480.014985 0.017364
239.400040 480.129801 0.016655
240.200040 479.879799 0.017131
241.000040 479.869159 0.018105
241.800040 480.357231 0.018568
242.600040 480.362413 0.018133
243.400040 482.006121 0.018053
244.200040 482.004820 0.017634
245.000040 481.883308 0.017189
245.800040 481.838131 0.017066
246.600040 481.771455 0.017101
247.400040 481.712705 0.017001
248.200040 481.554511 0.016925
249.000040 481.482295 0.016954
249.800040 481.504815 0.017344
250.600040 480.784580 0.017651
251.400040 480.803710 0.018112
252.200040 480.879545 0.018365
253.000040 481.004810 0.017722
253.800040 480.948275 0.016643
254.600040 480.914615 0.016558
255.400040 480.876541 0.017312
256.200040 480.754808 0.017373
257.000040 480.722453 0.016193
257.800040 480.644032 0.014474
258.600040 480.639100 0.013639
259.400040 480.648328 0.013883
260.200040 480.657568 0.013845
261.000040 480.629806 0.013196
261.800040 480.752656 0.013055
262.600040 480.828370 0.013846
263.400040 480.932820 0.014698
264.200040 481.006602 0.014916
265.000040 481.074558 0.014839
265.800040 481.140942 0.014909
266.600040 481.215098 0.014904
267.400040 481.275120 0.014650
268.200040 481.374149 0.014407
269.000040 481.447025 0.014530
269.800040 481.503823 0.014953
270.600040 481.629816 0.014840
271.400040 481.629816 0.013817
272.200040 481.939103 0.012994
273.000040 481.989630 0.013203
