   5.8551210e+05   5.8635963e-01
   5.8566478e+05   6.9200656e-01
   5.8581792e+05   7.1885248e-01
   5.8597151e+05   7.8892289e-01
   5.8612711e+05   9.6578233e-01
   5.8631500e+05   1.0362909e+00
   5.8640880e+05   1.2362727e+00
   5.8656336e+05   1.1659890e+00
   5.8671646e+05   1.1974184e+00
   5.8686842e+05   1.2517039e+00
   5.8702325e+05   1.0331048e+00
   5.8717575e+05   8.1986635e-01
   5.8736010e+05   6.8327340e-01
   5.8751540e+05   6.4076523e-01
   5.8766790e+05   7.6528484e-01
   5.8782108e+05   8.5128843e-01
   5.8797346e+05   8.6499952e-01
   5.8812576e+05   7.6431563e-01
   5.8827992e+05   7.2663276e-01
   5.8847517e+05   7.2622643e-01
   5.8862720e+05   8.7907451e-01
   5.8878678e+05   9.6236387e-01
   5.8893575e+05   1.0292259e+00
   5.8908866e+05   1.1504978e+00
   5.8924118e+05   1.3398755e+00
   5.8939410e+05   1.3040122e+00
   5.8949564e+05   1.1037479e+00
   5.8964945e+05   1.0142934e+00
   5.8980288e+05   7.8879532e-01
   5.8995568e+05   8.8664116e-01
   5.9011006e+05   6.9203386e-01
   5.9026512e+05   6.3481060e-01
   5.9038685e+05   7.3447216e-01
   5.9054083e+05   9.0688800e-01
   5.9069330e+05   9.9330414e-01
   5.9084498e+05   8.3723204e-01
   5.9099753e+05   8.5206165e-01
   5.9113678e+05   8.3448980e-01
   5.9130426e+05   1.0279658e+00
   5.9145949e+05   1.0431695e+00
   5.9161376e+05   1.0792959e+00
   5.9176925e+05   1.3155939e+00
   5.9191975e+05   1.6499064e+00
   5.9207420e+05   1.4858002e+00
   5.9222623e+05   1.2963040e+00
   5.9238035e+05   8.5886525e-01
   5.9259118e+05   7.1830050e-01
   5.9274507e+05   7.1193683e-01
   5.9289813e+05   6.4950965e-01
   5.9305081e+05   6.8673159e-01
   5.9320539e+05   9.1502359e-01
   5.9335726e+05   9.1373935e-01
