   5.8500000e+05   8.6870602e-01   5.6691430e-01   7.1080682e-01   7.2481350e-01
   5.8501000e+05   8.7350601e-01   5.6691430e-01   7.0687646e-01   7.3354385e-01
   5.8502000e+05   8.7836098e-01   5.6691430e-01   7.0301085e-01   7.4226443e-01
   5.8503000e+05   8.8322088e-01   5.6691430e-01   6.9921056e-01   7.5092462e-01
   5.8504000e+05   8.8803356e-01   5.6691430e-01   6.9547613e-01   7.5947173e-01
   5.8505000e+05   8.9274522e-01   5.6691430e-01   6.9180800e-01   7.6785152e-01
   5.8506000e+05   8.9730099e-01   5.6691430e-01   6.8820655e-01   7.7600874e-01
   5.8507000e+05   9.0164552e-01   5.6691430e-01   6.8467207e-01   7.8388775e-01
   5.8508000e+05   9.0572359e-01   5.6691430e-01   6.8120479e-01   7.9143310e-01
   5.8509000e+05   9.0948077e-01   5.6691430e-01   6.7780487e-01   7.9859019e-01
   5.8510000e+05   9.1286403e-01   5.6691430e-01   6.7447242e-01   8.0530591e-01
   5.8511000e+05   9.1582246e-01   5.6691430e-01   6.7120744e-01   8.1152931e-01
   5.8512000e+05   9.1830784e-01   5.6691430e-01   6.6800992e-01   8.1721222e-01
   5.8513000e+05   9.2027534e-01   5.6691430e-01   6.6487975e-01   8.2230989e-01
   5.8514000e+05   9.2168402e-01   5.6691430e-01   6.6181677e-01   8.2678154e-01
   5.8515000e+05   9.2249745e-01   5.6691430e-01   6.5882078e-01   8.3059097e-01
   5.8516000e+05   9.2268416e-01   5.6691430e-01   6.5589151e-01   8.3370695e-01
   5.8517000e+05   9.2221808e-01   5.6691430e-01   6.5302863e-01   8.3610375e-01
   5.8518000e+05   9.2107888e-01   5.6691430e-01   6.5023177e-01   8.3776141e-01
   5.8519000e+05   9.1925229e-01   5.6691430e-01   6.4750051e-01   8.3866607e-01
   5.8520000e+05   9.1673023e-01   5.6691430e-01   6.4483439e-01   8.3881014e-01
   5.8521000e+05   9.1351100e-01   5.6691430e-01   6.4223288e-01   8.3819241e-01
   5.8522000e+05   9.0959921e-01   5.6691430e-01   6.3969544e-01   8.3681807e-01
   5.8523000e+05   9.0500579e-01   5.6691430e-01   6.3722146e-01   8.3469863e-01
   5.8524000e+05   8.9974777e-01   5.6691430e-01   6.3481031e-01   8.3185176e-01
   5.8525000e+05   8.9384809e-01   5.6691430e-01   6.3246133e-01   8.2830105e-01
   5.8526000e+05   8.8733521e-01   5.6691430e-01   6.3017380e-01   8.2407571e-01
   5.8527000e+05   8.8024280e-01   5.6691430e-01   6.2794700e-01   8.1921010e-01
   5.8528000e+05   8.7260918e-01   5.6691430e-01   6.2578014e-01   8.1374334e-01
   5.8529000e+05   8.6447688e-01   5.6691430e-01   6.2367244e-01   8.0771874e-01
   5.8530000e+05   8.5589202e-01   5.6691430e-01   6.2162307e-01   8.0118325e-01
   5.8531000e+05   8.4690373e-01   5.6691430e-01   6.1963119e-01   7.9418684e-01
   5.8532000e+05   8.3756352e-01   5.6691430e-01   6.1769592e-01   7.8678189e-01
   5.8533000e+05   8.2792461e-01   5.6691430e-01   6.1581639e-01   7.7902251e-01
   5.8534000e+05   8.1804128e-01   5.6691430e-01   6.1399168e-01   7.7096390e-01
   5.8535000e+05   8.0796828e-01   5.6691430e-01   6.1222087e-01   7.6266171e-01
   5.8536000e+05   7.9776011e-01   5.6691430e-01   6.1050301e-01   7.5417140e-01
   5.8537000e+05   7.8747053e-01   5.6691430e-01   6.0883716e-01   7.4554766e-01
   5.8538000e+05   7.7715189e-01   5.6691430e-01   6.0722236e-01   7.3684383e-01
   5.8539000e+05   7.6685469e-01   5.6691430e-01   6.0565761e-01   7.2811137e-01
   5.8540000e+05   7.5952804e-01   5.6691430e-01   6.0704292e-01   7.1939941e-01
   5.8541000e+05   7.5249205e-01   5.6691430e-01   6.0865202e-01   7.1075433e-01
   5.8542000e+05   7.4561712e-01   5.6691430e-01   6.1031205e-01   7.0221937e-01
   5.8543000e+05   7.3894407e-01   5.6691430e-01   6.1202397e-01   6.9383439e-01
   5.8544000e+05   7.3251007e-01   5.6691430e-01   6.1378875e-01   6.8563561e-01
   5.8545000e+05   7.2634847e-01   5.6691430e-01   6.1560732e-01   6.7765545e-01
   5.8546000e+05   7.2048870e-01   5.6691430e-01   6.1748061e-01   6.6992239e-01
   5.8547000e+05   7.1495622e-01   5.6691430e-01   6.1940952e-01   6.6246100e-01
   5.8548000e+05   7.0977252e-01   5.6691430e-01   6.2139496e-01   6.5529186e-01
   5.8549000e+05   7.0495520e-01   5.6691430e-01   6.2343778e-01   6.4843171e-01
   5.8550000e+05   7.0051804e-01   5.6691430e-01   6.2553885e-01   6.4189349e-01
   5.8551000e+05   6.9647120e-01   5.6691430e-01   6.2769897e-01   6.3568653e-01
   5.8552000e+05   6.9282140e-01   5.6691430e-01   6.2991896e-01   6.2981673e-01
   5.8553000e+05   6.8957210e-01   5.6691430e-01   6.3219959e-01   6.2428681e-01
   5.8554000e+05   6.8672376e-01   5.6691430e-01   6.3454159e-01   6.1909648e-01
   5.8555000e+05   6.8427415e-01   5.6691430e-01   6.3694567e-01   6.1424278e-01
   5.8556000e+05   6.8221854e-01   5.6691430e-01   6.3941251e-01   6.0972033e-01
   5.8557000e+05   6.8055004e-01   5.6691430e-01   6.4194274e-01   6.0552159e-01
   5.8558000e+05   6.7925986e-01   5.6691430e-01   6.4453698e-01   6.0163718e-01
   5.8559000e+05   6.7833760e-01   5.6691430e-01   6.4719577e-01   5.9805613e-01
   5.8560000e+05   6.7777152e-01   5.6691430e-01   6.4991964e-01   5.9476618e-01
   5.8561000e+05   6.7754879e-01   5.6691430e-01   6.5270906e-01   5.9175404e-01
   5.8562000e+05   6.7765576e-01   5.6691430e-01   6.5556445e-01   5.8900561e-01
   5.8563000e+05   6.7807816e-01   5.6691430e-01   6.5848620e-01   5.8650626e-01
   5.8564000e+05   6.7880135e-01   5.6691430e-01   6.6147463e-01   5.8424101e-01
   5.8565000e+05   6.7981049e-01   5.6691430e-01   6.6453002e-01   5.8219477e-01
   5.8566000e+05   6.8109072e-01   5.6691430e-01   6.6765258e-01   5.8035244e-01
   5.8567000e+05   6.8262732e-01   5.6691430e-01   6.7084248e-01   5.7869914e-01
   5.8568000e+05   6.8440582e-01   5.6691430e-01   6.7409983e-01   5.7722030e-01
   5.8569000e+05   6.8641215e-01   5.6691430e-01   6.7742465e-01   5.7590179e-01
   5.8570000e+05   6.8863266e-01   5.6691430e-01   6.8081694e-01   5.7473002e-01
   5.8571000e+05   6.9105430e-01   5.6691430e-01   6.8427661e-01   5.7369198e-01
   5.8572000e+05   6.9366456e-01   5.6691430e-01   6.8780350e-01   5.7277535e-01
   5.8573000e+05   6.9645160e-01   5.6691430e-01   6.9139740e-01   5.7196850e-01
   5.8574000e+05   6.9940422e-01   5.6691430e-01   6.9505800e-01   5.7126051e-01
   5.8575000e+05   7.0251189e-01   5.6691430e-01   6.9878496e-01   5.7064123e-01
   5.8576000e+05   7.0576476e-01   5.6691430e-01   7.0257782e-01   5.7010124e-01
   5.8577000e+05   7.0915364e-01   5.6691430e-01   7.0643608e-01   5.6963185e-01
   5.8578000e+05   7.1266996e-01   5.6691430e-01   7.1035914e-01   5.6922511e-01
   5.8579000e+05   7.1630579e-01   5.6691430e-01   7.1434635e-01   5.6887374e-01
   5.8580000e+05   7.2005379e-01   5.6691430e-01   7.1839694e-01   5.6857115e-01
   5.8581000e+05   7.2390715e-01   5.6691430e-01   7.2251009e-01   5.6831136e-01
   5.8582000e+05   7.2785959e-01   5.6691430e-01   7.2668488e-01   5.6808901e-01
   5.8583000e+05   7.3190531e-01   5.6691430e-01   7.3092033e-01   5.6789928e-01
   5.8584000e+05   7.3603893e-01   5.6691430e-01   7.3521535e-01   5.6773788e-01
   5.8585000e+05   7.4025548e-01   5.6691430e-01   7.3956878e-01   5.6760100e-01
   5.8586000e+05   7.4455033e-01   5.6691430e-01   7.4397937e-01   5.6748526e-01
   5.8587000e+05   7.4891918e-01   5.6691430e-01   7.4844578e-01   5.6738770e-01
   5.8588000e+05   7.5335800e-01   5.6691430e-01   7.5296659e-01   5.6730571e-01
   5.8589000e+05   7.5801160e-01   5.6691430e-01   7.5754028e-01   5.6738562e-01
   5.8590000e+05   7.6273375e-01   5.6691430e-01   7.6216526e-01   5.6748279e-01
   5.8591000e+05   7.6752361e-01   5.6691430e-01   7.6683984e-01   5.6759807e-01
   5.8592000e+05   7.7238237e-01   5.6691430e-01   7.7156225e-01   5.6773442e-01
   5.8593000e+05   7.7731152e-01   5.6691430e-01   7.7633062e-01   5.6789520e-01
   5.8594000e+05   7.8231293e-01   5.6691430e-01   7.8114300e-01   5.6808423e-01
   5.8595000e+05   7.8738883e-01   5.6691430e-01   7.8599736e-01   5.6830577e-01
   5.8596000e+05   7.9254191e-01   5.6691430e-01   7.9089158e-01   5.6856462e-01
   5.8597000e+05   7.9777530e-01   5.6691430e-01   7.9582345e-01   5.6886615e-01
   5.8598000e+05   8.0309268e-01   5.6691430e-01   8.0079067e-01   5.6921631e-01
   5.8599000e+05   8.0849824e-01   5.6691430e-01   8.0579086e-01   5.6962167e-01
   5.8600000e+05   8.1399679e-01   5.6691430e-01   8.1082158e-01   5.7008951e-01
   5.8601000e+05   8.1959373e-01   5.6691430e-01   8.1588027e-01   5.7062776e-01
   5.8602000e+05   8.2529510e-01   5.6691430e-01   8.2096432e-01   5.7124508e-01
   5.8603000e+05   8.3110761e-01   5.6691430e-01   8.2607102e-01   5.7195089e-01
   5.8604000e+05   8.3703863e-01   5.6691430e-01   8.3119762e-01   5.7275531e-01
   5.8605000e+05   8.4309620e-01   5.6691430e-01   8.3634124e-01   5.7366925e-01
   5.8606000e+05   8.4928900e-01   5.6691430e-01   8.4149899e-01   5.7470431e-01
   5.8607000e+05   8.5562638e-01   5.6691430e-01   8.4666786e-01   5.7587282e-01
   5.8608000e+05   8.6211825e-01   5.6691430e-01   8.5184480e-01   5.7718775e-01
   5.8609000e+05   8.6877507e-01   5.6691430e-01   8.5702668e-01   5.7866269e-01
   5.8610000e+05   8.7560778e-01   5.6691430e-01   8.6221033e-01   5.8031175e-01
   5.8611000e+05   8.8262770e-01   5.6691430e-01   8.6739250e-01   5.8214950e-01
   5.8612000e+05   8.8984640e-01   5.6691430e-01   8.7256988e-01   5.8419082e-01
   5.8613000e+05   8.9727561e-01   5.6691430e-01   8.7773913e-01   5.8645077e-01
   5.8614000e+05   9.0492704e-01   5.6691430e-01   8.8289685e-01   5.8894449e-01
   5.8615000e+05   9.1281223e-01   5.6691430e-01   8.8803959e-01   5.9168693e-01
   5.8616000e+05   9.2094232e-01   5.6691430e-01   8.9316385e-01   5.9469276e-01
   5.8617000e+05   9.2932789e-01   5.6691430e-01   8.9826612e-01   5.9797607e-01
   5.8618000e+05   9.3797870e-01   5.6691430e-01   9.0334282e-01   6.0155018e-01
   5.8619000e+05   9.4690344e-01   5.6691430e-01   9.0839036e-01   6.0542738e-01
   5.8620000e+05   9.5610949e-01   5.6691430e-01   9.1340511e-01   6.0961867e-01
   5.8621000e+05   9.6560262e-01   5.6691430e-01   9.1838345e-01   6.1413347e-01
   5.8622000e+05   9.7538676e-01   5.6691430e-01   9.2332169e-01   6.1897937e-01
   5.8623000e+05   9.8546367e-01   5.6691430e-01   9.2821617e-01   6.2416179e-01
   5.8624000e+05   9.9583268e-01   5.6691430e-01   9.3306320e-01   6.2968378e-01
   5.8625000e+05   1.0064904e+00   5.6691430e-01   9.3785908e-01   6.3554566e-01
   5.8626000e+05   1.0174306e+00   5.6691430e-01   9.4260012e-01   6.4174481e-01
   5.8627000e+05   1.0286437e+00   5.6691430e-01   9.4728264e-01   6.4827539e-01
   5.8628000e+05   1.0401168e+00   5.6691430e-01   9.5190296e-01   6.5512816e-01
   5.8629000e+05   1.0518334e+00   5.6691430e-01   9.5645740e-01   6.6229026e-01
   5.8630000e+05   1.0637731e+00   5.6691430e-01   9.6094232e-01   6.6974505e-01
   5.8631000e+05   1.0759118e+00   5.6691430e-01   9.6535410e-01   6.7747203e-01
   5.8632000e+05   1.0882216e+00   5.6691430e-01   9.6968915e-01   6.8544674e-01
   5.8633000e+05   1.1006704e+00   5.6691430e-01   9.7394388e-01   6.9364077e-01
   5.8634000e+05   1.1132223e+00   5.6691430e-01   9.7811479e-01   7.0202180e-01
   5.8635000e+05   1.1258378e+00   5.6691430e-01   9.8219838e-01   7.1055369e-01
   5.8636000e+05   1.1384736e+00   5.6691430e-01   9.8619121e-01   7.1919669e-01
   5.8637000e+05   1.1510832e+00   5.6691430e-01   9.9008991e-01   7.2790761e-01
   5.8638000e+05   1.1636170e+00   5.6691430e-01   9.9389115e-01   7.3664014e-01
   5.8639000e+05   1.1760226e+00   5.6691430e-01   9.9759166e-01   7.4534522e-01
   5.8640000e+05   1.1882454e+00   5.6691430e-01   1.0011882e+00   7.5397142e-01
   5.8641000e+05   1.2002289e+00   5.6691430e-01   1.0046777e+00   7.6246546e-01
   5.8642000e+05   1.2119155e+00   5.6691430e-01   1.0080571e+00   7.7077268e-01
   5.8643000e+05   1.2232468e+00   5.6691430e-01   1.0113235e+00   7.7883761e-01
   5.8644000e+05   1.2341641e+00   5.6691430e-01   1.0144738e+00   7.8660461e-01
   5.8645000e+05   1.2446095e+00   5.6691430e-01   1.0175054e+00   7.9401846e-01
   5.8646000e+05   1.2545261e+00   5.6691430e-01   1.0204154e+00   8.0102500e-01
   5.8647000e+05   1.2638589e+00   5.6691430e-01   1.0232014e+00   8.0757183e-01
   5.8648000e+05   1.2725553e+00   5.6691430e-01   1.0258607e+00   8.1360890e-01
   5.8649000e+05   1.2805660e+00   5.6691430e-01   1.0283911e+00   8.1908919e-01
   5.8650000e+05   1.2878451e+00   5.6691430e-01   1.0307901e+00   8.2396929e-01
   5.8651000e+05   1.2943513e+00   5.6691430e-01   1.0330556e+00   8.2821000e-01
   5.8652000e+05   1.3000480e+00   5.6691430e-01   1.0351855e+00   8.3177680e-01
   5.8653000e+05   1.3049039e+00   5.6691430e-01   1.0371778e+00   8.3464039e-01
   5.8654000e+05   1.3088936e+00   5.6691430e-01   1.0390308e+00   8.3677704e-01
   5.8655000e+05   1.3119974e+00   5.6691430e-01   1.0407427e+00   8.3816893e-01
   5.8656000e+05   1.3142021e+00   5.6691430e-01   1.0423120e+00   8.3880440e-01
   5.8657000e+05   1.3155009e+00   5.6691430e-01   1.0437371e+00   8.3867812e-01
   5.8658000e+05   1.3158936e+00   5.6691430e-01   1.0450167e+00   8.3779115e-01
   5.8659000e+05   1.3153863e+00   5.6691430e-01   1.0461497e+00   8.3615093e-01
   5.8660000e+05   1.3139919e+00   5.6691430e-01   1.0471350e+00   8.3377118e-01
   5.8661000e+05   1.3117291e+00   5.6691430e-01   1.0479716e+00   8.3067171e-01
   5.8662000e+05   1.3086227e+00   5.6691430e-01   1.0486589e+00   8.2687814e-01
   5.8663000e+05   1.3047033e+00   5.6691430e-01   1.0491961e+00   8.2242154e-01
   5.8664000e+05   1.3000065e+00   5.6691430e-01   1.0495827e+00   8.1733804e-01
   5.8665000e+05   1.2945724e+00   5.6691430e-01   1.0498184e+00   8.1166830e-01
   5.8666000e+05   1.2884457e+00   5.6691430e-01   1.0499030e+00   8.0545698e-01
   5.8667000e+05   1.2816742e+00   5.6691430e-01   1.0498364e+00   7.9875217e-01
   5.8668000e+05   1.2743090e+00   5.6691430e-01   1.0496186e+00   7.9160479e-01
   5.8669000e+05   1.2664034e+00   5.6691430e-01   1.0492498e+00   7.8406788e-01
   5.8670000e+05   1.2580121e+00   5.6691430e-01   1.0487304e+00   7.7619603e-01
   5.8671000e+05   1.2491913e+00   5.6691430e-01   1.0480609e+00   7.6804467e-01
   5.8672000e+05   1.2399971e+00   5.6691430e-01   1.0472419e+00   7.5966944e-01
   5.8673000e+05   1.2304855e+00   5.6691430e-01   1.0462742e+00   7.5112562e-01
   5.8674000e+05   1.2207118e+00   5.6691430e-01   1.0451587e+00   7.4246746e-01
   5.8675000e+05   1.2107297e+00   5.6691430e-01   1.0438963e+00   7.3374770e-01
   5.8676000e+05   1.2005911e+00   5.6691430e-01   1.0424884e+00   7.2501702e-01
   5.8677000e+05   1.1903455e+00   5.6691430e-01   1.0409362e+00   7.1632362e-01
   5.8678000e+05   1.1800396e+00   5.6691430e-01   1.0392411e+00   7.0771281e-01
   5.8679000e+05   1.1697171e+00   5.6691430e-01   1.0374047e+00   6.9922666e-01
   5.8680000e+05   1.1594183e+00   5.6691430e-01   1.0354288e+00   6.9090377e-01
   5.8681000e+05   1.1491798e+00   5.6691430e-01   1.0333151e+00   6.8277901e-01
   5.8682000e+05   1.1390347e+00   5.6691430e-01   1.0310656e+00   6.7488342e-01
   5.8683000e+05   1.1290121e+00   5.6691430e-01   1.0286823e+00   6.6724410e-01
   5.8684000e+05   1.1191373e+00   5.6691430e-01   1.0261674e+00   6.5988420e-01
   5.8685000e+05   1.1094318e+00   5.6691430e-01   1.0235232e+00   6.5282292e-01
   5.8686000e+05   1.0999135e+00   5.6691430e-01   1.0207521e+00   6.4607564e-01
   5.8687000e+05   1.0905963e+00   5.6691430e-01   1.0178566e+00   6.3965401e-01
   5.8688000e+05   1.0814911e+00   5.6691430e-01   1.0148393e+00   6.3356611e-01
   5.8689000e+05   1.0726053e+00   5.6691430e-01   1.0117029e+00   6.2781670e-01
   5.8690000e+05   1.0639433e+00   5.6691430e-01   1.0084502e+00   6.2240738e-01
   5.8691000e+05   1.0555067e+00   5.6691430e-01   1.0050840e+00   6.1733690e-01
   5.8692000e+05   1.0472945e+00   5.6691430e-01   1.0016074e+00   6.1260141e-01
   5.8693000e+05   1.0393038e+00   5.6691430e-01   9.9802337e-01   6.0819472e-01
   5.8694000e+05   1.0315293e+00   5.6691430e-01   9.9433502e-01   6.0410862e-01
   5.8695000e+05   1.0239644e+00   5.6691430e-01   9.9054555e-01   6.0033312e-01
   5.8696000e+05   1.0166007e+00   5.6691430e-01   9.8665823e-01   5.9685676e-01
   5.8697000e+05   1.0094290e+00   5.6691430e-01   9.8267637e-01   5.9366690e-01
   5.8698000e+05   1.0024390e+00   5.6691430e-01   9.7860336e-01   5.9074992e-01
   5.8699000e+05   9.9561984e-01   5.6691430e-01   9.7444262e-01   5.8809152e-01
   5.8700000e+05   9.8896025e-01   5.6691430e-01   9.7019763e-01   5.8567692e-01
   5.8701000e+05   9.8244870e-01   5.6691430e-01   9.6587192e-01   5.8349107e-01
   5.8702000e+05   9.7607361e-01   5.6691430e-01   9.6146905e-01   5.8151886e-01
   5.8703000e+05   9.6982356e-01   5.6691430e-01   9.5699260e-01   5.7974525e-01
   5.8704000e+05   9.6368738e-01   5.6691430e-01   9.5244621e-01   5.7815547e-01
   5.8705000e+05   9.5765429e-01   5.6691430e-01   9.4783351e-01   5.7673508e-01
   5.8706000e+05   9.5171401e-01   5.6691430e-01   9.4315817e-01   5.7547013e-01
   5.8707000e+05   9.4585682e-01   5.6691430e-01   9.3842387e-01   5.7434724e-01
   5.8708000e+05   9.4007364e-01   5.6691430e-01   9.3363429e-01   5.7335364e-01
   5.8709000e+05   9.3435607e-01   5.6691430e-01   9.2879314e-01   5.7247723e-01
   5.8710000e+05   9.2869644e-01   5.6691430e-01   9.2390409e-01   5.7170665e-01
   5.8711000e+05   9.2308778e-01   5.6691430e-01   9.1897084e-01   5.7103124e-01
   5.8712000e+05   9.1752389e-01   5.6691430e-01   9.1399707e-01   5.7044112e-01
   5.8713000e+05   9.1199926e-01   5.6691430e-01   9.0898643e-01   5.6992712e-01
   5.8714000e+05   9.0650912e-01   5.6691430e-01   9.0394259e-01   5.6948083e-01
   5.8715000e+05   9.0104938e-01   5.6691430e-01   8.9886916e-01   5.6909452e-01
   5.8716000e+05   8.9561661e-01   5.6691430e-01   8.9376974e-01   5.6876117e-01
   5.8717000e+05   8.9020801e-01   5.6691430e-01   8.8864789e-01   5.6847441e-01
   5.8718000e+05   8.8482135e-01   5.6691430e-01   8.8350716e-01   5.6822848e-01
   5.8719000e+05   8.7945496e-01   5.6691430e-01   8.7835104e-01   5.6801822e-01
   5.8720000e+05   8.7410768e-01   5.6691430e-01   8.7318297e-01   5.6783900e-01
   5.8721000e+05   8.6877879e-01   5.6691430e-01   8.6800638e-01   5.6768671e-01
   5.8722000e+05   8.6346800e-01   5.6691430e-01   8.6282460e-01   5.6755770e-01
   5.8723000e+05   8.5817539e-01   5.6691430e-01   8.5764096e-01   5.6744873e-01
   5.8724000e+05   8.5290137e-01   5.6691430e-01   8.5245870e-01   5.6735697e-01
   5.8725000e+05   8.4769801e-01   5.6691430e-01   8.4728101e-01   5.6733130e-01
   5.8726000e+05   8.4261490e-01   5.6691430e-01   8.4211102e-01   5.6741818e-01
   5.8727000e+05   8.3755896e-01   5.6691430e-01   8.3695180e-01   5.6752145e-01
   5.8728000e+05   8.3253589e-01   5.6691430e-01   8.3180635e-01   5.6764384e-01
   5.8729000e+05   8.2755174e-01   5.6691430e-01   8.2667759e-01   5.6778845e-01
   5.8730000e+05   8.2261287e-01   5.6691430e-01   8.2156838e-01   5.6795879e-01
   5.8731000e+05   8.1772604e-01   5.6691430e-01   8.1648150e-01   5.6815883e-01
   5.8732000e+05   8.1289840e-01   5.6691430e-01   8.1141967e-01   5.6839303e-01
   5.8733000e+05   8.0813758e-01   5.6691430e-01   8.0638550e-01   5.6866637e-01
   5.8734000e+05   8.0345170e-01   5.6691430e-01   8.0138156e-01   5.6898444e-01
   5.8735000e+05   7.9884939e-01   5.6691430e-01   7.9641031e-01   5.6935338e-01
   5.8736000e+05   7.9433987e-01   5.6691430e-01   7.9147413e-01   5.6978004e-01
   5.8737000e+05   7.8993294e-01   5.6691430e-01   7.8657533e-01   5.7027190e-01
   5.8738000e+05   7.8563900e-01   5.6691430e-01   7.8171613e-01   5.7083716e-01
   5.8739000e+05   7.8146912e-01   5.6691430e-01   7.7689867e-01   5.7148475e-01
   5.8740000e+05   7.7743501e-01   5.6691430e-01   7.7212498e-01   5.7222433e-01
   5.8741000e+05   7.7354904e-01   5.6691430e-01   7.6739702e-01   5.7306631e-01
   5.8742000e+05   7.6982422e-01   5.6691430e-01   7.6271668e-01   5.7402184e-01
   5.8743000e+05   7.6627421e-01   5.6691430e-01   7.5808573e-01   5.7510278e-01
   5.8744000e+05   7.6291327e-01   5.6691430e-01   7.5350588e-01   5.7632169e-01
   5.8745000e+05   7.5975620e-01   5.6691430e-01   7.4897872e-01   5.7769178e-01
   5.8746000e+05   7.5681832e-01   5.6691430e-01   7.4450579e-01   5.7922683e-01
   5.8747000e+05   7.5411534e-01   5.6691430e-01   7.4008852e-01   5.8094112e-01
   5.8748000e+05   7.5166329e-01   5.6691430e-01   7.3572824e-01   5.8284935e-01
   5.8749000e+05   7.4947841e-01   5.6691430e-01   7.3142624e-01   5.8496647e-01
   5.8750000e+05   7.4757697e-01   5.6691430e-01   7.2718367e-01   5.8730760e-01
   5.8751000e+05   7.4597516e-01   5.6691430e-01   7.2300163e-01   5.8988782e-01
   5.8752000e+05   7.4468885e-01   5.6691430e-01   7.1888113e-01   5.9272202e-01
   5.8753000e+05   7.4373346e-01   5.6691430e-01   7.1482308e-01   5.9582467e-01
   5.8754000e+05   7.4312366e-01   5.6691430e-01   7.1082833e-01   5.9920963e-01
   5.8755000e+05   7.4287321e-01   5.6691430e-01   7.0689762e-01   6.0288988e-01
   5.8756000e+05   7.4299464e-01   5.6691430e-01   7.0303165e-01   6.0687729e-01
   5.8757000e+05   7.4349903e-01   5.6691430e-01   6.9923101e-01   6.1118231e-01
   5.8758000e+05   7.4439570e-01   5.6691430e-01   6.9549622e-01   6.1581377e-01
   5.8759000e+05   7.4569194e-01   5.6691430e-01   6.9182773e-01   6.2077851e-01
   5.8760000e+05   7.4739276e-01   5.6691430e-01   6.8822592e-01   6.2608114e-01
   5.8761000e+05   7.4950055e-01   5.6691430e-01   6.8469107e-01   6.3172377e-01
   5.8762000e+05   7.5201485e-01   5.6691430e-01   6.8122343e-01   6.3770572e-01
   5.8763000e+05   7.5493209e-01   5.6691430e-01   6.7782315e-01   6.4402324e-01
   5.8764000e+05   7.5824535e-01   5.6691430e-01   6.7449032e-01   6.5066933e-01
   5.8765000e+05   7.6194415e-01   5.6691430e-01   6.7122498e-01   6.5763346e-01
   5.8766000e+05   7.6601425e-01   5.6691430e-01   6.6802709e-01   6.6490146e-01
   5.8767000e+05   7.7043759e-01   5.6691430e-01   6.6489656e-01   6.7245533e-01
   5.8768000e+05   7.7519208e-01   5.6691430e-01   6.6183322e-01   6.8027316e-01
   5.8769000e+05   7.8025167e-01   5.6691430e-01   6.5883687e-01   6.8832910e-01
   5.8770000e+05   7.8558628e-01   5.6691430e-01   6.5590723e-01   6.9659335e-01
   5.8771000e+05   7.9116190e-01   5.6691430e-01   6.5304399e-01   7.0503220e-01
   5.8772000e+05   7.9694071e-01   5.6691430e-01   6.5024678e-01   7.1360824e-01
   5.8773000e+05   8.0288129e-01   5.6691430e-01   6.4751516e-01   7.2228043e-01
   5.8774000e+05   8.0893885e-01   5.6691430e-01   6.4484868e-01   7.3100446e-01
   5.8775000e+05   8.1506553e-01   5.6691430e-01   6.4224683e-01   7.3973300e-01
   5.8776000e+05   8.2121084e-01   5.6691430e-01   6.3970904e-01   7.4841610e-01
   5.8777000e+05   8.2732204e-01   5.6691430e-01   6.3723472e-01   7.5700162e-01
   5.8778000e+05   8.3334465e-01   5.6691430e-01   6.3482323e-01   7.6543571e-01
   5.8779000e+05   8.3922299e-01   5.6691430e-01   6.3247392e-01   7.7366337e-01
   5.8780000e+05   8.4490077e-01   5.6691430e-01   6.3018606e-01   7.8162901e-01
   5.8781000e+05   8.5032167e-01   5.6691430e-01   6.2795892e-01   7.8927705e-01
   5.8782000e+05   8.5543001e-01   5.6691430e-01   6.2579174e-01   7.9655257e-01
   5.8783000e+05   8.6017139e-01   5.6691430e-01   6.2368372e-01   8.0340197e-01
   5.8784000e+05   8.6449335e-01   5.6691430e-01   6.2163404e-01   8.0977361e-01
   5.8785000e+05   8.6834598e-01   5.6691430e-01   6.1964185e-01   8.1561843e-01
   5.8786000e+05   8.7168262e-01   5.6691430e-01   6.1770628e-01   8.2089064e-01
   5.8787000e+05   8.7446039e-01   5.6691430e-01   6.1582645e-01   8.2554825e-01
   5.8788000e+05   8.7664079e-01   5.6691430e-01   6.1400144e-01   8.2955365e-01
   5.8789000e+05   8.7819018e-01   5.6691430e-01   6.1223034e-01   8.3287414e-01
   5.8790000e+05   8.7908025e-01   5.6691430e-01   6.1051220e-01   8.3548235e-01
   5.8791000e+05   8.7928838e-01   5.6691430e-01   6.0884607e-01   8.3735661e-01
   5.8792000e+05   8.7879795e-01   5.6691430e-01   6.0723099e-01   8.3848126e-01
   5.8793000e+05   8.7759855e-01   5.6691430e-01   6.0566597e-01   8.3884687e-01
   5.8794000e+05   8.7857040e-01   5.6691430e-01   6.0703432e-01   8.3845037e-01
   5.8795000e+05   8.7902394e-01   5.6691430e-01   6.0864315e-01   8.3729509e-01
   5.8796000e+05   8.7877932e-01   5.6691430e-01   6.1030290e-01   8.3539072e-01
   5.8797000e+05   8.7785340e-01   5.6691430e-01   6.1201454e-01   8.3275316e-01
   5.8798000e+05   8.7626905e-01   5.6691430e-01   6.1377903e-01   8.2940432e-01
   5.8799000e+05   8.7405480e-01   5.6691430e-01   6.1559730e-01   8.2537179e-01
   5.8800000e+05   8.7124449e-01   5.6691430e-01   6.1747029e-01   8.2068850e-01
   5.8801000e+05   8.6787682e-01   5.6691430e-01   6.1939890e-01   8.1539222e-01
   5.8802000e+05   8.6399484e-01   5.6691430e-01   6.2138403e-01   8.0952511e-01
   5.8803000e+05   8.5964537e-01   5.6691430e-01   6.2342654e-01   8.0313313e-01
   5.8804000e+05   8.5487841e-01   5.6691430e-01   6.2552728e-01   7.9626542e-01
   5.8805000e+05   8.4974652e-01   5.6691430e-01   6.2768709e-01   7.8897373e-01
   5.8806000e+05   8.4430420e-01   5.6691430e-01   6.2990675e-01   7.8131174e-01
   5.8807000e+05   8.3860714e-01   5.6691430e-01   6.3218704e-01   7.7333440e-01
   5.8808000e+05   8.3271169e-01   5.6691430e-01   6.3452871e-01   7.6509728e-01
   5.8809000e+05   8.2667413e-01   5.6691430e-01   6.3693245e-01   7.5665598e-01
   5.8810000e+05   8.2055011e-01   5.6691430e-01   6.3939894e-01   7.4806547e-01
   5.8811000e+05   8.1439406e-01   5.6691430e-01   6.4192883e-01   7.3937952e-01
   5.8812000e+05   8.0825863e-01   5.6691430e-01   6.4452272e-01   7.3065021e-01
   5.8813000e+05   8.0219424e-01   5.6691430e-01   6.4718116e-01   7.2192738e-01
   5.8814000e+05   7.9624862e-01   5.6691430e-01   6.4990467e-01   7.1325825e-01
   5.8815000e+05   7.9046644e-01   5.6691430e-01   6.5269374e-01   7.0468700e-01
   5.8816000e+05   7.8488900e-01   5.6691430e-01   6.5554877e-01   6.9625452e-01
   5.8817000e+05   7.7955396e-01   5.6691430e-01   6.5847016e-01   6.8799810e-01
   5.8818000e+05   7.7449519e-01   5.6691430e-01   6.6145823e-01   6.7995126e-01
   5.8819000e+05   7.6974261e-01   5.6691430e-01   6.6451325e-01   6.7214366e-01
   5.8820000e+05   7.6532214e-01   5.6691430e-01   6.6763545e-01   6.6460098e-01
   5.8821000e+05   7.6125567e-01   5.6691430e-01   6.7082499e-01   6.5734499e-01
   5.8822000e+05   7.5756117e-01   5.6691430e-01   6.7408196e-01   6.5039350e-01
   5.8823000e+05   7.5425269e-01   5.6691430e-01   6.7740642e-01   6.4376056e-01
   5.8824000e+05   7.5134059e-01   5.6691430e-01   6.8079835e-01   6.3745654e-01
   5.8825000e+05   7.4883165e-01   5.6691430e-01   6.8425765e-01   6.3148830e-01
   5.8826000e+05   7.4672934e-01   5.6691430e-01   6.8778418e-01   6.2585946e-01
   5.8827000e+05   7.4503400e-01   5.6691430e-01   6.9137771e-01   6.2057059e-01
   5.8828000e+05   7.4374314e-01   5.6691430e-01   6.9503795e-01   6.1561948e-01
   5.8829000e+05   7.4285166e-01   5.6691430e-01   6.9876455e-01   6.1100141e-01
   5.8830000e+05   7.4235221e-01   5.6691430e-01   7.0255705e-01   6.0670945e-01
   5.8831000e+05   7.4223538e-01   5.6691430e-01   7.0641496e-01   6.0273472e-01
   5.8832000e+05   7.4249006e-01   5.6691430e-01   7.1033768e-01   5.9906668e-01
   5.8833000e+05   7.4310367e-01   5.6691430e-01   7.1432453e-01   5.9569343e-01
   5.8834000e+05   7.4406242e-01   5.6691430e-01   7.1837478e-01   5.9260194e-01
   5.8835000e+05   7.4535162e-01   5.6691430e-01   7.2248759e-01   5.8977833e-01
   5.8836000e+05   7.4695585e-01   5.6691430e-01   7.2666206e-01   5.8720810e-01
   5.8837000e+05   7.4885923e-01   5.6691430e-01   7.3089718e-01   5.8487635e-01
   5.8838000e+05   7.5104557e-01   5.6691430e-01   7.3519188e-01   5.8276799e-01
   5.8839000e+05   7.5349862e-01   5.6691430e-01   7.3954499e-01   5.8086792e-01
   5.8840000e+05   7.5620216e-01   5.6691430e-01   7.4395528e-01   5.7916118e-01
   5.8841000e+05   7.5914018e-01   5.6691430e-01   7.4842139e-01   5.7763310e-01
   5.8842000e+05   7.6229701e-01   5.6691430e-01   7.5294190e-01   5.7626940e-01
   5.8843000e+05   7.6565735e-01   5.6691430e-01   7.5751531e-01   5.7505634e-01
   5.8844000e+05   7.6920644e-01   5.6691430e-01   7.6214002e-01   5.7398072e-01
   5.8845000e+05   7.7293007e-01   5.6691430e-01   7.6681433e-01   5.7303003e-01
   5.8846000e+05   7.7681460e-01   5.6691430e-01   7.7153649e-01   5.7219241e-01
   5.8847000e+05   7.8084708e-01   5.6691430e-01   7.7630461e-01   5.7145676e-01
   5.8848000e+05   7.8501516e-01   5.6691430e-01   7.8111676e-01   5.7081270e-01
   5.8849000e+05   7.8930719e-01   5.6691430e-01   7.8597090e-01   5.7025058e-01
   5.8850000e+05   7.9371214e-01   5.6691430e-01   7.9086491e-01   5.6976152e-01
   5.8851000e+05   7.9821963e-01   5.6691430e-01   7.9579658e-01   5.6933735e-01
   5.8852000e+05   8.0281990e-01   5.6691430e-01   8.0076361e-01   5.6897059e-01
   5.8853000e+05   8.0750380e-01   5.6691430e-01   8.0576364e-01   5.6865446e-01
   5.8854000e+05   8.1226270e-01   5.6691430e-01   8.1079419e-01   5.6838280e-01
   5.8855000e+05   8.1708853e-01   5.6691430e-01   8.1585274e-01   5.6815009e-01
   5.8856000e+05   8.2197369e-01   5.6691430e-01   8.2093665e-01   5.6795134e-01
   5.8857000e+05   8.2691106e-01   5.6691430e-01   8.2604325e-01   5.6778211e-01
   5.8858000e+05   8.3189391e-01   5.6691430e-01   8.3116974e-01   5.6763847e-01
   5.8859000e+05   8.3691590e-01   5.6691430e-01   8.3631328e-01   5.6751691e-01
   5.8860000e+05   8.4197101e-01   5.6691430e-01   8.4147096e-01   5.6741435e-01
   5.8861000e+05   8.4705357e-01   5.6691430e-01   8.4663978e-01   5.6732809e-01
   5.8862000e+05   8.5226277e-01   5.6691430e-01   8.5181668e-01   5.6736039e-01
   5.8863000e+05   8.5753704e-01   5.6691430e-01   8.5699855e-01   5.6745279e-01
   5.8864000e+05   8.6283041e-01   5.6691430e-01   8.6218219e-01   5.6756252e-01
   5.8865000e+05   8.6814249e-01   5.6691430e-01   8.6736438e-01   5.6769241e-01
   5.8866000e+05   8.7347322e-01   5.6691430e-01   8.7254180e-01   5.6784572e-01
   5.8867000e+05   8.7882292e-01   5.6691430e-01   8.7771110e-01   5.6802612e-01
   5.8868000e+05   8.8419233e-01   5.6691430e-01   8.8286889e-01   5.6823773e-01
   5.8869000e+05   8.8958263e-01   5.6691430e-01   8.8801172e-01   5.6848521e-01
   5.8870000e+05   8.9499554e-01   5.6691430e-01   8.9313609e-01   5.6877375e-01
   5.8871000e+05   9.0043331e-01   5.6691430e-01   8.9823849e-01   5.6910912e-01
   5.8872000e+05   9.0589875e-01   5.6691430e-01   9.0331533e-01   5.6949771e-01
   5.8873000e+05   9.1139535e-01   5.6691430e-01   9.0836304e-01   5.6994660e-01
   5.8874000e+05   9.1692721e-01   5.6691430e-01   9.1337799e-01   5.7046351e-01
   5.8875000e+05   9.2249914e-01   5.6691430e-01   9.1835653e-01   5.7105691e-01
   5.8876000e+05   9.2811668e-01   5.6691430e-01   9.2329500e-01   5.7173598e-01
   5.8877000e+05   9.3378607e-01   5.6691430e-01   9.2818973e-01   5.7251065e-01
   5.8878000e+05   9.3951430e-01   5.6691430e-01   9.3303702e-01   5.7339158e-01
   5.8879000e+05   9.4530908e-01   5.6691430e-01   9.3783319e-01   5.7439019e-01
   5.8880000e+05   9.5117883e-01   5.6691430e-01   9.4257454e-01   5.7551859e-01
   5.8881000e+05   9.5713266e-01   5.6691430e-01   9.4725739e-01   5.7678957e-01
   5.8882000e+05   9.6318031e-01   5.6691430e-01   9.5187805e-01   5.7821655e-01
   5.8883000e+05   9.6933207e-01   5.6691430e-01   9.5643286e-01   5.7981351e-01
   5.8884000e+05   9.7559876e-01   5.6691430e-01   9.6091817e-01   5.8159488e-01
   5.8885000e+05   9.8199153e-01   5.6691430e-01   9.6533036e-01   5.8357546e-01
   5.8886000e+05   9.8852183e-01   5.6691430e-01   9.6966583e-01   5.8577030e-01
   5.8887000e+05   9.9520121e-01   5.6691430e-01   9.7392101e-01   5.8819449e-01
   5.8888000e+05   1.0020412e+00   5.6691430e-01   9.7809238e-01   5.9086310e-01
   5.8889000e+05   1.0090530e+00   5.6691430e-01   9.8217645e-01   5.9379087e-01
   5.8890000e+05   1.0162476e+00   5.6691430e-01   9.8616979e-01   5.9699209e-01
   5.8891000e+05   1.0236351e+00   5.6691430e-01   9.9006901e-01   6.0048034e-01
   5.8892000e+05   1.0312247e+00   5.6691430e-01   9.9387079e-01   6.0426823e-01
   5.8893000e+05   1.0390247e+00   5.6691430e-01   9.9757185e-01   6.0836715e-01
   5.8894000e+05   1.0470417e+00   5.6691430e-01   1.0011690e+00   6.1278703e-01
   5.8895000e+05   1.0552808e+00   5.6691430e-01   1.0046591e+00   6.1753600e-01
   5.8896000e+05   1.0637450e+00   5.6691430e-01   1.0080391e+00   6.2262016e-01
   5.8897000e+05   1.0724350e+00   5.6691430e-01   1.0113060e+00   6.2804327e-01
   5.8898000e+05   1.0813492e+00   5.6691430e-01   1.0144570e+00   6.3380647e-01
   5.8899000e+05   1.0904829e+00   5.6691430e-01   1.0174892e+00   6.3990801e-01
   5.8900000e+05   1.0998287e+00   5.6691430e-01   1.0204000e+00   6.4634303e-01
   5.8901000e+05   1.1093756e+00   5.6691430e-01   1.0231866e+00   6.5310330e-01
   5.8902000e+05   1.1191094e+00   5.6691430e-01   1.0258466e+00   6.6017701e-01
   5.8903000e+05   1.1290120e+00   5.6691430e-01   1.0283777e+00   6.6754865e-01
   5.8904000e+05   1.1390619e+00   5.6691430e-01   1.0307774e+00   6.7519884e-01
   5.8905000e+05   1.1492336e+00   5.6691430e-01   1.0330436e+00   6.8310427e-01
   5.8906000e+05   1.1594977e+00   5.6691430e-01   1.0351743e+00   6.9123770e-01
   5.8907000e+05   1.1698210e+00   5.6691430e-01   1.0371674e+00   6.9956792e-01
   5.8908000e+05   1.1801667e+00   5.6691430e-01   1.0390211e+00   7.0805990e-01
   5.8909000e+05   1.1904944e+00   5.6691430e-01   1.0407338e+00   7.1667490e-01
   5.8910000e+05   1.2007602e+00   5.6691430e-01   1.0423038e+00   7.2537071e-01
   5.8911000e+05   1.2109173e+00   5.6691430e-01   1.0437297e+00   7.3410190e-01
   5.8912000e+05   1.2209160e+00   5.6691430e-01   1.0450102e+00   7.4282017e-01
   5.8913000e+05   1.2307044e+00   5.6691430e-01   1.0461439e+00   7.5147473e-01
   5.8914000e+05   1.2402285e+00   5.6691430e-01   1.0471300e+00   7.6001278e-01
   5.8915000e+05   1.2494332e+00   5.6691430e-01   1.0479675e+00   7.6838000e-01
   5.8916000e+05   1.2582624e+00   5.6691430e-01   1.0486556e+00   7.7652111e-01
   5.8917000e+05   1.2666597e+00   5.6691430e-01   1.0491936e+00   7.8438046e-01
   5.8918000e+05   1.2745694e+00   5.6691430e-01   1.0495810e+00   7.9190262e-01
   5.8919000e+05   1.2819363e+00   5.6691430e-01   1.0498176e+00   7.9903307e-01
   5.8920000e+05   1.2887075e+00   5.6691430e-01   1.0499030e+00   8.0571883e-01
   5.8921000e+05   1.2948319e+00   5.6691430e-01   1.0498371e+00   8.1190910e-01
   5.8922000e+05   1.3002618e+00   5.6691430e-01   1.0496201e+00   8.1755592e-01
   5.8923000e+05   1.3049527e+00   5.6691430e-01   1.0492522e+00   8.2261475e-01
   5.8924000e+05   1.3088645e+00   5.6691430e-01   1.0487336e+00   8.2704513e-01
   5.8925000e+05   1.3119618e+00   5.6691430e-01   1.0480649e+00   8.3081112e-01
   5.8926000e+05   1.3142143e+00   5.6691430e-01   1.0472468e+00   8.3388185e-01
   5.8927000e+05   1.3155975e+00   5.6691430e-01   1.0462799e+00   8.3623195e-01
   5.8928000e+05   1.3160927e+00   5.6691430e-01   1.0451651e+00   8.3784185e-01
   5.8929000e+05   1.3156873e+00   5.6691430e-01   1.0439036e+00   8.3869807e-01
   5.8930000e+05   1.3143756e+00   5.6691430e-01   1.0424964e+00   8.3879343e-01
   5.8931000e+05   1.3121578e+00   5.6691430e-01   1.0409450e+00   8.3812713e-01
   5.8932000e+05   1.3090412e+00   5.6691430e-01   1.0392507e+00   8.3670477e-01
   5.8933000e+05   1.3050390e+00   5.6691430e-01   1.0374151e+00   8.3453825e-01
   5.8934000e+05   1.3001712e+00   5.6691430e-01   1.0354399e+00   8.3164564e-01
   5.8935000e+05   1.2944635e+00   5.6691430e-01   1.0333269e+00   8.2805090e-01
   5.8936000e+05   1.2879474e+00   5.6691430e-01   1.0310781e+00   8.2378356e-01
   5.8937000e+05   1.2806596e+00   5.6691430e-01   1.0286956e+00   8.1887832e-01
   5.8938000e+05   1.2726417e+00   5.6691430e-01   1.0261814e+00   8.1337457e-01
   5.8939000e+05   1.2639395e+00   5.6691430e-01   1.0235379e+00   8.0731589e-01
   5.8940000e+05   1.2546026e+00   5.6691430e-01   1.0207675e+00   8.0074942e-01
   5.8941000e+05   1.2446837e+00   5.6691430e-01   1.0178727e+00   7.9372533e-01
   5.8942000e+05   1.2342378e+00   5.6691430e-01   1.0148560e+00   7.8629610e-01
   5.8943000e+05   1.2233219e+00   5.6691430e-01   1.0117203e+00   7.7851593e-01
   5.8944000e+05   1.2119940e+00   5.6691430e-01   1.0084682e+00   7.7044009e-01
   5.8945000e+05   1.2003125e+00   5.6691430e-01   1.0051026e+00   7.6212422e-01
   5.8946000e+05   1.1883361e+00   5.6691430e-01   1.0016266e+00   7.5362377e-01
   5.8947000e+05   1.1761221e+00   5.6691430e-01   9.9804311e-01   7.4499333e-01
   5.8948000e+05   1.1637272e+00   5.6691430e-01   9.9435532e-01   7.3628616e-01
   5.8949000e+05   1.1512057e+00   5.6691430e-01   9.9056639e-01   7.2755357e-01
   5.8950000e+05   1.1386098e+00   5.6691430e-01   9.8667959e-01   7.1884452e-01
   5.8951000e+05   1.1259891e+00   5.6691430e-01   9.8269823e-01   7.1020521e-01
   5.8952000e+05   1.1133901e+00   5.6691430e-01   9.7862570e-01   7.0167868e-01
   5.8953000e+05   1.1008557e+00   5.6691430e-01   9.7446543e-01   6.9330456e-01
   5.8954000e+05   1.0884254e+00   5.6691430e-01   9.7022090e-01   6.8511883e-01
   5.8955000e+05   1.0761350e+00   5.6691430e-01   9.6589562e-01   6.7715364e-01
   5.8956000e+05   1.0640161e+00   5.6691430e-01   9.6149315e-01   6.6943725e-01
   5.8957000e+05   1.0520968e+00   5.6691430e-01   9.5701710e-01   6.6199396e-01
   5.8958000e+05   1.0404009e+00   5.6691430e-01   9.5247107e-01   6.5484411e-01
   5.8959000e+05   1.0289486e+00   5.6691430e-01   9.4785872e-01   6.4800418e-01
   5.8960000e+05   1.0177563e+00   5.6691430e-01   9.4318371e-01   6.4148688e-01
   5.8961000e+05   1.0068367e+00   5.6691430e-01   9.3844972e-01   6.3530132e-01
   5.8962000e+05   9.9619934e-01   5.6691430e-01   9.3366043e-01   6.2945320e-01
   5.8963000e+05   9.8585026e-01   5.6691430e-01   9.2881955e-01   6.2394501e-01
   5.8964000e+05   9.7579276e-01   5.6691430e-01   9.2393075e-01   6.1877631e-01
   5.8965000e+05   9.6602740e-01   5.6691430e-01   9.1899773e-01   6.1394396e-01
   5.8966000e+05   9.5655231e-01   5.6691430e-01   9.1402417e-01   6.0944244e-01
   5.8967000e+05   9.4736352e-01   5.6691430e-01   9.0901372e-01   6.0526409e-01
   5.8968000e+05   9.3845516e-01   5.6691430e-01   9.0397005e-01   6.0139940e-01
   5.8969000e+05   9.2981981e-01   5.6691430e-01   8.9889677e-01   5.9783734e-01
   5.8970000e+05   9.2144873e-01   5.6691430e-01   8.9379748e-01   5.9456555e-01
   5.8971000e+05   9.1333213e-01   5.6691430e-01   8.8867575e-01   5.9157068e-01
   5.8972000e+05   9.0545942e-01   5.6691430e-01   8.8353511e-01   5.8883861e-01
   5.8973000e+05   8.9781943e-01   5.6691430e-01   8.7837906e-01   5.8635467e-01
   5.8974000e+05   8.9040063e-01   5.6691430e-01   8.7321105e-01   5.8410387e-01
   5.8975000e+05   8.8319130e-01   5.6691430e-01   8.6803449e-01   5.8207110e-01
   5.8976000e+05   8.7617974e-01   5.6691430e-01   8.6285274e-01   5.8024130e-01
   5.8977000e+05   8.6935438e-01   5.6691430e-01   8.5766910e-01   5.7859957e-01
   5.8978000e+05   8.6270392e-01   5.6691430e-01   8.5248682e-01   5.7713140e-01
   5.8979000e+05   8.5621747e-01   5.6691430e-01   8.4730910e-01   5.7582267e-01
   5.8980000e+05   8.4988459e-01   5.6691430e-01   8.4213906e-01   5.7465982e-01
   5.8981000e+05   8.4369538e-01   5.6691430e-01   8.3697977e-01   5.7362991e-01
   5.8982000e+05   8.3764057e-01   5.6691430e-01   8.3183424e-01   5.7272063e-01
   5.8983000e+05   8.3171149e-01   5.6691430e-01   8.2670538e-01   5.7192041e-01
   5.8984000e+05   8.2590014e-01   5.6691430e-01   8.2159605e-01   5.7121839e-01
   5.8985000e+05   8.2019920e-01   5.6691430e-01   8.1650905e-01   5.7060445e-01
   5.8986000e+05   8.1460199e-01   5.6691430e-01   8.1144707e-01   5.7006922e-01
   5.8987000e+05   8.0910252e-01   5.6691430e-01   8.0641275e-01   5.6960407e-01
   5.8988000e+05   8.0369542e-01   5.6691430e-01   8.0140864e-01   5.6920108e-01
   5.8989000e+05   7.9837592e-01   5.6691430e-01   7.9643720e-01   5.6885302e-01
   5.8990000e+05   7.9313986e-01   5.6691430e-01   7.9150083e-01   5.6855333e-01
   5.8991000e+05   7.8798361e-01   5.6691430e-01   7.8660182e-01   5.6829609e-01
   5.8992000e+05   7.8290406e-01   5.6691430e-01   7.8174240e-01   5.6807596e-01
   5.8993000e+05   7.7789856e-01   5.6691430e-01   7.7692470e-01   5.6788816e-01
   5.8994000e+05   7.7296491e-01   5.6691430e-01   7.7215077e-01   5.6772844e-01
   5.8995000e+05   7.6810127e-01   5.6691430e-01   7.6742256e-01   5.6759300e-01
   5.8996000e+05   7.6330617e-01   5.6691430e-01   7.6274195e-01   5.6747851e-01
   5.8997000e+05   7.5857846e-01   5.6691430e-01   7.5811073e-01   5.6738202e-01
   5.8998000e+05   7.5392507e-01   5.6691430e-01   7.5353060e-01   5.6730877e-01
   5.8999000e+05   7.4948019e-01   5.6691430e-01   7.4900315e-01   5.6739134e-01
   5.9000000e+05   7.4510521e-01   5.6691430e-01   7.4452992e-01   5.6748958e-01
   5.9001000e+05   7.4080416e-01   5.6691430e-01   7.4011234e-01   5.6760612e-01
   5.9002000e+05   7.3658138e-01   5.6691430e-01   7.3575176e-01   5.6774392e-01
   5.9003000e+05   7.3244153e-01   5.6691430e-01   7.3144943e-01   5.6790639e-01
   5.9004000e+05   7.2838960e-01   5.6691430e-01   7.2720654e-01   5.6809736e-01
   5.9005000e+05   7.2443101e-01   5.6691430e-01   7.2302417e-01   5.6832114e-01
   5.9006000e+05   7.2057158e-01   5.6691430e-01   7.1890333e-01   5.6858255e-01
   5.9007000e+05   7.1681765e-01   5.6691430e-01   7.1484494e-01   5.6888700e-01
   5.9008000e+05   7.1317603e-01   5.6691430e-01   7.1084984e-01   5.6924048e-01
   5.9009000e+05   7.0965411e-01   5.6691430e-01   7.0691879e-01   5.6964962e-01
   5.9010000e+05   7.0625987e-01   5.6691430e-01   7.0305246e-01   5.7012171e-01
   5.9011000e+05   7.0300191e-01   5.6691430e-01   6.9925147e-01   5.7066474e-01
   5.9012000e+05   6.9988945e-01   5.6691430e-01   6.9551632e-01   5.7128743e-01
   5.9013000e+05   6.9693240e-01   5.6691430e-01   6.9184747e-01   5.7199923e-01
   5.9014000e+05   6.9414131e-01   5.6691430e-01   6.8824529e-01   5.7281032e-01
   5.9015000e+05   6.9152742e-01   5.6691430e-01   6.8471008e-01   5.7373164e-01
   5.9016000e+05   6.8910263e-01   5.6691430e-01   6.8124207e-01   5.7477485e-01
   5.9017000e+05   6.8687945e-01   5.6691430e-01   6.7784142e-01   5.7595232e-01
   5.9018000e+05   6.8487100e-01   5.6691430e-01   6.7450823e-01   5.7727706e-01
   5.9019000e+05   6.8309093e-01   5.6691430e-01   6.7124253e-01   5.7876270e-01
   5.9020000e+05   6.8155335e-01   5.6691430e-01   6.6804427e-01   5.8042338e-01
   5.9021000e+05   6.8027276e-01   5.6691430e-01   6.6491337e-01   5.8227369e-01
   5.9022000e+05   6.7926389e-01   5.6691430e-01   6.6184967e-01   5.8432853e-01
   5.9023000e+05   6.7854162e-01   5.6691430e-01   6.5885295e-01   5.8660297e-01
   5.9024000e+05   6.7812079e-01   5.6691430e-01   6.5592295e-01   5.8911213e-01
   5.9025000e+05   6.7801603e-01   5.6691430e-01   6.5305935e-01   5.9187097e-01
   5.9026000e+05   6.7824160e-01   5.6691430e-01   6.5026178e-01   5.9489412e-01
   5.9027000e+05   6.7881114e-01   5.6691430e-01   6.4752981e-01   5.9819562e-01
   5.9028000e+05   6.7973743e-01   5.6691430e-01   6.4486298e-01   6.0178874e-01
   5.9029000e+05   6.8103218e-01   5.6691430e-01   6.4226078e-01   6.0568570e-01
   5.9030000e+05   6.8270574e-01   5.6691430e-01   6.3972264e-01   6.0989740e-01
   5.9031000e+05   6.8476683e-01   5.6691430e-01   6.3724798e-01   6.1443315e-01
   5.9032000e+05   6.8722227e-01   5.6691430e-01   6.3483616e-01   6.1930041e-01
   5.9033000e+05   6.9007668e-01   5.6691430e-01   6.3248650e-01   6.2450447e-01
   5.9034000e+05   6.9333221e-01   5.6691430e-01   6.3019831e-01   6.3004820e-01
   5.9035000e+05   6.9698829e-01   5.6691430e-01   6.2797085e-01   6.3593174e-01
   5.9036000e+05   7.0104132e-01   5.6691430e-01   6.2580334e-01   6.4215227e-01
   5.9037000e+05   7.0548446e-01   5.6691430e-01   6.2369500e-01   6.4870376e-01
   5.9038000e+05   7.1030743e-01   5.6691430e-01   6.2164501e-01   6.5557672e-01
   5.9039000e+05   7.1549627e-01   5.6691430e-01   6.1965251e-01   6.6275806e-01
   5.9040000e+05   7.2103324e-01   5.6691430e-01   6.1771663e-01   6.7023090e-01
   5.9041000e+05   7.2689668e-01   5.6691430e-01   6.1583650e-01   6.7797448e-01
   5.9042000e+05   7.3306100e-01   5.6691430e-01   6.1401120e-01   6.8596409e-01
   5.9043000e+05   7.3949659e-01   5.6691430e-01   6.1223981e-01   6.9417108e-01
   5.9044000e+05   7.4616995e-01   5.6691430e-01   6.1052138e-01   7.0256287e-01
   5.9045000e+05   7.5304377e-01   5.6691430e-01   6.0885497e-01   7.1110309e-01
   5.9046000e+05   7.6007708e-01   5.6691430e-01   6.0723962e-01   7.1975176e-01
   5.9047000e+05   7.6722551e-01   5.6691430e-01   6.0567434e-01   7.2846547e-01
   5.9048000e+05   7.7730917e-01   5.6691430e-01   6.0702573e-01   7.3719774e-01
   5.9049000e+05   7.8761932e-01   5.6691430e-01   6.0863428e-01   7.4589934e-01
   5.9050000e+05   7.9789816e-01   5.6691430e-01   6.1029375e-01   7.5451871e-01
   5.9051000e+05   8.0809327e-01   5.6691430e-01   6.1200511e-01   7.6300246e-01
   5.9052000e+05   8.1815087e-01   5.6691430e-01   6.1376930e-01   7.7129586e-01
   5.9053000e+05   8.2801640e-01   5.6691430e-01   6.1558728e-01   7.7934342e-01
   5.9054000e+05   8.3763517e-01   5.6691430e-01   6.1745997e-01   7.8708949e-01
   5.9055000e+05   8.4695290e-01   5.6691430e-01   6.1938828e-01   7.9447892e-01
   5.9056000e+05   8.5591643e-01   5.6691430e-01   6.2137310e-01   8.0145763e-01
   5.9057000e+05   8.6447435e-01   5.6691430e-01   6.2341529e-01   8.0797335e-01
   5.9058000e+05   8.7257764e-01   5.6691430e-01   6.2551572e-01   8.1397622e-01
   5.9059000e+05   8.8018032e-01   5.6691430e-01   6.2767520e-01   8.1941942e-01
   5.9060000e+05   8.8724003e-01   5.6691430e-01   6.2989454e-01   8.2425979e-01
   5.9061000e+05   8.9371861e-01   5.6691430e-01   6.3217450e-01   8.2845841e-01
   5.9062000e+05   8.9958262e-01   5.6691430e-01   6.3451583e-01   8.3198109e-01
   5.9063000e+05   9.0480381e-01   5.6691430e-01   6.3691923e-01   8.3479888e-01
   5.9064000e+05   9.0935950e-01   5.6691430e-01   6.3938538e-01   8.3688841e-01
   5.9065000e+05   9.1323288e-01   5.6691430e-01   6.4191493e-01   8.3823225e-01
   5.9066000e+05   9.1641330e-01   5.6691430e-01   6.4450847e-01   8.3881913e-01
   5.9067000e+05   9.1889640e-01   5.6691430e-01   6.4716655e-01   8.3864415e-01
   5.9068000e+05   9.2068417e-01   5.6691430e-01   6.4988971e-01   8.3770875e-01
   5.9069000e+05   9.2178492e-01   5.6691430e-01   6.5267842e-01   8.3602080e-01
   5.9070000e+05   9.2221321e-01   5.6691430e-01   6.5553309e-01   8.3359441e-01
   5.9071000e+05   9.2198958e-01   5.6691430e-01   6.5845412e-01   8.3044976e-01
   5.9072000e+05   9.2114037e-01   5.6691430e-01   6.6144183e-01   8.2661284e-01
   5.9073000e+05   9.1969724e-01   5.6691430e-01   6.6449649e-01   8.2211505e-01
   5.9074000e+05   9.1769685e-01   5.6691430e-01   6.6761832e-01   8.1699283e-01
   5.9075000e+05   9.1518029e-01   5.6691430e-01   6.7080749e-01   8.1128710e-01
   5.9076000e+05   9.1219258e-01   5.6691430e-01   6.7406410e-01   8.0504278e-01
   5.9077000e+05   9.0878205e-01   5.6691430e-01   6.7738820e-01   7.9830815e-01
   5.9078000e+05   9.0499972e-01   5.6691430e-01   6.8077975e-01   7.9113427e-01
   5.9079000e+05   9.0089871e-01   5.6691430e-01   6.8423869e-01   7.8357431e-01
   5.9080000e+05   8.9653349e-01   5.6691430e-01   6.8776485e-01   7.7568293e-01
   5.9081000e+05   8.9195933e-01   5.6691430e-01   6.9135802e-01   7.6751560e-01
   5.9082000e+05   8.8723158e-01   5.6691431e-01   6.9501791e-01   7.5912796e-01
   5.9083000e+05   8.8240507e-01   5.6691431e-01   6.9874414e-01   7.5057522e-01
   5.9084000e+05   8.7753357e-01   5.6691431e-01   7.0253629e-01   7.4191156e-01
   5.9085000e+05   8.7266918e-01   5.6691432e-01   7.0639384e-01   7.3318961e-01
   5.9086000e+05   8.6786185e-01   5.6691433e-01   7.1031621e-01   7.2445991e-01
   5.9087000e+05   8.6315893e-01   5.6691434e-01   7.1430272e-01   7.1577046e-01
   5.9088000e+05   8.5860478e-01   5.6691435e-01   7.1835262e-01   7.0716640e-01
   5.9089000e+05   8.5424044e-01   5.6691437e-01   7.2246510e-01   6.9868956e-01
   5.9090000e+05   8.5010336e-01   5.6691440e-01   7.2663923e-01   6.9037833e-01
   5.9091000e+05   8.4622719e-01   5.6691443e-01   7.3087403e-01   6.8226733e-01
   5.9092000e+05   8.4264163e-01   5.6691447e-01   7.3516841e-01   6.7438734e-01
   5.9093000e+05   8.3937237e-01   5.6691453e-01   7.3952121e-01   6.6676523e-01
   5.9094000e+05   8.3644106e-01   5.6691460e-01   7.4393118e-01   6.5942387e-01
   5.9095000e+05   8.3386534e-01   5.6691470e-01   7.4839699e-01   6.5238224e-01
   5.9096000e+05   8.3165891e-01   5.6691483e-01   7.5291722e-01   6.4565546e-01
   5.9097000e+05   8.2983169e-01   5.6691499e-01   7.5749035e-01   6.3925495e-01
   5.9098000e+05   8.2838997e-01   5.6691521e-01   7.6211478e-01   6.3318858e-01
   5.9099000e+05   8.2733660e-01   5.6691549e-01   7.6678883e-01   6.2746088e-01
   5.9100000e+05   8.2667126e-01   5.6691585e-01   7.7151073e-01   6.2207327e-01
   5.9101000e+05   8.2639067e-01   5.6691631e-01   7.7627861e-01   6.1702434e-01
   5.9102000e+05   8.2648891e-01   5.6691691e-01   7.8109053e-01   6.1231007e-01
   5.9103000e+05   8.2695765e-01   5.6691767e-01   7.8594445e-01   6.0792413e-01
   5.9104000e+05   8.2778647e-01   5.6691863e-01   7.9083824e-01   6.0385819e-01
   5.9105000e+05   8.2896314e-01   5.6691986e-01   7.9576971e-01   6.0010216e-01
   5.9106000e+05   8.3047389e-01   5.6692142e-01   8.0073656e-01   5.9664450e-01
   5.9107000e+05   8.3230370e-01   5.6692339e-01   8.0573641e-01   5.9347249e-01
   5.9108000e+05   8.3443656e-01   5.6692588e-01   8.1076681e-01   5.9057247e-01
   5.9109000e+05   8.3685571e-01   5.6692900e-01   8.1582521e-01   5.8793009e-01
   5.9110000e+05   8.3954387e-01   5.6693291e-01   8.2090899e-01   5.8553056e-01
   5.9111000e+05   8.4248349e-01   5.6693780e-01   8.2601547e-01   5.8335882e-01
   5.9112000e+05   8.4565689e-01   5.6694388e-01   8.3114186e-01   5.8139974e-01
   5.9113000e+05   8.4904649e-01   5.6695144e-01   8.3628532e-01   5.7963832e-01
   5.9114000e+05   8.5263492e-01   5.6696080e-01   8.4144293e-01   5.7805979e-01
   5.9115000e+05   8.5640520e-01   5.6697236e-01   8.4661169e-01   5.7664974e-01
   5.9116000e+05   8.6034082e-01   5.6698658e-01   8.5178856e-01   5.7539427e-01
   5.9117000e+05   8.6442587e-01   5.6700404e-01   8.5697041e-01   5.7428002e-01
   5.9118000e+05   8.6864512e-01   5.6702540e-01   8.6215406e-01   5.7329426e-01
   5.9119000e+05   8.7298407e-01   5.6705146e-01   8.6733626e-01   5.7242495e-01
   5.9120000e+05   8.7742904e-01   5.6708317e-01   8.7251371e-01   5.7166075e-01
   5.9121000e+05   8.8196719e-01   5.6712163e-01   8.7768307e-01   5.7099109e-01
   5.9122000e+05   8.8658656e-01   5.6716813e-01   8.8284093e-01   5.7040609e-01
   5.9123000e+05   8.9127613e-01   5.6722420e-01   8.8798385e-01   5.6989667e-01
   5.9124000e+05   8.9602577e-01   5.6729160e-01   8.9310833e-01   5.6945443e-01
   5.9125000e+05   9.0082635e-01   5.6737238e-01   8.9821086e-01   5.6907171e-01
   5.9126000e+05   9.0566969e-01   5.6746891e-01   9.0328785e-01   5.6874152e-01
   5.9127000e+05   9.1054857e-01   5.6758390e-01   9.0833573e-01   5.6845753e-01
   5.9128000e+05   9.1545678e-01   5.6772048e-01   9.1335086e-01   5.6821403e-01
   5.9129000e+05   9.2038911e-01   5.6788221e-01   9.1832961e-01   5.6800589e-01
   5.9130000e+05   9.2534137e-01   5.6807315e-01   9.2326831e-01   5.6782851e-01
   5.9131000e+05   9.3031038e-01   5.6829788e-01   9.2816328e-01   5.6767781e-01
   5.9132000e+05   9.3529401e-01   5.6856160e-01   9.3301084e-01   5.6755016e-01
   5.9133000e+05   9.4029119e-01   5.6887011e-01   9.3780730e-01   5.6744238e-01
   5.9134000e+05   9.4530192e-01   5.6922993e-01   9.4254896e-01   5.6735163e-01
   5.9135000e+05   9.5038825e-01   5.6964830e-01   9.4723213e-01   5.6733641e-01
   5.9136000e+05   9.5558207e-01   5.7013327e-01   9.5185314e-01   5.6742426e-01
   5.9137000e+05   9.6080209e-01   5.7069369e-01   9.5640832e-01   5.6752867e-01
   5.9138000e+05   9.6605713e-01   5.7133932e-01   9.6089402e-01   5.6765239e-01
   5.9139000e+05   9.7135734e-01   5.7208079e-01   9.6530661e-01   5.6779853e-01
   5.9140000e+05   9.7671426e-01   5.7292970e-01   9.6964251e-01   5.6797064e-01
   5.9141000e+05   9.8214083e-01   5.7389857e-01   9.7389813e-01   5.6817273e-01
   5.9142000e+05   9.8765152e-01   5.7500088e-01   9.7806997e-01   5.6840927e-01
   5.9143000e+05   9.9326230e-01   5.7625107e-01   9.8215452e-01   5.6868530e-01
   5.9144000e+05   9.9899068e-01   5.7766449e-01   9.8614836e-01   5.6900642e-01
   5.9145000e+05   1.0048557e+00   5.7925737e-01   9.9004811e-01   5.6937885e-01
   5.9146000e+05   1.0108780e+00   5.8104678e-01   9.9385042e-01   5.6980944e-01
   5.9147000e+05   1.0170797e+00   5.8305049e-01   9.9755204e-01   5.7030573e-01
   5.9148000e+05   1.0234841e+00   5.8528694e-01   1.0011498e+00   5.7087598e-01
   5.9149000e+05   1.0301160e+00   5.8777504e-01   1.0046404e+00   5.7152915e-01
   5.9150000e+05   1.0370015e+00   5.9053406e-01   1.0080211e+00   5.7227496e-01
   5.9151000e+05   1.0441673e+00   5.9358345e-01   1.0112886e+00   5.7312385e-01
   5.9152000e+05   1.0516412e+00   5.9694259e-01   1.0144402e+00   5.7408703e-01
   5.9153000e+05   1.0594515e+00   6.0063058e-01   1.0174731e+00   5.7517640e-01
   5.9154000e+05   1.0676265e+00   6.0466600e-01   1.0203845e+00   5.7640457e-01
   5.9155000e+05   1.0761946e+00   6.0906657e-01   1.0231718e+00   5.7778479e-01
   5.9156000e+05   1.0851837e+00   6.1384892e-01   1.0258325e+00   5.7933086e-01
   5.9157000e+05   1.0946210e+00   6.1902817e-01   1.0283643e+00   5.8105710e-01
   5.9158000e+05   1.1045320e+00   6.2461766e-01   1.0307647e+00   5.8297822e-01
   5.9159000e+05   1.1149408e+00   6.3062855e-01   1.0330317e+00   5.8510921e-01
   5.9160000e+05   1.1258691e+00   6.3706949e-01   1.0351631e+00   5.8746516e-01
   5.9161000e+05   1.1373358e+00   6.4394623e-01   1.0371569e+00   5.9006117e-01
   5.9162000e+05   1.1493562e+00   6.5126126e-01   1.0390115e+00   5.9291210e-01
   5.9163000e+05   1.1619422e+00   6.5901350e-01   1.0407249e+00   5.9603238e-01
   5.9164000e+05   1.1751009e+00   6.6719792e-01   1.0422957e+00   5.9943583e-01
   5.9165000e+05   1.1888344e+00   6.7580528e-01   1.0437224e+00   6.0313537e-01
   5.9166000e+05   1.2031396e+00   6.8482182e-01   1.0450036e+00   6.0714277e-01
   5.9167000e+05   1.2180071e+00   6.9422909e-01   1.0461382e+00   6.1146842e-01
   5.9168000e+05   1.2334212e+00   7.0400372e-01   1.0471251e+00   6.1612098e-01
   5.9169000e+05   1.2493593e+00   7.1411734e-01   1.0479634e+00   6.2110720e-01
   5.9170000e+05   1.2657916e+00   7.2453648e-01   1.0486522e+00   6.2643152e-01
   5.9171000e+05   1.2826810e+00   7.3522262e-01   1.0491911e+00   6.3209589e-01
   5.9172000e+05   1.2999825e+00   7.4613229e-01   1.0495793e+00   6.3809942e-01
   5.9173000e+05   1.3176435e+00   7.5721718e-01   1.0498167e+00   6.4443819e-01
   5.9174000e+05   1.3356037e+00   7.6842441e-01   1.0499029e+00   6.5110495e-01
   5.9175000e+05   1.3537951e+00   7.7969687e-01   1.0498379e+00   6.5808896e-01
   5.9176000e+05   1.3721426e+00   7.9097361e-01   1.0496217e+00   6.6537581e-01
   5.9177000e+05   1.3905636e+00   8.0219032e-01   1.0492546e+00   6.7294724e-01
   5.9178000e+05   1.4089693e+00   8.1327991e-01   1.0487369e+00   6.8078110e-01
   5.9179000e+05   1.4272648e+00   8.2417309e-01   1.0480690e+00   6.8885129e-01
   5.9180000e+05   1.4453499e+00   8.3479912e-01   1.0472516e+00   6.9712774e-01
   5.9181000e+05   1.4631199e+00   8.4508649e-01   1.0462855e+00   7.0557652e-01
   5.9182000e+05   1.4804667e+00   8.5496375e-01   1.0451716e+00   7.1415996e-01
   5.9183000e+05   1.4972793e+00   8.6436029e-01   1.0439108e+00   7.2283682e-01
   5.9184000e+05   1.5134457e+00   8.7320720e-01   1.0425045e+00   7.3156259e-01
   5.9185000e+05   1.5288530e+00   8.8143807e-01   1.0409538e+00   7.4028974e-01
   5.9186000e+05   1.5433897e+00   8.8898984e-01   1.0392603e+00   7.4896819e-01
   5.9187000e+05   1.5569461e+00   8.9580360e-01   1.0374254e+00   7.5754566e-01
   5.9188000e+05   1.5694160e+00   9.0182535e-01   1.0354510e+00   7.6596821e-01
   5.9189000e+05   1.5806977e+00   9.0700672e-01   1.0333388e+00   7.7418080e-01
   5.9190000e+05   1.5906955e+00   9.1130559e-01   1.0310907e+00   7.8212780e-01
   5.9191000e+05   1.5993206e+00   9.1468668e-01   1.0287088e+00   7.8975366e-01
   5.9192000e+05   1.6064924e+00   9.1712205e-01   1.0261954e+00   7.9700354e-01
   5.9193000e+05   1.6121394e+00   9.1859146e-01   1.0235526e+00   8.0382394e-01
   5.9194000e+05   1.6162002e+00   9.1908262e-01   1.0207829e+00   8.1016335e-01
   5.9195000e+05   1.6186245e+00   9.1859146e-01   1.0178887e+00   8.1597292e-01
   5.9196000e+05   1.6193732e+00   9.1712205e-01   1.0148727e+00   8.2120706e-01
   5.9197000e+05   1.6184198e+00   9.1468668e-01   1.0117376e+00   8.2582407e-01
   5.9198000e+05   1.6157497e+00   9.1130559e-01   1.0084861e+00   8.2978663e-01
   5.9199000e+05   1.6113617e+00   9.0700672e-01   1.0051212e+00   8.3306237e-01
   5.9200000e+05   1.6052668e+00   9.0182535e-01   1.0016458e+00   8.3562426e-01
   5.9201000e+05   1.5974889e+00   8.9580360e-01   9.9806285e-01   8.3745102e-01
   5.9202000e+05   1.5880642e+00   8.8898984e-01   9.9437561e-01   8.3852739e-01
   5.9203000e+05   1.5770410e+00   8.8143807e-01   9.9058722e-01   8.3884432e-01
   5.9204000e+05   1.5644787e+00   8.7320720e-01   9.8670094e-01   8.3839917e-01
   5.9205000e+05   1.5504475e+00   8.6436029e-01   9.8272009e-01   8.3719567e-01
   5.9206000e+05   1.5350271e+00   8.5496375e-01   9.7864805e-01   8.3524391e-01
   5.9207000e+05   1.5183063e+00   8.4508649e-01   9.7448825e-01   8.3256018e-01
   5.9208000e+05   1.5003814e+00   8.3479912e-01   9.7024416e-01   8.2916677e-01
   5.9209000e+05   1.4813554e+00   8.2417309e-01   9.6591931e-01   8.2509162e-01
   5.9210000e+05   1.4613365e+00   8.1327991e-01   9.6151725e-01   8.2036798e-01
   5.9211000e+05   1.4404372e+00   8.0219032e-01   9.5704159e-01   8.1503392e-01
   5.9212000e+05   1.4187728e+00   7.9097361e-01   9.5249593e-01   8.0913186e-01
   5.9213000e+05   1.3964602e+00   7.7969687e-01   9.4788393e-01   8.0270798e-01
   5.9214000e+05   1.3736167e+00   7.6842441e-01   9.4320925e-01   7.9581161e-01
   5.9215000e+05   1.3503588e+00   7.5721718e-01   9.3847557e-01   7.8849464e-01
   5.9216000e+05   1.3268011e+00   7.4613229e-01   9.3368657e-01   7.8081084e-01
   5.9217000e+05   1.3030552e+00   7.3522262e-01   9.2884596e-01   7.7281523e-01
   5.9218000e+05   1.2792287e+00   7.2453648e-01   9.2395741e-01   7.6456341e-01
   5.9219000e+05   1.2554243e+00   7.1411734e-01   9.1902462e-01   7.5611094e-01
   5.9220000e+05   1.2317391e+00   7.0400372e-01   9.1405127e-01   7.4751273e-01
   5.9221000e+05   1.2082640e+00   6.9422909e-01   9.0904102e-01   7.3882248e-01
   5.9222000e+05   1.1850829e+00   6.8482182e-01   9.0399751e-01   7.3009212e-01
   5.9223000e+05   1.1622724e+00   6.7580528e-01   8.9892438e-01   7.2137134e-01
   5.9224000e+05   1.1399017e+00   6.6719792e-01   8.9382522e-01   7.1270717e-01
   5.9225000e+05   1.1180321e+00   6.5901350e-01   8.8870361e-01   7.0414361e-01
   5.9226000e+05   1.0967170e+00   6.5126126e-01   8.8356306e-01   6.9572130e-01
   5.9227000e+05   1.0760020e+00   6.4394623e-01   8.7840709e-01   6.8747731e-01
   5.9228000e+05   1.0559249e+00   6.3706949e-01   8.7323913e-01   6.7944492e-01
   5.9229000e+05   1.0365161e+00   6.3062855e-01   8.6806261e-01   6.7165351e-01
   5.9230000e+05   1.0177985e+00   6.2461766e-01   8.6288088e-01   6.6412855e-01
   5.9231000e+05   9.9978833e-01   6.1902817e-01   8.5769724e-01   6.5689152e-01
   5.9232000e+05   9.8249527e-01   6.1384892e-01   8.5251494e-01   6.4996001e-01
   5.9233000e+05   9.6592298e-01   6.0906657e-01   8.4733719e-01   6.4334781e-01
   5.9234000e+05   9.5006957e-01   6.0466600e-01   8.4216710e-01   6.3706507e-01
   5.9235000e+05   9.3492818e-01   6.0063058e-01   8.3700775e-01   6.3111845e-01
   5.9236000e+05   9.2048747e-01   5.9694259e-01   8.3186212e-01   6.2551135e-01
   5.9237000e+05   9.0673218e-01   5.9358345e-01   8.2673317e-01   6.2024416e-01
   5.9238000e+05   8.9364369e-01   5.9053406e-01   8.2162373e-01   6.1531449e-01
   5.9239000e+05   8.8120053e-01   5.8777504e-01   8.1653660e-01   6.1071749e-01
   5.9240000e+05   8.6937890e-01   5.8528694e-01   8.1147448e-01   6.0644608e-01
   5.9241000e+05   8.5815318e-01   5.8305049e-01   8.0644000e-01   6.0249128e-01
   5.9242000e+05   8.4749635e-01   5.8104678e-01   8.0143571e-01   5.9884245e-01
   5.9243000e+05   8.3738048e-01   5.7925737e-01   7.9646409e-01   5.9548760e-01
   5.9244000e+05   8.2777707e-01   5.7766449e-01   7.9152752e-01   5.9241365e-01
   5.9245000e+05   8.1865745e-01   5.7625107e-01   7.8662831e-01   5.8960667e-01
   5.9246000e+05   8.0999308e-01   5.7500088e-01   7.8176867e-01   5.8705213e-01
   5.9247000e+05   8.0175581e-01   5.7389857e-01   7.7695074e-01   5.8473510e-01
   5.9248000e+05   7.9391817e-01   5.7292970e-01   7.7217656e-01   5.8264051e-01
   5.9249000e+05   7.8645353e-01   5.7208079e-01   7.6744810e-01   5.8075324e-01
   5.9250000e+05   7.7933630e-01   5.7133932e-01   7.6276723e-01   5.7905835e-01
   5.9251000e+05   7.7254202e-01   5.7069369e-01   7.5813574e-01   5.7754119e-01
   5.9252000e+05   7.6604752e-01   5.7013327e-01   7.5355532e-01   5.7618753e-01
   5.9253000e+05   7.5983092e-01   5.6964830e-01   7.4902758e-01   5.7498363e-01
   5.9254000e+05   7.5387176e-01   5.6922993e-01   7.4455405e-01   5.7391637e-01
   5.9255000e+05   7.4815093e-01   5.6887011e-01   7.4013617e-01   5.7297325e-01
   5.9256000e+05   7.4265075e-01   5.6856160e-01   7.3577527e-01   5.7214247e-01
   5.9257000e+05   7.3735489e-01   5.6829788e-01   7.3147263e-01   5.7141297e-01
   5.9258000e+05   7.3224839e-01   5.6807315e-01   7.2722941e-01   5.7077442e-01
   5.9259000e+05   7.2731756e-01   5.6788221e-01   7.2304671e-01   5.7021723e-01
   5.9260000e+05   7.2254997e-01   5.6772048e-01   7.1892553e-01   5.6973256e-01
   5.9261000e+05   7.1793437e-01   5.6758390e-01   7.1486680e-01   5.6931227e-01
   5.9262000e+05   7.1346061e-01   5.6746891e-01   7.1087135e-01   5.6894894e-01
   5.9263000e+05   7.0911957e-01   5.6737238e-01   7.0693995e-01   5.6863583e-01
   5.9264000e+05   7.0490311e-01   5.6729160e-01   7.0307327e-01   5.6836682e-01
   5.9265000e+05   7.0080395e-01   5.6722420e-01   6.9927192e-01   5.6813642e-01
   5.9266000e+05   6.9681564e-01   5.6716813e-01   6.9553641e-01   5.6793968e-01
   5.9267000e+05   6.9293245e-01   5.6712163e-01   6.9186720e-01   5.6777221e-01
   5.9268000e+05   6.8914931e-01   5.6708317e-01   6.8826466e-01   5.6763008e-01
   5.9269000e+05   6.8546178e-01   5.6705146e-01   6.8472909e-01   5.6750982e-01
   5.9270000e+05   6.8186590e-01   5.6702540e-01   6.8126071e-01   5.6740838e-01
   5.9271000e+05   6.7835821e-01   5.6700404e-01   6.7785970e-01   5.6732307e-01
   5.9272000e+05   6.7504995e-01   5.6698658e-01   6.7452614e-01   5.6736583e-01
   5.9273000e+05   6.7186309e-01   5.6697236e-01   6.7126007e-01   5.6745926e-01
   5.9274000e+05   6.6876384e-01   5.6696080e-01   6.6806145e-01   5.6757018e-01
   5.9275000e+05   6.6575450e-01   5.6695144e-01   6.6493018e-01   5.6770147e-01
   5.9276000e+05   6.6283780e-01   5.6694388e-01   6.6186612e-01   5.6785640e-01
   5.9277000e+05   6.6001690e-01   5.6693780e-01   6.5886904e-01   5.6803866e-01
   5.9278000e+05   6.5729542e-01   5.6693291e-01   6.5593868e-01   5.6825242e-01
   5.9279000e+05   6.5467749e-01   5.6692900e-01   6.5307472e-01   5.6850236e-01
   5.9280000e+05   6.5216779e-01   5.6692588e-01   6.5027679e-01   5.6879371e-01
   5.9281000e+05   6.4977155e-01   5.6692339e-01   6.4754447e-01   5.6913228e-01
   5.9282000e+05   6.4749463e-01   5.6692142e-01   6.4487728e-01   5.6952452e-01
   5.9283000e+05   6.4534351e-01   5.6691986e-01   6.4227473e-01   5.6997751e-01
   5.9284000e+05   6.4332534e-01   5.6691863e-01   6.3973625e-01   5.7049905e-01
   5.9285000e+05   6.4144795e-01   5.6691767e-01   6.3726124e-01   5.7109764e-01
   5.9286000e+05   6.3971990e-01   5.6691691e-01   6.3484908e-01   5.7178251e-01
   5.9287000e+05   6.3815045e-01   5.6691631e-01   6.3249909e-01   5.7256364e-01
   5.9288000e+05   6.3674957e-01   5.6691585e-01   6.3021057e-01   5.7345175e-01
   5.9289000e+05   6.3552795e-01   5.6691549e-01   6.2798278e-01   5.7445828e-01
   5.9290000e+05   6.3449696e-01   5.6691521e-01   6.2581495e-01   5.7559540e-01
   5.9291000e+05   6.3366863e-01   5.6691499e-01   6.2370629e-01   5.7687594e-01
   5.9292000e+05   6.3305558e-01   5.6691483e-01   6.2165598e-01   5.7831336e-01
   5.9293000e+05   6.3267094e-01   5.6691470e-01   6.1966317e-01   5.7992167e-01
   5.9294000e+05   6.3252832e-01   5.6691460e-01   6.1772699e-01   5.8171532e-01
   5.9295000e+05   6.3264164e-01   5.6691453e-01   6.1584656e-01   5.8370914e-01
   5.9296000e+05   6.3302502e-01   5.6691447e-01   6.1402096e-01   5.8591818e-01
   5.9297000e+05   6.3369266e-01   5.6691443e-01   6.1224928e-01   5.8835755e-01
   5.9298000e+05   6.3465864e-01   5.6691440e-01   6.1053057e-01   5.9104227e-01
   5.9299000e+05   6.3593676e-01   5.6691437e-01   6.0886388e-01   5.9398710e-01
   5.9300000e+05   6.3754027e-01   5.6691435e-01   6.0724825e-01   5.9720627e-01
   5.9301000e+05   6.3948174e-01   5.6691434e-01   6.0568270e-01   6.0071329e-01
   5.9302000e+05   6.4462360e-01   5.6691433e-01   6.0701713e-01   6.0452073e-01
   5.9303000e+05   6.5035102e-01   5.6691432e-01   6.0862541e-01   6.0863988e-01
   5.9304000e+05   6.5645089e-01   5.6691431e-01   6.1028460e-01   6.1308057e-01
   5.9305000e+05   6.6293219e-01   5.6691431e-01   6.1199567e-01   6.1785080e-01
   5.9306000e+05   6.6980183e-01   5.6691431e-01   6.1375958e-01   6.2295653e-01
   5.9307000e+05   6.7706434e-01   5.6691430e-01   6.1557727e-01   6.2840137e-01
   5.9308000e+05   6.8472163e-01   5.6691430e-01   6.1744966e-01   6.3418627e-01
   5.9309000e+05   6.9277267e-01   5.6691430e-01   6.1937766e-01   6.4030930e-01
   5.9310000e+05   7.0121326e-01   5.6691430e-01   6.2136217e-01   6.4676539e-01
   5.9311000e+05   7.1003583e-01   5.6691430e-01   6.2340405e-01   6.5354607e-01
   5.9312000e+05   7.1922919e-01   5.6691430e-01   6.2550416e-01   6.6063932e-01
   5.9313000e+05   7.2877841e-01   5.6691430e-01   6.2766332e-01   6.6802938e-01
   5.9314000e+05   7.3866465e-01   5.6691430e-01   6.2988233e-01   6.7569662e-01
   5.9315000e+05   7.4886515e-01   5.6691430e-01   6.3216196e-01   6.8361749e-01
   5.9316000e+05   7.5935311e-01   5.6691430e-01   6.3450295e-01   6.9176446e-01
   5.9317000e+05   7.7009782e-01   5.6691430e-01   6.3690602e-01   7.0010610e-01
   5.9318000e+05   7.8106467e-01   5.6691430e-01   6.3937183e-01   7.0860714e-01
   5.9319000e+05   7.9221533e-01   5.6691430e-01   6.4190103e-01   7.1722861e-01
   5.9320000e+05   8.0350799e-01   5.6691430e-01   6.4449421e-01   7.2592807e-01
   5.9321000e+05   8.1489756e-01   5.6691430e-01   6.4715195e-01   7.3465990e-01
   5.9322000e+05   8.2633610e-01   5.6691430e-01   6.4987476e-01   7.4337564e-01
   5.9323000e+05   8.3777316e-01   5.6691430e-01   6.5266310e-01   7.5202435e-01
   5.9324000e+05   8.4915625e-01   5.6691430e-01   6.5551742e-01   7.6055313e-01
   5.9325000e+05   8.6043135e-01   5.6691430e-01   6.5843809e-01   7.6890756e-01
   5.9326000e+05   8.7154347e-01   5.6691430e-01   6.6142543e-01   7.7703234e-01
   5.9327000e+05   8.8243721e-01   5.6691430e-01   6.6447972e-01   7.8487179e-01
   5.9328000e+05   8.9305743e-01   5.6691430e-01   6.6760119e-01   7.9237054e-01
   5.9329000e+05   9.0334984e-01   5.6691430e-01   6.7079000e-01   7.9947414e-01
   5.9330000e+05   9.1326167e-01   5.6691430e-01   6.7404624e-01   8.0612973e-01
   5.9331000e+05   9.2274235e-01   5.6691430e-01   6.7736997e-01   8.1228667e-01
   5.9332000e+05   9.3174407e-01   5.6691430e-01   6.8076116e-01   8.1789721e-01
   5.9333000e+05   9.4022249e-01   5.6691430e-01   6.8421973e-01   8.2291705e-01
   5.9334000e+05   9.4813723e-01   5.6691430e-01   6.8774553e-01   8.2730600e-01
   5.9335000e+05   9.5545246e-01   5.6691430e-01   6.9133834e-01   8.3102843e-01
   5.9336000e+05   9.6213738e-01   5.6691430e-01   6.9499786e-01   8.3405382e-01
   5.9337000e+05   9.6816658e-01   5.6691430e-01   6.9872374e-01   8.3635714e-01
   5.9338000e+05   9.7352044e-01   5.6691430e-01   7.0251553e-01   8.3791921e-01
   5.9339000e+05   9.7818539e-01   5.6691430e-01   7.0637273e-01   8.3872696e-01
   5.9340000e+05   9.8215405e-01   5.6691430e-01   7.1029474e-01   8.3877361e-01
   5.9341000e+05   9.8542537e-01   5.6691430e-01   7.1428091e-01   8.3805876e-01
   5.9342000e+05   9.8800460e-01   5.6691430e-01   7.1833047e-01   8.3658843e-01
   5.9343000e+05   9.8990322e-01   5.6691430e-01   7.2244261e-01   8.3437491e-01
   5.9344000e+05   9.9113876e-01   5.6691430e-01   7.2661641e-01   8.3143665e-01
   5.9345000e+05   9.9173457e-01   5.6691430e-01   7.3085088e-01   8.2779799e-01
   5.9346000e+05   9.9171944e-01   5.6691430e-01   7.3514494e-01   8.2348880e-01
   5.9347000e+05   9.9112722e-01   5.6691430e-01   7.3949743e-01   8.1854409e-01
   5.9348000e+05   9.8999634e-01   5.6691430e-01   7.4390709e-01   8.1300354e-01
   5.9349000e+05   9.8836927e-01   5.6691430e-01   7.4837260e-01   8.0691097e-01
   5.9350000e+05   9.8629197e-01   5.6691430e-01   7.5289254e-01   8.0031373e-01
   5.9351000e+05   9.8381324e-01   5.6691430e-01   7.5746538e-01   7.9326215e-01
   5.9352000e+05   9.8098410e-01   5.6691430e-01   7.6208954e-01   7.8580886e-01
   5.9353000e+05   9.7785718e-01   5.6691430e-01   7.6676333e-01   7.7800815e-01
   5.9354000e+05   9.7448597e-01   5.6691430e-01   7.7148497e-01   7.6991530e-01
   5.9355000e+05   9.7092430e-01   5.6691430e-01   7.7625261e-01   7.6158599e-01
   5.9356000e+05   9.6722560e-01   5.6691430e-01   7.8106429e-01   7.5307560e-01
   5.9357000e+05   9.6344238e-01   5.6691430e-01   7.8591799e-01   7.4443869e-01
   5.9358000e+05   9.5962565e-01   5.6691430e-01   7.9081157e-01   7.3572838e-01
   5.9359000e+05   9.5582440e-01   5.6691430e-01   7.9574284e-01   7.2699586e-01
   5.9360000e+05   9.5208513e-01   5.6691430e-01   8.0070951e-01   7.1828992e-01
   5.9361000e+05   9.4845145e-01   5.6691430e-01   8.0570918e-01   7.0965656e-01
   5.9362000e+05   9.4496375e-01   5.6691430e-01   8.1073942e-01   7.0113863e-01
   5.9363000e+05   9.4165889e-01   5.6691430e-01   8.1579768e-01   6.9277551e-01
   5.9364000e+05   9.3856998e-01   5.6691430e-01   8.2088133e-01   6.8460294e-01
   5.9365000e+05   9.3572625e-01   5.6691430e-01   8.2598769e-01   6.7665285e-01
   5.9366000e+05   9.3315292e-01   5.6691430e-01   8.3111399e-01   6.6895323e-01
   5.9367000e+05   9.3087118e-01   5.6691430e-01   8.3625736e-01   6.6152812e-01
   5.9368000e+05   9.2889822e-01   5.6691430e-01   8.4141490e-01   6.5439762e-01
   5.9369000e+05   9.2724728e-01   5.6691430e-01   8.4658361e-01   6.4757796e-01
   5.9370000e+05   9.2592778e-01   5.6691430e-01   8.5176044e-01   6.4108163e-01
   5.9371000e+05   9.2494547e-01   5.6691430e-01   8.5694227e-01   6.3491750e-01
   5.9372000e+05   9.2430267e-01   5.6691430e-01   8.6212592e-01   6.2909105e-01
   5.9373000e+05   9.2399844e-01   5.6691430e-01   8.6730813e-01   6.2360460e-01
   5.9374000e+05   9.2402884e-01   5.6691430e-01   8.7248562e-01   6.1845751e-01
   5.9375000e+05   9.2438724e-01   5.6691430e-01   8.7765504e-01   6.1364650e-01
   5.9376000e+05   9.2506455e-01   5.6691430e-01   8.8281297e-01   6.0916588e-01
   5.9377000e+05   9.2604955e-01   5.6691430e-01   8.8795598e-01   6.0500787e-01
   5.9378000e+05   9.2732914e-01   5.6691430e-01   8.9308057e-01   6.0116287e-01
   5.9379000e+05   9.2888865e-01   5.6691430e-01   8.9818322e-01   5.9761973e-01
   5.9380000e+05   9.3071211e-01   5.6691430e-01   9.0326037e-01   5.9436604e-01
   5.9381000e+05   9.3278251e-01   5.6691430e-01   9.0830841e-01   5.9138839e-01
   5.9382000e+05   9.3508206e-01   5.6691430e-01   9.1332373e-01   5.8867262e-01
   5.9383000e+05   9.3759242e-01   5.6691430e-01   9.1830269e-01   5.8620403e-01
   5.9384000e+05   9.4029494e-01   5.6691430e-01   9.2324161e-01   5.8396762e-01
   5.9385000e+05   9.4317081e-01   5.6691430e-01   9.2813683e-01   5.8194827e-01
   5.9386000e+05   9.4620129e-01   5.6691430e-01   9.3298466e-01   5.8013092e-01
   5.9387000e+05   9.4936783e-01   5.6691430e-01   9.3778141e-01   5.7850072e-01
   5.9388000e+05   9.5265222e-01   5.6691430e-01   9.4252337e-01   5.7704315e-01
   5.9389000e+05   9.5603672e-01   5.6691430e-01   9.4720688e-01   5.7574414e-01
   5.9390000e+05   9.5950410e-01   5.6691430e-01   9.5182823e-01   5.7459017e-01
   5.9391000e+05   9.6303781e-01   5.6691430e-01   9.5638378e-01   5.7356832e-01
   5.9392000e+05   9.6662192e-01   5.6691430e-01   9.6086986e-01   5.7266636e-01
   5.9393000e+05   9.7024130e-01   5.6691430e-01   9.6528286e-01   5.7187273e-01
   5.9394000e+05   9.7388151e-01   5.6691430e-01   9.6961918e-01   5.7117663e-01
   5.9395000e+05   9.7752895e-01   5.6691430e-01   9.7387526e-01   5.7056799e-01
   5.9396000e+05   9.8117075e-01   5.6691430e-01   9.7804755e-01   5.7003749e-01
   5.9397000e+05   9.8479483e-01   5.6691430e-01   9.8213259e-01   5.6957654e-01
   5.9398000e+05   9.8838990e-01   5.6691430e-01   9.8612694e-01   5.6917727e-01
   5.9399000e+05   9.9194539e-01   5.6691430e-01   9.9002720e-01   5.6883249e-01
   5.9400000e+05   9.9545143e-01   5.6691430e-01   9.9383005e-01   5.6853568e-01
