   5.8552301e+05   7.4418605e-01
   5.8567795e+05   8.5871185e-01
   5.8582797e+05   1.0037077e+00
   5.8598169e+05   1.1118561e+00
   5.8613418e+05   1.1804703e+00
   5.8628474e+05   1.3747330e+00
   5.8641530e+05   1.4054656e+00
   5.8656837e+05   1.3681743e+00
   5.8672192e+05   1.2136688e+00
   5.8687404e+05   1.4010783e+00
   5.8703016e+05   9.8525565e-01
   5.8718473e+05   9.8711811e-01
   5.8736789e+05   1.0164110e+00
   5.8752143e+05   1.1657947e+00
   5.8767337e+05   1.1783962e+00
   5.8782685e+05   9.4407578e-01
   5.8798033e+05   8.1157830e-01
   5.8813478e+05   7.5548444e-01
   5.8828845e+05   7.6663071e-01
   5.8848505e+05   9.0791227e-01
   5.8863722e+05   1.2528942e+00
   5.8879426e+05   1.4276292e+00
   5.8894407e+05   1.5755450e+00
   5.8909687e+05   1.6064309e+00
   5.8924998e+05   1.5429860e+00
   5.8940265e+05   1.3620545e+00
   5.8950367e+05   1.0285971e+00
   5.8965874e+05   8.0954158e-01
   5.8981284e+05   8.0112863e-01
   5.8996768e+05   9.9735601e-01
   5.9012278e+05   1.0314691e+00
   5.9027452e+05   1.0022460e+00
   5.9039383e+05   1.2344978e+00
   5.9054703e+05   1.1305810e+00
   5.9069909e+05   1.0494798e+00
   5.9085179e+05   8.0727647e-01
   5.9100668e+05   8.1017843e-01
   5.9116223e+05   1.0374079e+00
   5.9131419e+05   1.2892529e+00
   5.9146781e+05   1.3826191e+00
   5.9162261e+05   1.5910013e+00
   5.9177408e+05   1.7553067e+00
   5.9192584e+05   2.7885524e+00
   5.9207909e+05   1.5935163e+00
   5.9223224e+05   8.8687627e-01
   5.9238563e+05   7.4786485e-01
   5.9260242e+05   7.3904313e-01
   5.9275914e+05   7.2865372e-01
   5.9291079e+05   7.8308474e-01
   5.9306592e+05   9.1731253e-01
   5.9321914e+05   1.0741000e+00
   5.9337013e+05   1.1014829e+00
