   5.8552319e+05   8.8023132e-01
   5.8567898e+05   9.5747013e-01
   5.8583123e+05   1.0095422e+00
   5.8598492e+05   1.2793106e+00
   5.8613620e+05   1.5031740e+00
   5.8628446e+05   1.4854338e+00
   5.8641721e+05   1.3221340e+00
   5.8657123e+05   1.4270811e+00
   5.8672364e+05   1.6793626e+00
   5.8687857e+05   1.1176131e+00
   5.8703146e+05   1.0494908e+00
   5.8718684e+05   1.0945254e+00
   5.8736944e+05   1.1801513e+00
   5.8752331e+05   1.2850514e+00
   5.8767515e+05   1.3194214e+00
   5.8782843e+05   1.1985435e+00
   5.8798226e+05   1.0027666e+00
   5.8813643e+05   8.4298907e-01
   5.8829067e+05   8.3751463e-01
   5.8848871e+05   8.8413030e-01
   5.8864186e+05   1.0642091e+00
   5.8881800e+05   1.4511366e+00
   5.8894461e+05   1.6709219e+00
   5.8909833e+05   1.8058462e+00
   5.8925131e+05   1.5939837e+00
   5.8940523e+05   1.4980847e+00
   5.8950646e+05   1.2002943e+00
   5.8966151e+05   1.0029074e+00
   5.8981672e+05   9.7028879e-01
   5.8997244e+05   1.1277301e+00
   5.9012354e+05   1.1520777e+00
   5.9027793e+05   1.1270031e+00
   5.9039767e+05   1.2044492e+00
   5.9054966e+05   1.1539442e+00
   5.9070344e+05   1.0278982e+00
   5.9085686e+05   9.3352029e-01
   5.9101203e+05   9.2105457e-01
   5.9116550e+05   9.6225830e-01
   5.9131713e+05   1.3808779e+00
   5.9147032e+05   1.4834704e+00
   5.9162422e+05   1.8478414e+00
   5.9177744e+05   1.9988686e+00
   5.9192863e+05   2.6802466e+00
   5.9208144e+05   1.8530289e+00
   5.9224131e+05   8.9439518e-01
   5.9239078e+05   8.6484317e-01
   5.9260540e+05   7.8621173e-01
   5.9276188e+05   7.1902925e-01
   5.9291780e+05   9.9931846e-01
   5.9306893e+05   9.6324173e-01
   5.9322060e+05   1.1851922e+00
   5.9337290e+05   1.2249423e+00
