   5.8500000e+05   1.1150412e+00   1.0020356e+00   1.0241677e+00   1.0929090e+00
   5.8501000e+05   1.1063310e+00   1.0020356e+00   1.0223427e+00   1.0860239e+00
   5.8502000e+05   1.0981236e+00   1.0020356e+00   1.0206478e+00   1.0795113e+00
   5.8503000e+05   1.0904067e+00   1.0020356e+00   1.0190758e+00   1.0733664e+00
   5.8504000e+05   1.0831667e+00   1.0020356e+00   1.0176196e+00   1.0675827e+00
   5.8505000e+05   1.0763889e+00   1.0020356e+00   1.0162722e+00   1.0621522e+00
   5.8506000e+05   1.0700574e+00   1.0020356e+00   1.0150272e+00   1.0570658e+00
   5.8507000e+05   1.0641554e+00   1.0020356e+00   1.0138781e+00   1.0523129e+00
   5.8508000e+05   1.0586655e+00   1.0020356e+00   1.0128189e+00   1.0478822e+00
   5.8509000e+05   1.0535698e+00   1.0020356e+00   1.0118437e+00   1.0437617e+00
   5.8510000e+05   1.0488499e+00   1.0020356e+00   1.0109469e+00   1.0399386e+00
   5.8511000e+05   1.0444873e+00   1.0020356e+00   1.0101233e+00   1.0363996e+00
   5.8512000e+05   1.0404635e+00   1.0020356e+00   1.0093679e+00   1.0331312e+00
   5.8513000e+05   1.0367597e+00   1.0020356e+00   1.0086757e+00   1.0301196e+00
   5.8514000e+05   1.0333577e+00   1.0020356e+00   1.0080423e+00   1.0273509e+00
   5.8515000e+05   1.0302392e+00   1.0020356e+00   1.0074634e+00   1.0248114e+00
   5.8516000e+05   1.0273866e+00   1.0020356e+00   1.0069350e+00   1.0224872e+00
   5.8517000e+05   1.0247825e+00   1.0020356e+00   1.0064532e+00   1.0203649e+00
   5.8518000e+05   1.0224101e+00   1.0020356e+00   1.0060144e+00   1.0184313e+00
   5.8519000e+05   1.0202532e+00   1.0020356e+00   1.0056153e+00   1.0166735e+00
   5.8520000e+05   1.0182962e+00   1.0020356e+00   1.0052527e+00   1.0150791e+00
   5.8521000e+05   1.0165241e+00   1.0020356e+00   1.0049237e+00   1.0136360e+00
   5.8522000e+05   1.0149226e+00   1.0020356e+00   1.0046255e+00   1.0123327e+00
   5.8523000e+05   1.0134783e+00   1.0020356e+00   1.0043555e+00   1.0111583e+00
   5.8524000e+05   1.0121782e+00   1.0020356e+00   1.0041115e+00   1.0101023e+00
   5.8525000e+05   1.0110103e+00   1.0020356e+00   1.0038910e+00   1.0091549e+00
   5.8526000e+05   1.0099632e+00   1.0020356e+00   1.0036922e+00   1.0083066e+00
   5.8527000e+05   1.0090263e+00   1.0020356e+00   1.0035131e+00   1.0075488e+00
   5.8528000e+05   1.0081896e+00   1.0020356e+00   1.0033519e+00   1.0068733e+00
   5.8529000e+05   1.0074438e+00   1.0020356e+00   1.0032070e+00   1.0062724e+00
   5.8530000e+05   1.0067803e+00   1.0020356e+00   1.0030769e+00   1.0057390e+00
   5.8531000e+05   1.0061912e+00   1.0020356e+00   1.0029603e+00   1.0052665e+00
   5.8532000e+05   1.0056691e+00   1.0020356e+00   1.0028558e+00   1.0048489e+00
   5.8533000e+05   1.0059431e+00   1.0020356e+00   1.0027623e+00   1.0052163e+00
   5.8534000e+05   1.0063255e+00   1.0020356e+00   1.0026788e+00   1.0056823e+00
   5.8535000e+05   1.0067771e+00   1.0020356e+00   1.0026043e+00   1.0062084e+00
   5.8536000e+05   1.0073036e+00   1.0020356e+00   1.0025378e+00   1.0068013e+00
   5.8537000e+05   1.0079111e+00   1.0020356e+00   1.0024787e+00   1.0074680e+00
   5.8538000e+05   1.0086065e+00   1.0020356e+00   1.0024260e+00   1.0082160e+00
   5.8539000e+05   1.0093973e+00   1.0020356e+00   1.0023793e+00   1.0090536e+00
   5.8540000e+05   1.0102915e+00   1.0020356e+00   1.0023378e+00   1.0099893e+00
   5.8541000e+05   1.0112979e+00   1.0020356e+00   1.0023010e+00   1.0110324e+00
   5.8542000e+05   1.0124258e+00   1.0020356e+00   1.0022685e+00   1.0121929e+00
   5.8543000e+05   1.0136850e+00   1.0020356e+00   1.0022397e+00   1.0134809e+00
   5.8544000e+05   1.0150863e+00   1.0020356e+00   1.0022143e+00   1.0149076e+00
   5.8545000e+05   1.0166405e+00   1.0020356e+00   1.0021919e+00   1.0164842e+00
   5.8546000e+05   1.0183593e+00   1.0020356e+00   1.0021721e+00   1.0182228e+00
   5.8547000e+05   1.0202585e+00   1.0020356e+00   1.0021584e+00   1.0201358e+00
   5.8548000e+05   1.0223766e+00   1.0020356e+00   1.0021762e+00   1.0222359e+00
   5.8549000e+05   1.0246974e+00   1.0020356e+00   1.0021966e+00   1.0245364e+00
   5.8550000e+05   1.0272349e+00   1.0020356e+00   1.0022196e+00   1.0270508e+00
   5.8551000e+05   1.0300029e+00   1.0020356e+00   1.0022458e+00   1.0297927e+00
   5.8552000e+05   1.0330157e+00   1.0020356e+00   1.0022753e+00   1.0327760e+00
   5.8553000e+05   1.0362877e+00   1.0020356e+00   1.0023088e+00   1.0360145e+00
   5.8554000e+05   1.0398330e+00   1.0020356e+00   1.0023465e+00   1.0395220e+00
   5.8555000e+05   1.0436657e+00   1.0020356e+00   1.0023891e+00   1.0433122e+00
   5.8556000e+05   1.0477997e+00   1.0020356e+00   1.0024371e+00   1.0473982e+00
   5.8557000e+05   1.0522485e+00   1.0020356e+00   1.0024911e+00   1.0517930e+00
   5.8558000e+05   1.0570249e+00   1.0020356e+00   1.0025518e+00   1.0565086e+00
   5.8559000e+05   1.0621410e+00   1.0020356e+00   1.0026200e+00   1.0615566e+00
   5.8560000e+05   1.0676083e+00   1.0020356e+00   1.0026964e+00   1.0669475e+00
   5.8561000e+05   1.0734370e+00   1.0020356e+00   1.0027821e+00   1.0726906e+00
   5.8562000e+05   1.0796363e+00   1.0020356e+00   1.0028779e+00   1.0787940e+00
   5.8563000e+05   1.0862139e+00   1.0020356e+00   1.0029849e+00   1.0852645e+00
   5.8564000e+05   1.0931759e+00   1.0020356e+00   1.0031044e+00   1.0921071e+00
   5.8565000e+05   1.1005270e+00   1.0020356e+00   1.0032376e+00   1.0993250e+00
   5.8566000e+05   1.1082697e+00   1.0020356e+00   1.0033860e+00   1.1069193e+00
   5.8567000e+05   1.1164047e+00   1.0020356e+00   1.0035510e+00   1.1148893e+00
   5.8568000e+05   1.1249303e+00   1.0020356e+00   1.0037343e+00   1.1232316e+00
   5.8569000e+05   1.1338427e+00   1.0020356e+00   1.0039377e+00   1.1319405e+00
   5.8570000e+05   1.1431353e+00   1.0020356e+00   1.0041632e+00   1.1410077e+00
   5.8571000e+05   1.1527994e+00   1.0020356e+00   1.0044128e+00   1.1504222e+00
   5.8572000e+05   1.1628232e+00   1.0020356e+00   1.0046887e+00   1.1601700e+00
   5.8573000e+05   1.1731924e+00   1.0020356e+00   1.0049935e+00   1.1702345e+00
   5.8574000e+05   1.1838899e+00   1.0020356e+00   1.0053297e+00   1.1805958e+00
   5.8575000e+05   1.1948957e+00   1.0020356e+00   1.0057001e+00   1.1912312e+00
   5.8576000e+05   1.2061870e+00   1.0020356e+00   1.0061077e+00   1.2021149e+00
   5.8577000e+05   1.2177383e+00   1.0020356e+00   1.0065556e+00   1.2132182e+00
   5.8578000e+05   1.2295213e+00   1.0020356e+00   1.0070474e+00   1.2245095e+00
   5.8579000e+05   1.2415053e+00   1.0020356e+00   1.0075867e+00   1.2359542e+00
   5.8580000e+05   1.2536567e+00   1.0020356e+00   1.0081772e+00   1.2475151e+00
   5.8581000e+05   1.2659401e+00   1.0020356e+00   1.0088232e+00   1.2591525e+00
   5.8582000e+05   1.2783175e+00   1.0020356e+00   1.0095289e+00   1.2708242e+00
   5.8583000e+05   1.2907493e+00   1.0020356e+00   1.0102990e+00   1.2824859e+00
   5.8584000e+05   1.3031940e+00   1.0020356e+00   1.0111383e+00   1.2940913e+00
   5.8585000e+05   1.3156090e+00   1.0020356e+00   1.0120519e+00   1.3055928e+00
   5.8586000e+05   1.3279505e+00   1.0020356e+00   1.0130451e+00   1.3169410e+00
   5.8587000e+05   1.3401739e+00   1.0020356e+00   1.0141237e+00   1.3280858e+00
   5.8588000e+05   1.3522343e+00   1.0020356e+00   1.0152934e+00   1.3389765e+00
   5.8589000e+05   1.3640869e+00   1.0020356e+00   1.0165605e+00   1.3495620e+00
   5.8590000e+05   1.3756871e+00   1.0020356e+00   1.0179313e+00   1.3597914e+00
   5.8591000e+05   1.3869913e+00   1.0020356e+00   1.0194124e+00   1.3696144e+00
   5.8592000e+05   1.3979569e+00   1.0020356e+00   1.0210109e+00   1.3789815e+00
   5.8593000e+05   1.4085430e+00   1.0020356e+00   1.0227339e+00   1.3878447e+00
   5.8594000e+05   1.4187108e+00   1.0020356e+00   1.0245886e+00   1.3961577e+00
   5.8595000e+05   1.4284235e+00   1.0020356e+00   1.0265828e+00   1.4038763e+00
   5.8596000e+05   1.4376474e+00   1.0020356e+00   1.0287241e+00   1.4109589e+00
   5.8597000e+05   1.4463519e+00   1.0020356e+00   1.0310206e+00   1.4173669e+00
   5.8598000e+05   1.4545096e+00   1.0020356e+00   1.0334803e+00   1.4230649e+00
   5.8599000e+05   1.4620971e+00   1.0020356e+00   1.0361116e+00   1.4280211e+00
   5.8600000e+05   1.4690948e+00   1.0020356e+00   1.0389228e+00   1.4322076e+00
   5.8601000e+05   1.4754874e+00   1.0020356e+00   1.0419223e+00   1.4356007e+00
   5.8602000e+05   1.4812641e+00   1.0020356e+00   1.0451187e+00   1.4381810e+00
   5.8603000e+05   1.4864187e+00   1.0020356e+00   1.0485205e+00   1.4399338e+00
   5.8604000e+05   1.4909495e+00   1.0020356e+00   1.0521362e+00   1.4408489e+00
   5.8605000e+05   1.4948598e+00   1.0020356e+00   1.0559742e+00   1.4409212e+00
   5.8606000e+05   1.4981574e+00   1.0020356e+00   1.0600429e+00   1.4401501e+00
   5.8607000e+05   1.5008551e+00   1.0020356e+00   1.0643504e+00   1.4385402e+00
   5.8608000e+05   1.5029700e+00   1.0020356e+00   1.0689048e+00   1.4361007e+00
   5.8609000e+05   1.5045238e+00   1.0020356e+00   1.0737138e+00   1.4328456e+00
   5.8610000e+05   1.5055427e+00   1.0020356e+00   1.0787848e+00   1.4287934e+00
   5.8611000e+05   1.5060566e+00   1.0020356e+00   1.0841250e+00   1.4239672e+00
   5.8612000e+05   1.5060995e+00   1.0020356e+00   1.0897410e+00   1.4183941e+00
   5.8613000e+05   1.5057086e+00   1.0020356e+00   1.0956389e+00   1.4121053e+00
   5.8614000e+05   1.5049245e+00   1.0020356e+00   1.1018245e+00   1.4051355e+00
   5.8615000e+05   1.5037903e+00   1.0020356e+00   1.1083029e+00   1.3975230e+00
   5.8616000e+05   1.5023515e+00   1.0020356e+00   1.1150783e+00   1.3893088e+00
   5.8617000e+05   1.5006556e+00   1.0020356e+00   1.1221546e+00   1.3805366e+00
   5.8618000e+05   1.4987514e+00   1.0020356e+00   1.1295346e+00   1.3712524e+00
   5.8619000e+05   1.4966889e+00   1.0020356e+00   1.1372205e+00   1.3615040e+00
   5.8620000e+05   1.4945183e+00   1.0020356e+00   1.1452133e+00   1.3513406e+00
   5.8621000e+05   1.4922901e+00   1.0020356e+00   1.1535133e+00   1.3408125e+00
   5.8622000e+05   1.4900544e+00   1.0020356e+00   1.1621196e+00   1.3299704e+00
   5.8623000e+05   1.4878602e+00   1.0020356e+00   1.1710303e+00   1.3188655e+00
   5.8624000e+05   1.4857554e+00   1.0020356e+00   1.1802425e+00   1.3075485e+00
   5.8625000e+05   1.4837861e+00   1.0020356e+00   1.1897518e+00   1.2960698e+00
   5.8626000e+05   1.4819961e+00   1.0020356e+00   1.1995529e+00   1.2844788e+00
   5.8627000e+05   1.4804268e+00   1.0020356e+00   1.2096390e+00   1.2728234e+00
   5.8628000e+05   1.4791168e+00   1.0020356e+00   1.2200022e+00   1.2611502e+00
   5.8629000e+05   1.4781013e+00   1.0020356e+00   1.2306330e+00   1.2495039e+00
   5.8630000e+05   1.4774122e+00   1.0020356e+00   1.2415209e+00   1.2379270e+00
   5.8631000e+05   1.4770776e+00   1.0020356e+00   1.2526536e+00   1.2264596e+00
   5.8632000e+05   1.4771218e+00   1.0020356e+00   1.2640178e+00   1.2151396e+00
   5.8633000e+05   1.4775647e+00   1.0020356e+00   1.2755985e+00   1.2040017e+00
   5.8634000e+05   1.4784223e+00   1.0020356e+00   1.2873796e+00   1.1930783e+00
   5.8635000e+05   1.4797063e+00   1.0020356e+00   1.2993434e+00   1.1823985e+00
   5.8636000e+05   1.4814239e+00   1.0020356e+00   1.3114710e+00   1.1719885e+00
   5.8637000e+05   1.4835781e+00   1.0020356e+00   1.3237419e+00   1.1618718e+00
   5.8638000e+05   1.4861674e+00   1.0020356e+00   1.3361346e+00   1.1520684e+00
   5.8639000e+05   1.4891864e+00   1.0020356e+00   1.3486263e+00   1.1425958e+00
   5.8640000e+05   1.4926254e+00   1.0020356e+00   1.3611928e+00   1.1334682e+00
   5.8641000e+05   1.4964706e+00   1.0020356e+00   1.3738089e+00   1.1246973e+00
   5.8642000e+05   1.5007046e+00   1.0020356e+00   1.3864485e+00   1.1162917e+00
   5.8643000e+05   1.5053063e+00   1.0020356e+00   1.3990842e+00   1.1082577e+00
   5.8644000e+05   1.5102513e+00   1.0020356e+00   1.4116880e+00   1.1005989e+00
   5.8645000e+05   1.5155117e+00   1.0020356e+00   1.4242308e+00   1.0933166e+00
   5.8646000e+05   1.5210573e+00   1.0020356e+00   1.4366830e+00   1.0864099e+00
   5.8647000e+05   1.5268548e+00   1.0020356e+00   1.4490144e+00   1.0798760e+00
   5.8648000e+05   1.5328687e+00   1.0020356e+00   1.4611942e+00   1.0737101e+00
   5.8649000e+05   1.5390617e+00   1.0020356e+00   1.4731915e+00   1.0679058e+00
   5.8650000e+05   1.5453946e+00   1.0020356e+00   1.4849749e+00   1.0624553e+00
   5.8651000e+05   1.5518267e+00   1.0020356e+00   1.4965130e+00   1.0573493e+00
   5.8652000e+05   1.5583165e+00   1.0020356e+00   1.5077746e+00   1.0525775e+00
   5.8653000e+05   1.5648214e+00   1.0020356e+00   1.5187284e+00   1.0481286e+00
   5.8654000e+05   1.5712987e+00   1.0020356e+00   1.5293436e+00   1.0439906e+00
   5.8655000e+05   1.5777051e+00   1.0020356e+00   1.5395900e+00   1.0401507e+00
   5.8656000e+05   1.5839979e+00   1.0020356e+00   1.5494377e+00   1.0365957e+00
   5.8657000e+05   1.5901343e+00   1.0020356e+00   1.5588578e+00   1.0333121e+00
   5.8658000e+05   1.5960727e+00   1.0020356e+00   1.5678221e+00   1.0302861e+00
   5.8659000e+05   1.6017720e+00   1.0020356e+00   1.5763037e+00   1.0275039e+00
   5.8660000e+05   1.6071926e+00   1.0020356e+00   1.5842767e+00   1.0249515e+00
   5.8661000e+05   1.6122962e+00   1.0020356e+00   1.5917164e+00   1.0226153e+00
   5.8662000e+05   1.6170460e+00   1.0020356e+00   1.5985998e+00   1.0204818e+00
   5.8663000e+05   1.6214073e+00   1.0020356e+00   1.6049052e+00   1.0185377e+00
   5.8664000e+05   1.6253473e+00   1.0020356e+00   1.6106127e+00   1.0167701e+00
   5.8665000e+05   1.6288352e+00   1.0020356e+00   1.6157042e+00   1.0151666e+00
   5.8666000e+05   1.6318427e+00   1.0020356e+00   1.6201632e+00   1.0137151e+00
   5.8667000e+05   1.6343441e+00   1.0020356e+00   1.6239755e+00   1.0124041e+00
   5.8668000e+05   1.6363158e+00   1.0020356e+00   1.6271288e+00   1.0112226e+00
   5.8669000e+05   1.6377372e+00   1.0020356e+00   1.6296127e+00   1.0101600e+00
   5.8670000e+05   1.6385903e+00   1.0020356e+00   1.6314193e+00   1.0092066e+00
   5.8671000e+05   1.6388598e+00   1.0020356e+00   1.6325425e+00   1.0083529e+00
   5.8672000e+05   1.6385333e+00   1.0020356e+00   1.6329788e+00   1.0075901e+00
   5.8673000e+05   1.6376012e+00   1.0020356e+00   1.6327267e+00   1.0069101e+00
   5.8674000e+05   1.6360565e+00   1.0020356e+00   1.6317870e+00   1.0063050e+00
   5.8675000e+05   1.6338952e+00   1.0020356e+00   1.6301628e+00   1.0057679e+00
   5.8676000e+05   1.6311160e+00   1.0020356e+00   1.6278595e+00   1.0052921e+00
   5.8677000e+05   1.6277204e+00   1.0020356e+00   1.6248844e+00   1.0048715e+00
   5.8678000e+05   1.6244030e+00   1.0020356e+00   1.6212474e+00   1.0051912e+00
   5.8679000e+05   1.6205784e+00   1.0020356e+00   1.6169601e+00   1.0056539e+00
   5.8680000e+05   1.6161772e+00   1.0020356e+00   1.6120363e+00   1.0061764e+00
   5.8681000e+05   1.6112217e+00   1.0020356e+00   1.6064920e+00   1.0067653e+00
   5.8682000e+05   1.6057366e+00   1.0020356e+00   1.6003447e+00   1.0074275e+00
   5.8683000e+05   1.5997490e+00   1.0020356e+00   1.5936139e+00   1.0081706e+00
   5.8684000e+05   1.5932881e+00   1.0020356e+00   1.5863209e+00   1.0090028e+00
   5.8685000e+05   1.5863853e+00   1.0020356e+00   1.5784883e+00   1.0099326e+00
   5.8686000e+05   1.5790741e+00   1.0020356e+00   1.5701403e+00   1.0109693e+00
   5.8687000e+05   1.5713897e+00   1.0020356e+00   1.5613025e+00   1.0121227e+00
   5.8688000e+05   1.5633693e+00   1.0020356e+00   1.5520017e+00   1.0134032e+00
   5.8689000e+05   1.5550516e+00   1.0020356e+00   1.5422656e+00   1.0148215e+00
   5.8690000e+05   1.5464767e+00   1.0020356e+00   1.5321231e+00   1.0163892e+00
   5.8691000e+05   1.5376862e+00   1.0020356e+00   1.5216036e+00   1.0181182e+00
   5.8692000e+05   1.5287225e+00   1.0020356e+00   1.5107374e+00   1.0200208e+00
   5.8693000e+05   1.5196293e+00   1.0020356e+00   1.4995551e+00   1.0221098e+00
   5.8694000e+05   1.5104508e+00   1.0020356e+00   1.4880880e+00   1.0243984e+00
   5.8695000e+05   1.5012317e+00   1.0020356e+00   1.4763671e+00   1.0269001e+00
   5.8696000e+05   1.4920170e+00   1.0020356e+00   1.4644240e+00   1.0296286e+00
   5.8697000e+05   1.4828519e+00   1.0020356e+00   1.4522900e+00   1.0325976e+00
   5.8698000e+05   1.4737815e+00   1.0020356e+00   1.4399961e+00   1.0358210e+00
   5.8699000e+05   1.4648503e+00   1.0020356e+00   1.4275732e+00   1.0393127e+00
   5.8700000e+05   1.4561024e+00   1.0020356e+00   1.4150517e+00   1.0430862e+00
   5.8701000e+05   1.4475807e+00   1.0020356e+00   1.4024614e+00   1.0471549e+00
   5.8702000e+05   1.4393274e+00   1.0020356e+00   1.3898315e+00   1.0515315e+00
   5.8703000e+05   1.4313830e+00   1.0020356e+00   1.3771902e+00   1.0562284e+00
   5.8704000e+05   1.4237866e+00   1.0020356e+00   1.3645652e+00   1.0612570e+00
   5.8705000e+05   1.4165751e+00   1.0020356e+00   1.3519829e+00   1.0666278e+00
   5.8706000e+05   1.4097836e+00   1.0020356e+00   1.3394688e+00   1.0723504e+00
   5.8707000e+05   1.4034447e+00   1.0020356e+00   1.3270473e+00   1.0784330e+00
   5.8708000e+05   1.3975882e+00   1.0020356e+00   1.3147416e+00   1.0848822e+00
   5.8709000e+05   1.3922414e+00   1.0020356e+00   1.3025737e+00   1.0917033e+00
   5.8710000e+05   1.3874280e+00   1.0020356e+00   1.2905641e+00   1.0988995e+00
   5.8711000e+05   1.3831690e+00   1.0020356e+00   1.2787324e+00   1.1064722e+00
   5.8712000e+05   1.3794814e+00   1.0020356e+00   1.2670963e+00   1.1144206e+00
   5.8713000e+05   1.3763787e+00   1.0020356e+00   1.2556727e+00   1.1227416e+00
   5.8714000e+05   1.3738707e+00   1.0020356e+00   1.2444766e+00   1.1314296e+00
   5.8715000e+05   1.3719629e+00   1.0020356e+00   1.2335220e+00   1.1404765e+00
   5.8716000e+05   1.3706571e+00   1.0020356e+00   1.2228213e+00   1.1498714e+00
   5.8717000e+05   1.3699504e+00   1.0020356e+00   1.2123855e+00   1.1596005e+00
   5.8718000e+05   1.3698360e+00   1.0020356e+00   1.2022244e+00   1.1696472e+00
   5.8719000e+05   1.3703028e+00   1.0020356e+00   1.1923463e+00   1.1799920e+00
   5.8720000e+05   1.3713350e+00   1.0020356e+00   1.1827583e+00   1.1906123e+00
   5.8721000e+05   1.3729131e+00   1.0020356e+00   1.1734662e+00   1.2014825e+00
   5.8722000e+05   1.3750128e+00   1.0020356e+00   1.1644744e+00   1.2125740e+00
   5.8723000e+05   1.3776062e+00   1.0020356e+00   1.1557864e+00   1.2238553e+00
   5.8724000e+05   1.3806610e+00   1.0020356e+00   1.1474044e+00   1.2352922e+00
   5.8725000e+05   1.3841412e+00   1.0020356e+00   1.1393293e+00   1.2468475e+00
   5.8726000e+05   1.3880074e+00   1.0020356e+00   1.1315614e+00   1.2584816e+00
   5.8727000e+05   1.3922166e+00   1.0020356e+00   1.1240997e+00   1.2701525e+00
   5.8728000e+05   1.3967228e+00   1.0020356e+00   1.1169424e+00   1.2818160e+00
   5.8729000e+05   1.4014772e+00   1.0020356e+00   1.1100868e+00   1.2934260e+00
   5.8730000e+05   1.4064284e+00   1.0020356e+00   1.1035293e+00   1.3049347e+00
   5.8731000e+05   1.4115233e+00   1.0020356e+00   1.0972658e+00   1.3162931e+00
   5.8732000e+05   1.4167068e+00   1.0020356e+00   1.0912914e+00   1.3274510e+00
   5.8733000e+05   1.4219227e+00   1.0020356e+00   1.0856006e+00   1.3383577e+00
   5.8734000e+05   1.4271138e+00   1.0020356e+00   1.0801873e+00   1.3489621e+00
   5.8735000e+05   1.4322227e+00   1.0020356e+00   1.0750449e+00   1.3592134e+00
   5.8736000e+05   1.4371921e+00   1.0020356e+00   1.0701665e+00   1.3690612e+00
   5.8737000e+05   1.4419649e+00   1.0020356e+00   1.0655447e+00   1.3784558e+00
   5.8738000e+05   1.4464856e+00   1.0020356e+00   1.0611719e+00   1.3873493e+00
   5.8739000e+05   1.4506996e+00   1.0020356e+00   1.0570400e+00   1.3956951e+00
   5.8740000e+05   1.4545546e+00   1.0020356e+00   1.0531411e+00   1.4034491e+00
   5.8741000e+05   1.4580005e+00   1.0020356e+00   1.0494668e+00   1.4105694e+00
   5.8742000e+05   1.4609902e+00   1.0020356e+00   1.0460086e+00   1.4170172e+00
   5.8743000e+05   1.4634794e+00   1.0020356e+00   1.0427580e+00   1.4227569e+00
   5.8744000e+05   1.4654276e+00   1.0020356e+00   1.0397067e+00   1.4277566e+00
   5.8745000e+05   1.4667984e+00   1.0020356e+00   1.0368459e+00   1.4319880e+00
   5.8746000e+05   1.4675591e+00   1.0020356e+00   1.0341673e+00   1.4354273e+00
   5.8747000e+05   1.4676818e+00   1.0020356e+00   1.0316625e+00   1.4380549e+00
   5.8748000e+05   1.4671431e+00   1.0020356e+00   1.0293231e+00   1.4398556e+00
   5.8749000e+05   1.4659246e+00   1.0020356e+00   1.0271411e+00   1.4408191e+00
   5.8750000e+05   1.4640126e+00   1.0020356e+00   1.0251083e+00   1.4409399e+00
   5.8751000e+05   1.4613987e+00   1.0020356e+00   1.0232170e+00   1.4402173e+00
   5.8752000e+05   1.4580794e+00   1.0020356e+00   1.0214595e+00   1.4386555e+00
   5.8753000e+05   1.4540562e+00   1.0020356e+00   1.0198284e+00   1.4362634e+00
   5.8754000e+05   1.4493356e+00   1.0020356e+00   1.0183165e+00   1.4330547e+00
   5.8755000e+05   1.4439291e+00   1.0020356e+00   1.0169169e+00   1.4290478e+00
   5.8756000e+05   1.4378525e+00   1.0020356e+00   1.0156227e+00   1.4242654e+00
   5.8757000e+05   1.4311264e+00   1.0020356e+00   1.0144275e+00   1.4187345e+00
   5.8758000e+05   1.4237755e+00   1.0020356e+00   1.0133251e+00   1.4124859e+00
   5.8759000e+05   1.4158284e+00   1.0020356e+00   1.0123096e+00   1.4055543e+00
   5.8760000e+05   1.4073174e+00   1.0020356e+00   1.0113753e+00   1.3979777e+00
   5.8761000e+05   1.3982779e+00   1.0020356e+00   1.0105166e+00   1.3897969e+00
   5.8762000e+05   1.3887485e+00   1.0020356e+00   1.0097285e+00   1.3810556e+00
   5.8763000e+05   1.3787700e+00   1.0020356e+00   1.0090060e+00   1.3717996e+00
   5.8764000e+05   1.3683855e+00   1.0020356e+00   1.0083445e+00   1.3620766e+00
   5.8765000e+05   1.3576396e+00   1.0020356e+00   1.0077395e+00   1.3519357e+00
   5.8766000e+05   1.3465785e+00   1.0020356e+00   1.0071869e+00   1.3414272e+00
   5.8767000e+05   1.3352490e+00   1.0020356e+00   1.0066828e+00   1.3306018e+00
   5.8768000e+05   1.3236985e+00   1.0020356e+00   1.0062234e+00   1.3195106e+00
   5.8769000e+05   1.3119743e+00   1.0020356e+00   1.0058054e+00   1.3082045e+00
   5.8770000e+05   1.3001235e+00   1.0020356e+00   1.0054253e+00   1.2967338e+00
   5.8771000e+05   1.2881925e+00   1.0020356e+00   1.0050803e+00   1.2851478e+00
   5.8772000e+05   1.2762266e+00   1.0020356e+00   1.0047674e+00   1.2734949e+00
   5.8773000e+05   1.2642698e+00   1.0020356e+00   1.0044839e+00   1.2618215e+00
   5.8774000e+05   1.2523644e+00   1.0020356e+00   1.0042275e+00   1.2501724e+00
   5.8775000e+05   1.2405507e+00   1.0020356e+00   1.0039958e+00   1.2385904e+00
   5.8776000e+05   1.2288669e+00   1.0020356e+00   1.0037867e+00   1.2271157e+00
   5.8777000e+05   1.2173488e+00   1.0020356e+00   1.0035982e+00   1.2157862e+00
   5.8778000e+05   1.2060299e+00   1.0020356e+00   1.0034284e+00   1.2046370e+00
   5.8779000e+05   1.1949406e+00   1.0020356e+00   1.0032758e+00   1.1937004e+00
   5.8780000e+05   1.1841089e+00   1.0020356e+00   1.0031387e+00   1.1830058e+00
   5.8781000e+05   1.1735597e+00   1.0020356e+00   1.0030156e+00   1.1725797e+00
   5.8782000e+05   1.1633153e+00   1.0020356e+00   1.0029054e+00   1.1624455e+00
   5.8783000e+05   1.1533947e+00   1.0020356e+00   1.0028067e+00   1.1526236e+00
   5.8784000e+05   1.1438144e+00   1.0020356e+00   1.0027184e+00   1.1431315e+00
   5.8785000e+05   1.1345878e+00   1.0020356e+00   1.0026396e+00   1.1339838e+00
   5.8786000e+05   1.1257258e+00   1.0020356e+00   1.0025693e+00   1.1251921e+00
   5.8787000e+05   1.1172364e+00   1.0020356e+00   1.0025067e+00   1.1167653e+00
   5.8788000e+05   1.1091251e+00   1.0020356e+00   1.0024509e+00   1.1087098e+00
   5.8789000e+05   1.1013951e+00   1.0020356e+00   1.0024014e+00   1.1010293e+00
   5.8790000e+05   1.0940472e+00   1.0020356e+00   1.0023574e+00   1.0937253e+00
   5.8791000e+05   1.0870800e+00   1.0020356e+00   1.0023184e+00   1.0867971e+00
   5.8792000e+05   1.0804902e+00   1.0020356e+00   1.0022839e+00   1.0802419e+00
   5.8793000e+05   1.0742727e+00   1.0020356e+00   1.0022533e+00   1.0740549e+00
   5.8794000e+05   1.0684208e+00   1.0020356e+00   1.0022263e+00   1.0682301e+00
   5.8795000e+05   1.0629263e+00   1.0020356e+00   1.0022025e+00   1.0627594e+00
   5.8796000e+05   1.0577797e+00   1.0020356e+00   1.0021814e+00   1.0576339e+00
   5.8797000e+05   1.0529705e+00   1.0020356e+00   1.0021629e+00   1.0528431e+00
   5.8798000e+05   1.0485077e+00   1.0020356e+00   1.0021672e+00   1.0483760e+00
   5.8799000e+05   1.0443712e+00   1.0020356e+00   1.0021863e+00   1.0442205e+00
   5.8800000e+05   1.0405362e+00   1.0020356e+00   1.0022080e+00   1.0403638e+00
   5.8801000e+05   1.0369898e+00   1.0020356e+00   1.0022326e+00   1.0367928e+00
   5.8802000e+05   1.0337188e+00   1.0020356e+00   1.0022604e+00   1.0334939e+00
   5.8803000e+05   1.0307098e+00   1.0020356e+00   1.0022919e+00   1.0304535e+00
   5.8804000e+05   1.0279495e+00   1.0020356e+00   1.0023275e+00   1.0276576e+00
   5.8805000e+05   1.0254245e+00   1.0020356e+00   1.0023677e+00   1.0250924e+00
   5.8806000e+05   1.0231215e+00   1.0020356e+00   1.0024130e+00   1.0227441e+00
   5.8807000e+05   1.0210277e+00   1.0020356e+00   1.0024640e+00   1.0205993e+00
   5.8808000e+05   1.0191304e+00   1.0020356e+00   1.0025213e+00   1.0186446e+00
   5.8809000e+05   1.0174174e+00   1.0020356e+00   1.0025857e+00   1.0168673e+00
   5.8810000e+05   1.0158771e+00   1.0020356e+00   1.0026580e+00   1.0152546e+00
   5.8811000e+05   1.0144982e+00   1.0020356e+00   1.0027390e+00   1.0137947e+00
   5.8812000e+05   1.0132701e+00   1.0020356e+00   1.0028297e+00   1.0124759e+00
   5.8813000e+05   1.0121828e+00   1.0020356e+00   1.0029312e+00   1.0112872e+00
   5.8814000e+05   1.0112270e+00   1.0020356e+00   1.0030444e+00   1.0102181e+00
   5.8815000e+05   1.0103939e+00   1.0020356e+00   1.0031708e+00   1.0092587e+00
   5.8816000e+05   1.0096754e+00   1.0020356e+00   1.0033116e+00   1.0083995e+00
   5.8817000e+05   1.0090644e+00   1.0020356e+00   1.0034683e+00   1.0076317e+00
   5.8818000e+05   1.0085539e+00   1.0020356e+00   1.0036424e+00   1.0069471e+00
   5.8819000e+05   1.0081382e+00   1.0020356e+00   1.0038358e+00   1.0063379e+00
   5.8820000e+05   1.0078118e+00   1.0020356e+00   1.0040502e+00   1.0057971e+00
   5.8821000e+05   1.0075702e+00   1.0020356e+00   1.0042878e+00   1.0053180e+00
   5.8822000e+05   1.0074093e+00   1.0020356e+00   1.0045506e+00   1.0048943e+00
   5.8823000e+05   1.0079717e+00   1.0020356e+00   1.0048410e+00   1.0051663e+00
   5.8824000e+05   1.0087516e+00   1.0020356e+00   1.0051615e+00   1.0056257e+00
   5.8825000e+05   1.0096238e+00   1.0020356e+00   1.0055148e+00   1.0061446e+00
   5.8826000e+05   1.0105977e+00   1.0020356e+00   1.0059038e+00   1.0067295e+00
   5.8827000e+05   1.0116834e+00   1.0020356e+00   1.0063317e+00   1.0073873e+00
   5.8828000e+05   1.0128916e+00   1.0020356e+00   1.0068016e+00   1.0081256e+00
   5.8829000e+05   1.0142340e+00   1.0020356e+00   1.0073172e+00   1.0089524e+00
   5.8830000e+05   1.0157230e+00   1.0020356e+00   1.0078822e+00   1.0098763e+00
   5.8831000e+05   1.0173717e+00   1.0020356e+00   1.0085006e+00   1.0109066e+00
   5.8832000e+05   1.0191941e+00   1.0020356e+00   1.0091766e+00   1.0120530e+00
   5.8833000e+05   1.0212050e+00   1.0020356e+00   1.0099147e+00   1.0133259e+00
   5.8834000e+05   1.0234200e+00   1.0020356e+00   1.0107196e+00   1.0147360e+00
   5.8835000e+05   1.0258554e+00   1.0020356e+00   1.0115962e+00   1.0162948e+00
   5.8836000e+05   1.0285284e+00   1.0020356e+00   1.0125499e+00   1.0180141e+00
   5.8837000e+05   1.0314569e+00   1.0020356e+00   1.0135861e+00   1.0199064e+00
   5.8838000e+05   1.0346593e+00   1.0020356e+00   1.0147105e+00   1.0219843e+00
   5.8839000e+05   1.0381548e+00   1.0020356e+00   1.0159293e+00   1.0242611e+00
   5.8840000e+05   1.0419632e+00   1.0020356e+00   1.0172486e+00   1.0267502e+00
   5.8841000e+05   1.0461047e+00   1.0020356e+00   1.0186751e+00   1.0294652e+00
   5.8842000e+05   1.0505998e+00   1.0020356e+00   1.0202154e+00   1.0324200e+00
   5.8843000e+05   1.0554695e+00   1.0020356e+00   1.0218767e+00   1.0356284e+00
   5.8844000e+05   1.0607349e+00   1.0020356e+00   1.0236662e+00   1.0391043e+00
   5.8845000e+05   1.0664169e+00   1.0020356e+00   1.0255913e+00   1.0428612e+00
   5.8846000e+05   1.0725368e+00   1.0020356e+00   1.0276598e+00   1.0469126e+00
   5.8847000e+05   1.0791151e+00   1.0020356e+00   1.0298795e+00   1.0512711e+00
   5.8848000e+05   1.0861722e+00   1.0020356e+00   1.0322585e+00   1.0559493e+00
   5.8849000e+05   1.0937279e+00   1.0020356e+00   1.0348050e+00   1.0609585e+00
   5.8850000e+05   1.1018011e+00   1.0020356e+00   1.0375273e+00   1.0663094e+00
   5.8851000e+05   1.1104097e+00   1.0020356e+00   1.0404338e+00   1.0720115e+00
   5.8852000e+05   1.1195706e+00   1.0020356e+00   1.0435330e+00   1.0780731e+00
   5.8853000e+05   1.1292990e+00   1.0020356e+00   1.0468335e+00   1.0845011e+00
   5.8854000e+05   1.1396087e+00   1.0020356e+00   1.0503436e+00   1.0913007e+00
   5.8855000e+05   1.1505117e+00   1.0020356e+00   1.0540721e+00   1.0984753e+00
   5.8856000e+05   1.1620178e+00   1.0020356e+00   1.0580271e+00   1.1060263e+00
   5.8857000e+05   1.1741346e+00   1.0020356e+00   1.0622170e+00   1.1139532e+00
   5.8858000e+05   1.1868672e+00   1.0020356e+00   1.0666499e+00   1.1222529e+00
   5.8859000e+05   1.2002181e+00   1.0020356e+00   1.0713337e+00   1.1309200e+00
   5.8860000e+05   1.2141867e+00   1.0020356e+00   1.0762759e+00   1.1399465e+00
   5.8861000e+05   1.2287698e+00   1.0020356e+00   1.0814838e+00   1.1493216e+00
   5.8862000e+05   1.2439606e+00   1.0020356e+00   1.0869643e+00   1.1590319e+00
   5.8863000e+05   1.2597491e+00   1.0020356e+00   1.0927238e+00   1.1690609e+00
   5.8864000e+05   1.2761219e+00   1.0020356e+00   1.0987683e+00   1.1793891e+00
   5.8865000e+05   1.2930618e+00   1.0020356e+00   1.1051031e+00   1.1899942e+00
   5.8866000e+05   1.3105482e+00   1.0020356e+00   1.1117330e+00   1.2008508e+00
   5.8867000e+05   1.3285568e+00   1.0020356e+00   1.1186620e+00   1.2119304e+00
   5.8868000e+05   1.3470596e+00   1.0020356e+00   1.1258935e+00   1.2232017e+00
   5.8869000e+05   1.3660248e+00   1.0020356e+00   1.1334298e+00   1.2346306e+00
   5.8870000e+05   1.3854172e+00   1.0020356e+00   1.1412726e+00   1.2461801e+00
   5.8871000e+05   1.4051979e+00   1.0020356e+00   1.1494227e+00   1.2578108e+00
   5.8872000e+05   1.4253248e+00   1.0020356e+00   1.1578796e+00   1.2694808e+00
   5.8873000e+05   1.4457524e+00   1.0020356e+00   1.1666420e+00   1.2811460e+00
   5.8874000e+05   1.4664322e+00   1.0020356e+00   1.1757075e+00   1.2927603e+00
   5.8875000e+05   1.4873129e+00   1.0020356e+00   1.1850723e+00   1.3042762e+00
   5.8876000e+05   1.5083407e+00   1.0020356e+00   1.1947317e+00   1.3156445e+00
   5.8877000e+05   1.5294594e+00   1.0020356e+00   1.2046796e+00   1.3268154e+00
   5.8878000e+05   1.5506109e+00   1.0020356e+00   1.2149086e+00   1.3377379e+00
   5.8879000e+05   1.5717355e+00   1.0020356e+00   1.2254100e+00   1.3483611e+00
   5.8880000e+05   1.5927723e+00   1.0020356e+00   1.2361738e+00   1.3586341e+00
   5.8881000e+05   1.6136594e+00   1.0020356e+00   1.2471886e+00   1.3685064e+00
   5.8882000e+05   1.6343344e+00   1.0020356e+00   1.2584415e+00   1.3779285e+00
   5.8883000e+05   1.6547350e+00   1.0020356e+00   1.2699185e+00   1.3868520e+00
   5.8884000e+05   1.6747989e+00   1.0020356e+00   1.2816039e+00   1.3952306e+00
   5.8885000e+05   1.6944650e+00   1.0020356e+00   1.2934808e+00   1.4030198e+00
   5.8886000e+05   1.7136729e+00   1.0020356e+00   1.3055308e+00   1.4101776e+00
   5.8887000e+05   1.7323639e+00   1.0020356e+00   1.3177344e+00   1.4166651e+00
   5.8888000e+05   1.7504813e+00   1.0020356e+00   1.3300704e+00   1.4224465e+00
   5.8889000e+05   1.7679706e+00   1.0020356e+00   1.3425167e+00   1.4274895e+00
   5.8890000e+05   1.7847800e+00   1.0020356e+00   1.3550497e+00   1.4317658e+00
   5.8891000e+05   1.8008606e+00   1.0020356e+00   1.3676449e+00   1.4352513e+00
   5.8892000e+05   1.8161667e+00   1.0020356e+00   1.3802764e+00   1.4379260e+00
   5.8893000e+05   1.8306564e+00   1.0020356e+00   1.3929174e+00   1.4397746e+00
   5.8894000e+05   1.8442912e+00   1.0020356e+00   1.4055403e+00   1.4407865e+00
   5.8895000e+05   1.8570368e+00   1.0020356e+00   1.4181166e+00   1.4409558e+00
   5.8896000e+05   1.8688629e+00   1.0020356e+00   1.4306167e+00   1.4402817e+00
   5.8897000e+05   1.8797433e+00   1.0020356e+00   1.4430109e+00   1.4387679e+00
   5.8898000e+05   1.8896563e+00   1.0020356e+00   1.4552686e+00   1.4364233e+00
   5.8899000e+05   1.8985845e+00   1.0020356e+00   1.4673590e+00   1.4332611e+00
   5.8900000e+05   1.9065147e+00   1.0020356e+00   1.4792507e+00   1.4292996e+00
   5.8901000e+05   1.9134380e+00   1.0020356e+00   1.4909125e+00   1.4245611e+00
   5.8902000e+05   1.9193498e+00   1.0020356e+00   1.5023130e+00   1.4190724e+00
   5.8903000e+05   1.9242496e+00   1.0020356e+00   1.5134209e+00   1.4128643e+00
   5.8904000e+05   1.9281407e+00   1.0020356e+00   1.5242053e+00   1.4059710e+00
   5.8905000e+05   1.9310303e+00   1.0020356e+00   1.5346355e+00   1.3984304e+00
   5.8906000e+05   1.9329291e+00   1.0020356e+00   1.5446815e+00   1.3902832e+00
   5.8907000e+05   1.9338512e+00   1.0020356e+00   1.5543139e+00   1.3815729e+00
   5.8908000e+05   1.9338138e+00   1.0020356e+00   1.5635042e+00   1.3723452e+00
   5.8909000e+05   1.9328370e+00   1.0020356e+00   1.5722248e+00   1.3626478e+00
   5.8910000e+05   1.9309433e+00   1.0020356e+00   1.5804493e+00   1.3525296e+00
   5.8911000e+05   1.9281576e+00   1.0020356e+00   1.5881523e+00   1.3420408e+00
   5.8912000e+05   1.9245068e+00   1.0020356e+00   1.5953101e+00   1.3312323e+00
   5.8913000e+05   1.9200198e+00   1.0020356e+00   1.6019003e+00   1.3201550e+00
   5.8914000e+05   1.9147264e+00   1.0020356e+00   1.6079021e+00   1.3088599e+00
   5.8915000e+05   1.9086582e+00   1.0020356e+00   1.6132965e+00   1.2973973e+00
   5.8916000e+05   1.9018473e+00   1.0020356e+00   1.6180662e+00   1.2858167e+00
   5.8917000e+05   1.8943266e+00   1.0020356e+00   1.6221959e+00   1.2741663e+00
   5.8918000e+05   1.8861296e+00   1.0020356e+00   1.6256723e+00   1.2624928e+00
   5.8919000e+05   1.8772898e+00   1.0020356e+00   1.6284842e+00   1.2508412e+00
   5.8920000e+05   1.8678410e+00   1.0020356e+00   1.6306223e+00   1.2392542e+00
   5.8921000e+05   1.8578165e+00   1.0020356e+00   1.6320798e+00   1.2277723e+00
   5.8922000e+05   1.8472497e+00   1.0020356e+00   1.6328518e+00   1.2164335e+00
   5.8923000e+05   1.8361732e+00   1.0020356e+00   1.6329358e+00   1.2052730e+00
   5.8924000e+05   1.8246193e+00   1.0020356e+00   1.6323315e+00   1.1943233e+00
   5.8925000e+05   1.8126195e+00   1.0020356e+00   1.6310410e+00   1.1836141e+00
   5.8926000e+05   1.8002047e+00   1.0020356e+00   1.6290685e+00   1.1731719e+00
   5.8927000e+05   1.7874049e+00   1.0020356e+00   1.6264203e+00   1.1630203e+00
   5.8928000e+05   1.7742494e+00   1.0020356e+00   1.6231051e+00   1.1531799e+00
   5.8929000e+05   1.7607665e+00   1.0020356e+00   1.6191336e+00   1.1436684e+00
   5.8930000e+05   1.7469837e+00   1.0020356e+00   1.6145188e+00   1.1345005e+00
   5.8931000e+05   1.7329278e+00   1.0020356e+00   1.6092753e+00   1.1256881e+00
   5.8932000e+05   1.7186246e+00   1.0020356e+00   1.6034201e+00   1.1172401e+00
   5.8933000e+05   1.7040992e+00   1.0020356e+00   1.5969716e+00   1.1091631e+00
   5.8934000e+05   1.6893758e+00   1.0020356e+00   1.5899504e+00   1.1014610e+00
   5.8935000e+05   1.6744780e+00   1.0020356e+00   1.5823782e+00   1.0941354e+00
   5.8936000e+05   1.6594288e+00   1.0020356e+00   1.5742788e+00   1.0871856e+00
   5.8937000e+05   1.6442503e+00   1.0020356e+00   1.5656769e+00   1.0806090e+00
   5.8938000e+05   1.6289641e+00   1.0020356e+00   1.5565987e+00   1.0744010e+00
   5.8939000e+05   1.6135915e+00   1.0020356e+00   1.5470716e+00   1.0685555e+00
   5.8940000e+05   1.5981529e+00   1.0020356e+00   1.5371238e+00   1.0630647e+00
   5.8941000e+05   1.5826686e+00   1.0020356e+00   1.5267846e+00   1.0579196e+00
   5.8942000e+05   1.5671582e+00   1.0020356e+00   1.5160839e+00   1.0531099e+00
   5.8943000e+05   1.5516410e+00   1.0020356e+00   1.5050521e+00   1.0486245e+00
   5.8944000e+05   1.5361359e+00   1.0020356e+00   1.4937201e+00   1.0444513e+00
   5.8945000e+05   1.5206614e+00   1.0020356e+00   1.4821192e+00   1.0405778e+00
   5.8946000e+05   1.5052358e+00   1.0020356e+00   1.4702807e+00   1.0369907e+00
   5.8947000e+05   1.4898770e+00   1.0020356e+00   1.4582360e+00   1.0336766e+00
   5.8948000e+05   1.4746023e+00   1.0020356e+00   1.4460162e+00   1.0306217e+00
   5.8949000e+05   1.4594290e+00   1.0020356e+00   1.4336525e+00   1.0278120e+00
   5.8950000e+05   1.4443738e+00   1.0020356e+00   1.4211754e+00   1.0252339e+00
   5.8951000e+05   1.4294530e+00   1.0020356e+00   1.4086150e+00   1.0228736e+00
   5.8952000e+05   1.4146827e+00   1.0020356e+00   1.3960008e+00   1.0207174e+00
   5.8953000e+05   1.4000782e+00   1.0020356e+00   1.3833616e+00   1.0187522e+00
   5.8954000e+05   1.3856546e+00   1.0020356e+00   1.3707253e+00   1.0169649e+00
   5.8955000e+05   1.3714264e+00   1.0020356e+00   1.3581189e+00   1.0153432e+00
   5.8956000e+05   1.3574075e+00   1.0020356e+00   1.3455683e+00   1.0138748e+00
   5.8957000e+05   1.3436113e+00   1.0020356e+00   1.3330987e+00   1.0125482e+00
   5.8958000e+05   1.3300503e+00   1.0020356e+00   1.3207336e+00   1.0113523e+00
   5.8959000e+05   1.3167368e+00   1.0020356e+00   1.3084958e+00   1.0102766e+00
   5.8960000e+05   1.3036819e+00   1.0020356e+00   1.2964064e+00   1.0093111e+00
   5.8961000e+05   1.2908963e+00   1.0020356e+00   1.2844855e+00   1.0084463e+00
   5.8962000e+05   1.2783897e+00   1.0020356e+00   1.2727518e+00   1.0076735e+00
   5.8963000e+05   1.2661712e+00   1.0020356e+00   1.2612224e+00   1.0069843e+00
   5.8964000e+05   1.2542489e+00   1.0020356e+00   1.2499134e+00   1.0063711e+00
   5.8965000e+05   1.2426302e+00   1.0020356e+00   1.2388393e+00   1.0058265e+00
   5.8966000e+05   1.2313216e+00   1.0020356e+00   1.2280132e+00   1.0053440e+00
   5.8967000e+05   1.2203285e+00   1.0020356e+00   1.2174467e+00   1.0049173e+00
   5.8968000e+05   1.2102564e+00   1.0020356e+00   1.2071504e+00   1.0051416e+00
   5.8969000e+05   1.2006954e+00   1.0020356e+00   1.1971332e+00   1.0055977e+00
   5.8970000e+05   1.1914802e+00   1.0020356e+00   1.1874028e+00   1.0061130e+00
   5.8971000e+05   1.1826239e+00   1.0020356e+00   1.1779655e+00   1.0066939e+00
   5.8972000e+05   1.1741384e+00   1.0020356e+00   1.1688266e+00   1.0073473e+00
   5.8973000e+05   1.1660352e+00   1.0020356e+00   1.1599900e+00   1.0080808e+00
   5.8974000e+05   1.1583250e+00   1.0020356e+00   1.1514583e+00   1.0089022e+00
   5.8975000e+05   1.1510181e+00   1.0020356e+00   1.1432333e+00   1.0098204e+00
   5.8976000e+05   1.1441243e+00   1.0020356e+00   1.1353155e+00   1.0108443e+00
   5.8977000e+05   1.1376527e+00   1.0020356e+00   1.1277045e+00   1.0119838e+00
   5.8978000e+05   1.1316123e+00   1.0020356e+00   1.1203989e+00   1.0132490e+00
   5.8979000e+05   1.1260117e+00   1.0020356e+00   1.1133963e+00   1.0146509e+00
   5.8980000e+05   1.1208590e+00   1.0020356e+00   1.1066938e+00   1.0162008e+00
   5.8981000e+05   1.1161624e+00   1.0020356e+00   1.1002874e+00   1.0179106e+00
   5.8982000e+05   1.1119295e+00   1.0020356e+00   1.0941725e+00   1.0197926e+00
   5.8983000e+05   1.1081679e+00   1.0020356e+00   1.0883439e+00   1.0218595e+00
   5.8984000e+05   1.1048848e+00   1.0020356e+00   1.0827959e+00   1.0241245e+00
   5.8985000e+05   1.1020875e+00   1.0020356e+00   1.0775221e+00   1.0266010e+00
   5.8986000e+05   1.0997827e+00   1.0020356e+00   1.0725157e+00   1.0293026e+00
   5.8987000e+05   1.0979772e+00   1.0020356e+00   1.0677696e+00   1.0322432e+00
   5.8988000e+05   1.0966773e+00   1.0020356e+00   1.0632762e+00   1.0354367e+00
   5.8989000e+05   1.0958889e+00   1.0020356e+00   1.0590277e+00   1.0388968e+00
   5.8990000e+05   1.0956177e+00   1.0020356e+00   1.0550161e+00   1.0426372e+00
   5.8991000e+05   1.0958688e+00   1.0020356e+00   1.0512331e+00   1.0466713e+00
   5.8992000e+05   1.0966467e+00   1.0020356e+00   1.0476705e+00   1.0510118e+00
   5.8993000e+05   1.0979553e+00   1.0020356e+00   1.0443196e+00   1.0556713e+00
   5.8994000e+05   1.0997976e+00   1.0020356e+00   1.0411721e+00   1.0606611e+00
   5.8995000e+05   1.1021758e+00   1.0020356e+00   1.0382193e+00   1.0659921e+00
   5.8996000e+05   1.1050910e+00   1.0020356e+00   1.0354528e+00   1.0716738e+00
   5.8997000e+05   1.1085432e+00   1.0020356e+00   1.0328642e+00   1.0777145e+00
   5.8998000e+05   1.1125308e+00   1.0020356e+00   1.0304451e+00   1.0841213e+00
   5.8999000e+05   1.1170510e+00   1.0020356e+00   1.0281872e+00   1.0908993e+00
   5.9000000e+05   1.1220993e+00   1.0020356e+00   1.0260826e+00   1.0980523e+00
   5.9001000e+05   1.1276693e+00   1.0020356e+00   1.0241232e+00   1.1055817e+00
   5.9002000e+05   1.1337527e+00   1.0020356e+00   1.0223013e+00   1.1134870e+00
   5.9003000e+05   1.1403392e+00   1.0020356e+00   1.0206094e+00   1.1217653e+00
   5.9004000e+05   1.1474161e+00   1.0020356e+00   1.0190402e+00   1.1304115e+00
   5.9005000e+05   1.1549686e+00   1.0020356e+00   1.0175866e+00   1.1394176e+00
   5.9006000e+05   1.1629792e+00   1.0020356e+00   1.0162418e+00   1.1487730e+00
   5.9007000e+05   1.1714279e+00   1.0020356e+00   1.0149990e+00   1.1584644e+00
   5.9008000e+05   1.1802921e+00   1.0020356e+00   1.0138521e+00   1.1684756e+00
   5.9009000e+05   1.1895465e+00   1.0020356e+00   1.0127949e+00   1.1787872e+00
   5.9010000e+05   1.1991631e+00   1.0020356e+00   1.0118217e+00   1.1893770e+00
   5.9011000e+05   1.2091109e+00   1.0020356e+00   1.0109267e+00   1.2002198e+00
   5.9012000e+05   1.2193566e+00   1.0020356e+00   1.0101048e+00   1.2112874e+00
   5.9013000e+05   1.2298639e+00   1.0020356e+00   1.0093508e+00   1.2225486e+00
   5.9014000e+05   1.2405940e+00   1.0020356e+00   1.0086601e+00   1.2339694e+00
   5.9015000e+05   1.2515056e+00   1.0020356e+00   1.0080281e+00   1.2455131e+00
   5.9016000e+05   1.2625551e+00   1.0020356e+00   1.0074504e+00   1.2571402e+00
   5.9017000e+05   1.2736966e+00   1.0020356e+00   1.0069231e+00   1.2688091e+00
   5.9018000e+05   1.2848825e+00   1.0020356e+00   1.0064423e+00   1.2804758e+00
   5.9019000e+05   1.2960633e+00   1.0020356e+00   1.0060045e+00   1.2920943e+00
   5.9020000e+05   1.3071879e+00   1.0020356e+00   1.0056063e+00   1.3036172e+00
   5.9021000e+05   1.3182043e+00   1.0020356e+00   1.0052446e+00   1.3149954e+00
   5.9022000e+05   1.3290596e+00   1.0020356e+00   1.0049163e+00   1.3261789e+00
   5.9023000e+05   1.3397003e+00   1.0020356e+00   1.0046188e+00   1.3371171e+00
   5.9024000e+05   1.3500728e+00   1.0020356e+00   1.0043495e+00   1.3477589e+00
   5.9025000e+05   1.3601239e+00   1.0020356e+00   1.0041060e+00   1.3580534e+00
   5.9026000e+05   1.3698007e+00   1.0020356e+00   1.0038861e+00   1.3679502e+00
   5.9027000e+05   1.3790516e+00   1.0020356e+00   1.0036878e+00   1.3773994e+00
   5.9028000e+05   1.3878265e+00   1.0020356e+00   1.0035091e+00   1.3863530e+00
   5.9029000e+05   1.3960768e+00   1.0020356e+00   1.0033483e+00   1.3947641e+00
   5.9030000e+05   1.4037565e+00   1.0020356e+00   1.0032038e+00   1.4025884e+00
   5.9031000e+05   1.4108220e+00   1.0020356e+00   1.0030740e+00   1.4097836e+00
   5.9032000e+05   1.4172327e+00   1.0020356e+00   1.0029577e+00   1.4163107e+00
   5.9033000e+05   1.4229515e+00   1.0020356e+00   1.0028535e+00   1.4221336e+00
   5.9034000e+05   1.4279446e+00   1.0020356e+00   1.0027603e+00   1.4272199e+00
   5.9035000e+05   1.4321824e+00   1.0020356e+00   1.0026770e+00   1.4315410e+00
   5.9036000e+05   1.4356396e+00   1.0020356e+00   1.0026026e+00   1.4350726e+00
   5.9037000e+05   1.4382951e+00   1.0020356e+00   1.0025363e+00   1.4377944e+00
   5.9038000e+05   1.4401326e+00   1.0020356e+00   1.0024773e+00   1.4396908e+00
   5.9039000e+05   1.4411403e+00   1.0020356e+00   1.0024249e+00   1.4407511e+00
   5.9040000e+05   1.4413116e+00   1.0020356e+00   1.0023782e+00   1.4409690e+00
   5.9041000e+05   1.4406446e+00   1.0020356e+00   1.0023369e+00   1.4403433e+00
   5.9042000e+05   1.4391423e+00   1.0020356e+00   1.0023002e+00   1.4388777e+00
   5.9043000e+05   1.4368127e+00   1.0020356e+00   1.0022678e+00   1.4365805e+00
   5.9044000e+05   1.4336684e+00   1.0020356e+00   1.0022391e+00   1.4334649e+00
   5.9045000e+05   1.4297269e+00   1.0020356e+00   1.0022137e+00   1.4295488e+00
   5.9046000e+05   1.4250101e+00   1.0020356e+00   1.0021914e+00   1.4248543e+00
   5.9047000e+05   1.4195441e+00   1.0020356e+00   1.0021717e+00   1.4194080e+00
   5.9048000e+05   1.4133635e+00   1.0020356e+00   1.0021588e+00   1.4132404e+00
   5.9049000e+05   1.4065266e+00   1.0020356e+00   1.0021767e+00   1.4063855e+00
   5.9050000e+05   1.3990426e+00   1.0020356e+00   1.0021971e+00   1.3988811e+00
   5.9051000e+05   1.3909522e+00   1.0020356e+00   1.0022202e+00   1.3907676e+00
   5.9052000e+05   1.3822993e+00   1.0020356e+00   1.0022464e+00   1.3820885e+00
   5.9053000e+05   1.3731298e+00   1.0020356e+00   1.0022761e+00   1.3728893e+00
   5.9054000e+05   1.3634916e+00   1.0020356e+00   1.0023096e+00   1.3632176e+00
   5.9055000e+05   1.3534341e+00   1.0020356e+00   1.0023475e+00   1.3531222e+00
   5.9056000e+05   1.3430081e+00   1.0020356e+00   1.0023902e+00   1.3426535e+00
   5.9057000e+05   1.3322647e+00   1.0020356e+00   1.0024383e+00   1.3318619e+00
   5.9058000e+05   1.3212556e+00   1.0020356e+00   1.0024925e+00   1.3207988e+00
   5.9059000e+05   1.3100326e+00   1.0020356e+00   1.0025533e+00   1.3095148e+00
   5.9060000e+05   1.2986466e+00   1.0020356e+00   1.0026217e+00   1.2980605e+00
   5.9061000e+05   1.2871481e+00   1.0020356e+00   1.0026983e+00   1.2864853e+00
   5.9062000e+05   1.2755862e+00   1.0020356e+00   1.0027842e+00   1.2748376e+00
   5.9063000e+05   1.2640089e+00   1.0020356e+00   1.0028802e+00   1.2631643e+00
   5.9064000e+05   1.2524622e+00   1.0020356e+00   1.0029876e+00   1.2515102e+00
   5.9065000e+05   1.2409902e+00   1.0020356e+00   1.0031074e+00   1.2399184e+00
   5.9066000e+05   1.2296348e+00   1.0020356e+00   1.0032409e+00   1.2284294e+00
   5.9067000e+05   1.2184354e+00   1.0020356e+00   1.0033897e+00   1.2170813e+00
   5.9068000e+05   1.2074292e+00   1.0020356e+00   1.0035551e+00   1.2059097e+00
   5.9069000e+05   1.1966503e+00   1.0020356e+00   1.0037389e+00   1.1949471e+00
   5.9070000e+05   1.1861304e+00   1.0020356e+00   1.0039428e+00   1.1842232e+00
   5.9071000e+05   1.1758982e+00   1.0020356e+00   1.0041688e+00   1.1737650e+00
   5.9072000e+05   1.1659794e+00   1.0020356e+00   1.0044190e+00   1.1635961e+00
   5.9073000e+05   1.1563973e+00   1.0020356e+00   1.0046956e+00   1.1537373e+00
   5.9074000e+05   1.1471719e+00   1.0020356e+00   1.0050011e+00   1.1442065e+00
   5.9075000e+05   1.1383209e+00   1.0020356e+00   1.0053380e+00   1.1350185e+00
   5.9076000e+05   1.1298589e+00   1.0020356e+00   1.0057092e+00   1.1261853e+00
   5.9077000e+05   1.1217983e+00   1.0020356e+00   1.0061177e+00   1.1177161e+00
   5.9078000e+05   1.1141488e+00   1.0020356e+00   1.0065667e+00   1.1096177e+00
   5.9079000e+05   1.1069179e+00   1.0020356e+00   1.0070596e+00   1.1018939e+00
   5.9080000e+05   1.1001110e+00   1.0020356e+00   1.0076000e+00   1.0945466e+00
   5.9081000e+05   1.0937315e+00   1.0020356e+00   1.0081918e+00   1.0875753e+00
   5.9082000e+05   1.0877808e+00   1.0020356e+00   1.0088391e+00   1.0809773e+00
   5.9083000e+05   1.0822590e+00   1.0020356e+00   1.0095463e+00   1.0747483e+00
   5.9084000e+05   1.0771645e+00   1.0020356e+00   1.0103180e+00   1.0688821e+00
   5.9085000e+05   1.0724945e+00   1.0020356e+00   1.0111589e+00   1.0633711e+00
   5.9086000e+05   1.0682451e+00   1.0020356e+00   1.0120743e+00   1.0582064e+00
   5.9087000e+05   1.0644116e+00   1.0020356e+00   1.0130695e+00   1.0533777e+00
   5.9088000e+05   1.0609885e+00   1.0020356e+00   1.0141501e+00   1.0488739e+00
   5.9089000e+05   1.0579697e+00   1.0020356e+00   1.0153221e+00   1.0446832e+00
   5.9090000e+05   1.0553487e+00   1.0020356e+00   1.0165915e+00   1.0407928e+00
   5.9091000e+05   1.0531188e+00   1.0020356e+00   1.0179648e+00   1.0371896e+00
   5.9092000e+05   1.0512732e+00   1.0020356e+00   1.0194487e+00   1.0338601e+00
   5.9093000e+05   1.0498051e+00   1.0020356e+00   1.0210501e+00   1.0307906e+00
   5.9094000e+05   1.0487077e+00   1.0020356e+00   1.0227760e+00   1.0279673e+00
   5.9095000e+05   1.0479746e+00   1.0020356e+00   1.0246340e+00   1.0253762e+00
   5.9096000e+05   1.0475996e+00   1.0020356e+00   1.0266315e+00   1.0230037e+00
   5.9097000e+05   1.0475770e+00   1.0020356e+00   1.0287764e+00   1.0208362e+00
   5.9098000e+05   1.0479013e+00   1.0020356e+00   1.0310766e+00   1.0188603e+00
   5.9099000e+05   1.0485679e+00   1.0020356e+00   1.0335403e+00   1.0170631e+00
   5.9100000e+05   1.0495723e+00   1.0020356e+00   1.0361757e+00   1.0154322e+00
   5.9101000e+05   1.0509109e+00   1.0020356e+00   1.0389912e+00   1.0139553e+00
   5.9102000e+05   1.0525805e+00   1.0020356e+00   1.0419953e+00   1.0126208e+00
   5.9103000e+05   1.0545786e+00   1.0020356e+00   1.0451964e+00   1.0114177e+00
   5.9104000e+05   1.0569029e+00   1.0020356e+00   1.0486032e+00   1.0103354e+00
   5.9105000e+05   1.0595522e+00   1.0020356e+00   1.0522240e+00   1.0093638e+00
   5.9106000e+05   1.0625252e+00   1.0020356e+00   1.0560673e+00   1.0084935e+00
   5.9107000e+05   1.0658216e+00   1.0020356e+00   1.0601415e+00   1.0077156e+00
   5.9108000e+05   1.0694411e+00   1.0020356e+00   1.0644548e+00   1.0070219e+00
   5.9109000e+05   1.0733840e+00   1.0020356e+00   1.0690151e+00   1.0064044e+00
   5.9110000e+05   1.0776507e+00   1.0020356e+00   1.0738302e+00   1.0058561e+00
   5.9111000e+05   1.0822421e+00   1.0020356e+00   1.0789075e+00   1.0053702e+00
   5.9112000e+05   1.0871590e+00   1.0020356e+00   1.0842541e+00   1.0049404e+00
   5.9113000e+05   1.0929581e+00   1.0020356e+00   1.0898766e+00   1.0051170e+00
   5.9114000e+05   1.0993157e+00   1.0020356e+00   1.0957813e+00   1.0055699e+00
   5.9115000e+05   1.1060198e+00   1.0020356e+00   1.1019737e+00   1.0060817e+00
   5.9116000e+05   1.1130820e+00   1.0020356e+00   1.1084590e+00   1.0066586e+00
   5.9117000e+05   1.1205136e+00   1.0020356e+00   1.1152415e+00   1.0073076e+00
   5.9118000e+05   1.1283256e+00   1.0020356e+00   1.1223250e+00   1.0080363e+00
   5.9119000e+05   1.1365290e+00   1.0020356e+00   1.1297122e+00   1.0088524e+00
   5.9120000e+05   1.1451344e+00   1.0020356e+00   1.1374052e+00   1.0097648e+00
   5.9121000e+05   1.1541520e+00   1.0020356e+00   1.1454053e+00   1.0107823e+00
   5.9122000e+05   1.1635918e+00   1.0020356e+00   1.1537125e+00   1.0119149e+00
   5.9123000e+05   1.1734630e+00   1.0020356e+00   1.1623260e+00   1.0131726e+00
   5.9124000e+05   1.1837747e+00   1.0020356e+00   1.1712439e+00   1.0145664e+00
   5.9125000e+05   1.1945349e+00   1.0020356e+00   1.1804631e+00   1.0161075e+00
   5.9126000e+05   1.2057515e+00   1.0020356e+00   1.1899794e+00   1.0178077e+00
   5.9127000e+05   1.2174311e+00   1.0020356e+00   1.1997872e+00   1.0196794e+00
   5.9128000e+05   1.2295797e+00   1.0020356e+00   1.2098800e+00   1.0217353e+00
   5.9129000e+05   1.2422026e+00   1.0020356e+00   1.2202496e+00   1.0239886e+00
   5.9130000e+05   1.2553035e+00   1.0020356e+00   1.2308866e+00   1.0264525e+00
   5.9131000e+05   1.2688856e+00   1.0020356e+00   1.2417803e+00   1.0291408e+00
   5.9132000e+05   1.2829505e+00   1.0020356e+00   1.2529187e+00   1.0320673e+00
   5.9133000e+05   1.2974985e+00   1.0020356e+00   1.2642882e+00   1.0352459e+00
   5.9134000e+05   1.3125285e+00   1.0020356e+00   1.2758738e+00   1.0386903e+00
   5.9135000e+05   1.3280381e+00   1.0020356e+00   1.2876594e+00   1.0424142e+00
   5.9136000e+05   1.3440228e+00   1.0020356e+00   1.2996273e+00   1.0464310e+00
   5.9137000e+05   1.3604766e+00   1.0020357e+00   1.3117585e+00   1.0507536e+00
   5.9138000e+05   1.3773914e+00   1.0020357e+00   1.3240325e+00   1.0553943e+00
   5.9139000e+05   1.3947574e+00   1.0020359e+00   1.3364278e+00   1.0603649e+00
   5.9140000e+05   1.4125624e+00   1.0020361e+00   1.3489215e+00   1.0656760e+00
   5.9141000e+05   1.4307920e+00   1.0020364e+00   1.3614895e+00   1.0713372e+00
   5.9142000e+05   1.4494294e+00   1.0020370e+00   1.3741065e+00   1.0773571e+00
   5.9143000e+05   1.4684557e+00   1.0020379e+00   1.3867463e+00   1.0837426e+00
   5.9144000e+05   1.4878492e+00   1.0020395e+00   1.3993816e+00   1.0904992e+00
   5.9145000e+05   1.5075856e+00   1.0020420e+00   1.4119842e+00   1.0976305e+00
   5.9146000e+05   1.5276383e+00   1.0020459e+00   1.4245253e+00   1.1051383e+00
   5.9147000e+05   1.5479780e+00   1.0020522e+00   1.4369750e+00   1.1130220e+00
   5.9148000e+05   1.5685730e+00   1.0020620e+00   1.4493032e+00   1.1212790e+00
   5.9149000e+05   1.5893892e+00   1.0020771e+00   1.4614791e+00   1.1299042e+00
   5.9150000e+05   1.6103906e+00   1.0021003e+00   1.4734717e+00   1.1388898e+00
   5.9151000e+05   1.6315394e+00   1.0021354e+00   1.4852496e+00   1.1482255e+00
   5.9152000e+05   1.6527965e+00   1.0021880e+00   1.4967816e+00   1.1578980e+00
   5.9153000e+05   1.6741224e+00   1.0022660e+00   1.5080363e+00   1.1678913e+00
   5.9154000e+05   1.6954781e+00   1.0023806e+00   1.5189825e+00   1.1781861e+00
   5.9155000e+05   1.7168259e+00   1.0025470e+00   1.5295894e+00   1.1887606e+00
   5.9156000e+05   1.7381313e+00   1.0027862e+00   1.5398267e+00   1.1995896e+00
   5.9157000e+05   1.7593649e+00   1.0031263e+00   1.5496646e+00   1.2106451e+00
   5.9158000e+05   1.7805040e+00   1.0036047e+00   1.5590743e+00   1.2218961e+00
   5.9159000e+05   1.8015358e+00   1.0042707e+00   1.5680276e+00   1.2333087e+00
   5.9160000e+05   1.8224603e+00   1.0051877e+00   1.5764975e+00   1.2448463e+00
   5.9161000e+05   1.8432936e+00   1.0064369e+00   1.5844582e+00   1.2564697e+00
   5.9162000e+05   1.8640715e+00   1.0081202e+00   1.5918851e+00   1.2681374e+00
   5.9163000e+05   1.8848531e+00   1.0103638e+00   1.5987551e+00   1.2798054e+00
   5.9164000e+05   1.9057252e+00   1.0133218e+00   1.6050466e+00   1.2914280e+00
   5.9165000e+05   1.9268050e+00   1.0171786e+00   1.6107398e+00   1.3029577e+00
   5.9166000e+05   1.9482430e+00   1.0221521e+00   1.6158165e+00   1.3143455e+00
   5.9167000e+05   1.9702250e+00   1.0284940e+00   1.6202605e+00   1.3255416e+00
   5.9168000e+05   1.9929717e+00   1.0364901e+00   1.6240574e+00   1.3364953e+00
   5.9169000e+05   2.0167375e+00   1.0464580e+00   1.6271950e+00   1.3471556e+00
   5.9170000e+05   2.0418051e+00   1.0587417e+00   1.6296631e+00   1.3574715e+00
   5.9171000e+05   2.0684793e+00   1.0737045e+00   1.6314536e+00   1.3673924e+00
   5.9172000e+05   2.0970755e+00   1.0917172e+00   1.6325607e+00   1.3768688e+00
   5.9173000e+05   2.1279060e+00   1.1131443e+00   1.6329808e+00   1.3858521e+00
   5.9174000e+05   2.1612630e+00   1.1383260e+00   1.6327124e+00   1.3942957e+00
   5.9175000e+05   2.1973976e+00   1.1675573e+00   1.6317566e+00   1.4021549e+00
   5.9176000e+05   2.2364975e+00   1.2010649e+00   1.6301164e+00   1.4093874e+00
   5.9177000e+05   2.2786624e+00   1.2389826e+00   1.6277971e+00   1.4159539e+00
   5.9178000e+05   2.3238806e+00   1.2813272e+00   1.6248063e+00   1.4218182e+00
   5.9179000e+05   2.3720053e+00   1.3279749e+00   1.6211538e+00   1.4269477e+00
   5.9180000e+05   2.4227361e+00   1.3786423e+00   1.6168513e+00   1.4313136e+00
   5.9181000e+05   2.4756041e+00   1.4328713e+00   1.6119128e+00   1.4348912e+00
   5.9182000e+05   2.5299647e+00   1.4900218e+00   1.6063540e+00   1.4376600e+00
   5.9183000e+05   2.5849989e+00   1.5492730e+00   1.6001928e+00   1.4396043e+00
   5.9184000e+05   2.6397238e+00   1.6096336e+00   1.5934485e+00   1.4407129e+00
   5.9185000e+05   2.6930136e+00   1.6699630e+00   1.5861425e+00   1.4409793e+00
   5.9186000e+05   2.7436306e+00   1.7290022e+00   1.5782975e+00   1.4404021e+00
   5.9187000e+05   2.7902659e+00   1.7854147e+00   1.5699377e+00   1.4389846e+00
   5.9188000e+05   2.8315871e+00   1.8378347e+00   1.5610887e+00   1.4367350e+00
   5.9189000e+05   2.8662926e+00   1.8849205e+00   1.5517772e+00   1.4336661e+00
   5.9190000e+05   2.8931672e+00   1.9254117e+00   1.5420313e+00   1.4297954e+00
   5.9191000e+05   2.9111378e+00   1.9581844e+00   1.5318795e+00   1.4251451e+00
   5.9192000e+05   2.9193248e+00   1.9823032e+00   1.5213515e+00   1.4197412e+00
   5.9193000e+05   2.9170861e+00   1.9970656e+00   1.5104775e+00   1.4136142e+00
   5.9194000e+05   2.9040505e+00   2.0020356e+00   1.4992882e+00   1.4067979e+00
   5.9195000e+05   2.8801388e+00   1.9970656e+00   1.4878146e+00   1.3993297e+00
   5.9196000e+05   2.8455704e+00   1.9823032e+00   1.4760882e+00   1.3912502e+00
   5.9197000e+05   2.8008558e+00   1.9581844e+00   1.4641403e+00   1.3826024e+00
   5.9198000e+05   2.7467744e+00   1.9254117e+00   1.4520021e+00   1.3734319e+00
   5.9199000e+05   2.6843401e+00   1.8849205e+00   1.4397048e+00   1.3637860e+00
   5.9200000e+05   2.6147564e+00   1.8378347e+00   1.4272793e+00   1.3537137e+00
   5.9201000e+05   2.5393644e+00   1.7854147e+00   1.4147558e+00   1.3432650e+00
   5.9202000e+05   2.4595860e+00   1.7290022e+00   1.4021643e+00   1.3324907e+00
   5.9203000e+05   2.3768672e+00   1.6699630e+00   1.3895337e+00   1.3214417e+00
   5.9204000e+05   2.2926241e+00   1.6096336e+00   1.3768925e+00   1.3101691e+00
   5.9205000e+05   2.2081932e+00   1.5492730e+00   1.3642682e+00   1.2987232e+00
   5.9206000e+05   2.1247915e+00   1.4900218e+00   1.3516872e+00   1.2871537e+00
   5.9207000e+05   2.0434840e+00   1.4328713e+00   1.3391750e+00   1.2755089e+00
   5.9208000e+05   1.9651629e+00   1.3786423e+00   1.3267560e+00   1.2638358e+00
   5.9209000e+05   1.8905365e+00   1.3279749e+00   1.3144533e+00   1.2521794e+00
   5.9210000e+05   1.8201278e+00   1.2813272e+00   1.3022889e+00   1.2405829e+00
   5.9211000e+05   1.7542817e+00   1.2389826e+00   1.2902833e+00   1.2290869e+00
   5.9212000e+05   1.6931794e+00   1.2010649e+00   1.2784559e+00   1.2177298e+00
   5.9213000e+05   1.6368579e+00   1.1675573e+00   1.2668247e+00   1.2065471e+00
   5.9214000e+05   1.5852327e+00   1.1383260e+00   1.2554063e+00   1.1955716e+00
   5.9215000e+05   1.5381221e+00   1.1131443e+00   1.2442157e+00   1.1848332e+00
   5.9216000e+05   1.4952720e+00   1.0917172e+00   1.2332670e+00   1.1743590e+00
   5.9217000e+05   1.4563785e+00   1.0737045e+00   1.2225724e+00   1.1641729e+00
   5.9218000e+05   1.4211093e+00   1.0587417e+00   1.2121430e+00   1.1542958e+00
   5.9219000e+05   1.3891209e+00   1.0464580e+00   1.2019884e+00   1.1447457e+00
   5.9220000e+05   1.3600737e+00   1.0364901e+00   1.1921171e+00   1.1355376e+00
   5.9221000e+05   1.3336425e+00   1.0284940e+00   1.1825360e+00   1.1266837e+00
   5.9222000e+05   1.3095252e+00   1.0221521e+00   1.1732509e+00   1.1181934e+00
   5.9223000e+05   1.2874472e+00   1.0171786e+00   1.1642663e+00   1.1100735e+00
   5.9224000e+05   1.2671641e+00   1.0133218e+00   1.1555855e+00   1.1023281e+00
   5.9225000e+05   1.2484624e+00   1.0103638e+00   1.1472106e+00   1.0949591e+00
   5.9226000e+05   1.2311580e+00   1.0081202e+00   1.1391428e+00   1.0879662e+00
   5.9227000e+05   1.2150947e+00   1.0064369e+00   1.1313821e+00   1.0813468e+00
   5.9228000e+05   1.2001409e+00   1.0051877e+00   1.1239276e+00   1.0750968e+00
   5.9229000e+05   1.1861869e+00   1.0042707e+00   1.1167774e+00   1.0692099e+00
   5.9230000e+05   1.1731412e+00   1.0036047e+00   1.1099289e+00   1.0636787e+00
   5.9231000e+05   1.1609278e+00   1.0031263e+00   1.1033784e+00   1.0584943e+00
   5.9232000e+05   1.1494834e+00   1.0027862e+00   1.0971218e+00   1.0536466e+00
   5.9233000e+05   1.1387545e+00   1.0025470e+00   1.0911541e+00   1.0491245e+00
   5.9234000e+05   1.1286954e+00   1.0023806e+00   1.0854699e+00   1.0449160e+00
   5.9235000e+05   1.1192666e+00   1.0022660e+00   1.0800630e+00   1.0410087e+00
   5.9236000e+05   1.1104331e+00   1.0021880e+00   1.0749270e+00   1.0373893e+00
   5.9237000e+05   1.1021634e+00   1.0021354e+00   1.0700547e+00   1.0340445e+00
   5.9238000e+05   1.0944284e+00   1.0021003e+00   1.0654388e+00   1.0309604e+00
   5.9239000e+05   1.0872010e+00   1.0020771e+00   1.0610718e+00   1.0281233e+00
   5.9240000e+05   1.0804556e+00   1.0020620e+00   1.0569455e+00   1.0255192e+00
   5.9241000e+05   1.0741675e+00   1.0020522e+00   1.0530520e+00   1.0231345e+00
   5.9242000e+05   1.0683131e+00   1.0020459e+00   1.0493828e+00   1.0209555e+00
   5.9243000e+05   1.0628694e+00   1.0020420e+00   1.0459296e+00   1.0189690e+00
   5.9244000e+05   1.0578141e+00   1.0020395e+00   1.0426839e+00   1.0171619e+00
   5.9245000e+05   1.0531256e+00   1.0020379e+00   1.0396371e+00   1.0155217e+00
   5.9246000e+05   1.0487829e+00   1.0020370e+00   1.0367807e+00   1.0140363e+00
   5.9247000e+05   1.0447655e+00   1.0020364e+00   1.0341063e+00   1.0126939e+00
   5.9248000e+05   1.0410540e+00   1.0020361e+00   1.0316055e+00   1.0114836e+00
   5.9249000e+05   1.0376292e+00   1.0020359e+00   1.0292699e+00   1.0103945e+00
   5.9250000e+05   1.0344729e+00   1.0020357e+00   1.0270915e+00   1.0094168e+00
   5.9251000e+05   1.0315676e+00   1.0020357e+00   1.0250622e+00   1.0085410e+00
   5.9252000e+05   1.0288966e+00   1.0020356e+00   1.0231741e+00   1.0077580e+00
   5.9253000e+05   1.0264438e+00   1.0020356e+00   1.0214197e+00   1.0070596e+00
   5.9254000e+05   1.0241939e+00   1.0020356e+00   1.0197915e+00   1.0064380e+00
   5.9255000e+05   1.0221326e+00   1.0020356e+00   1.0182823e+00   1.0058859e+00
   5.9256000e+05   1.0202461e+00   1.0020356e+00   1.0168852e+00   1.0053965e+00
   5.9257000e+05   1.0185216e+00   1.0020356e+00   1.0155934e+00   1.0049637e+00
   5.9258000e+05   1.0174575e+00   1.0020356e+00   1.0144005e+00   1.0050926e+00
   5.9259000e+05   1.0168070e+00   1.0020356e+00   1.0133002e+00   1.0055424e+00
   5.9260000e+05   1.0163017e+00   1.0020356e+00   1.0122867e+00   1.0060505e+00
   5.9261000e+05   1.0159421e+00   1.0020356e+00   1.0113542e+00   1.0066235e+00
   5.9262000e+05   1.0157299e+00   1.0020356e+00   1.0104973e+00   1.0072682e+00
   5.9263000e+05   1.0156672e+00   1.0020356e+00   1.0097107e+00   1.0079920e+00
   5.9264000e+05   1.0157571e+00   1.0020356e+00   1.0089897e+00   1.0088030e+00
   5.9265000e+05   1.0160035e+00   1.0020356e+00   1.0083296e+00   1.0097095e+00
   5.9266000e+05   1.0164111e+00   1.0020356e+00   1.0077259e+00   1.0107208e+00
   5.9267000e+05   1.0169854e+00   1.0020356e+00   1.0071745e+00   1.0118464e+00
   5.9268000e+05   1.0177326e+00   1.0020356e+00   1.0066715e+00   1.0130967e+00
   5.9269000e+05   1.0186599e+00   1.0020356e+00   1.0062131e+00   1.0144823e+00
   5.9270000e+05   1.0197750e+00   1.0020356e+00   1.0057960e+00   1.0160146e+00
   5.9271000e+05   1.0210866e+00   1.0020356e+00   1.0054168e+00   1.0177053e+00
   5.9272000e+05   1.0226038e+00   1.0020356e+00   1.0050726e+00   1.0195669e+00
   5.9273000e+05   1.0243366e+00   1.0020356e+00   1.0047604e+00   1.0216118e+00
   5.9274000e+05   1.0262954e+00   1.0020356e+00   1.0044776e+00   1.0238533e+00
   5.9275000e+05   1.0284910e+00   1.0020356e+00   1.0042218e+00   1.0263048e+00
   5.9276000e+05   1.0309349e+00   1.0020356e+00   1.0039907e+00   1.0289798e+00
   5.9277000e+05   1.0336387e+00   1.0020356e+00   1.0037820e+00   1.0318923e+00
   5.9278000e+05   1.0366143e+00   1.0020356e+00   1.0035940e+00   1.0350559e+00
   5.9279000e+05   1.0398737e+00   1.0020356e+00   1.0034247e+00   1.0384847e+00
   5.9280000e+05   1.0434289e+00   1.0020356e+00   1.0032724e+00   1.0421921e+00
   5.9281000e+05   1.0472917e+00   1.0020356e+00   1.0031356e+00   1.0461917e+00
   5.9282000e+05   1.0514737e+00   1.0020356e+00   1.0030129e+00   1.0504964e+00
   5.9283000e+05   1.0559858e+00   1.0020356e+00   1.0029029e+00   1.0551185e+00
   5.9284000e+05   1.0608387e+00   1.0020356e+00   1.0028045e+00   1.0600698e+00
   5.9285000e+05   1.0660418e+00   1.0020356e+00   1.0027164e+00   1.0653610e+00
   5.9286000e+05   1.0716041e+00   1.0020356e+00   1.0026379e+00   1.0710019e+00
   5.9287000e+05   1.0775331e+00   1.0020356e+00   1.0025677e+00   1.0770009e+00
   5.9288000e+05   1.0838350e+00   1.0020356e+00   1.0025053e+00   1.0833652e+00
   5.9289000e+05   1.0905145e+00   1.0020356e+00   1.0024497e+00   1.0901004e+00
   5.9290000e+05   1.0975748e+00   1.0020356e+00   1.0024003e+00   1.0972101e+00
   5.9291000e+05   1.1050170e+00   1.0020356e+00   1.0023565e+00   1.1046961e+00
   5.9292000e+05   1.1128402e+00   1.0020356e+00   1.0023176e+00   1.1125583e+00
   5.9293000e+05   1.1210414e+00   1.0020356e+00   1.0022831e+00   1.1207939e+00
   5.9294000e+05   1.1296152e+00   1.0020356e+00   1.0022526e+00   1.1293981e+00
   5.9295000e+05   1.1385534e+00   1.0020356e+00   1.0022257e+00   1.1383633e+00
   5.9296000e+05   1.1478455e+00   1.0020356e+00   1.0022019e+00   1.1476791e+00
   5.9297000e+05   1.1574781e+00   1.0020356e+00   1.0021810e+00   1.1573327e+00
   5.9298000e+05   1.1674349e+00   1.0020356e+00   1.0021625e+00   1.1673079e+00
   5.9299000e+05   1.1777181e+00   1.0020356e+00   1.0021677e+00   1.1775860e+00
   5.9300000e+05   1.1882963e+00   1.0020356e+00   1.0021868e+00   1.1881451e+00
   5.9301000e+05   1.1991331e+00   1.0020356e+00   1.0022086e+00   1.1989602e+00
   5.9302000e+05   1.2102011e+00   1.0020356e+00   1.0022332e+00   1.2100034e+00
   5.9303000e+05   1.2214696e+00   1.0020356e+00   1.0022611e+00   1.2212441e+00
   5.9304000e+05   1.2329054e+00   1.0020356e+00   1.0022927e+00   1.2326483e+00
   5.9305000e+05   1.2444726e+00   1.0020356e+00   1.0023284e+00   1.2441798e+00
   5.9306000e+05   1.2561325e+00   1.0020356e+00   1.0023687e+00   1.2557994e+00
   5.9307000e+05   1.2678442e+00   1.0020356e+00   1.0024141e+00   1.2674657e+00
   5.9308000e+05   1.2795645e+00   1.0020356e+00   1.0024652e+00   1.2791349e+00
   5.9309000e+05   1.2912485e+00   1.0020356e+00   1.0025227e+00   1.2907614e+00
   5.9310000e+05   1.3028495e+00   1.0020356e+00   1.0025873e+00   1.3022977e+00
   5.9311000e+05   1.3143193e+00   1.0020356e+00   1.0026598e+00   1.3136951e+00
   5.9312000e+05   1.3256091e+00   1.0020356e+00   1.0027411e+00   1.3249036e+00
   5.9313000e+05   1.3366690e+00   1.0020356e+00   1.0028320e+00   1.3358726e+00
   5.9314000e+05   1.3474492e+00   1.0020356e+00   1.0029337e+00   1.3465511e+00
   5.9315000e+05   1.3578999e+00   1.0020356e+00   1.0030473e+00   1.3568882e+00
   5.9316000e+05   1.3679716e+00   1.0020356e+00   1.0031739e+00   1.3668332e+00
   5.9317000e+05   1.3776160e+00   1.0020356e+00   1.0033151e+00   1.3763365e+00
   5.9318000e+05   1.3867860e+00   1.0020356e+00   1.0034722e+00   1.3853495e+00
   5.9319000e+05   1.3954365e+00   1.0020356e+00   1.0036468e+00   1.3938254e+00
   5.9320000e+05   1.4035243e+00   1.0020356e+00   1.0038406e+00   1.4017193e+00
   5.9321000e+05   1.4110090e+00   1.0020356e+00   1.0040556e+00   1.4089890e+00
   5.9322000e+05   1.4178529e+00   1.0020356e+00   1.0042937e+00   1.4155948e+00
   5.9323000e+05   1.4240220e+00   1.0020356e+00   1.0045571e+00   1.4215005e+00
   5.9324000e+05   1.4294856e+00   1.0020356e+00   1.0048481e+00   1.4266731e+00
   5.9325000e+05   1.4342174e+00   1.0020356e+00   1.0051694e+00   1.4310836e+00
   5.9326000e+05   1.4381950e+00   1.0020356e+00   1.0055235e+00   1.4347071e+00
   5.9327000e+05   1.4414008e+00   1.0020356e+00   1.0059134e+00   1.4375229e+00
   5.9328000e+05   1.4438217e+00   1.0020356e+00   1.0063422e+00   1.4395150e+00
   5.9329000e+05   1.4454495e+00   1.0020356e+00   1.0068132e+00   1.4406719e+00
   5.9330000e+05   1.4462813e+00   1.0020356e+00   1.0073300e+00   1.4409869e+00
   5.9331000e+05   1.4463188e+00   1.0020356e+00   1.0078962e+00   1.4404582e+00
   5.9332000e+05   1.4455691e+00   1.0020356e+00   1.0085159e+00   1.4390889e+00
   5.9333000e+05   1.4440445e+00   1.0020356e+00   1.0091933e+00   1.4368868e+00
   5.9334000e+05   1.4417618e+00   1.0020356e+00   1.0099329e+00   1.4338646e+00
   5.9335000e+05   1.4387433e+00   1.0020356e+00   1.0107394e+00   1.4300395e+00
   5.9336000e+05   1.4350155e+00   1.0020356e+00   1.0116178e+00   1.4254333e+00
   5.9337000e+05   1.4306098e+00   1.0020356e+00   1.0125733e+00   1.4200721e+00
   5.9338000e+05   1.4255617e+00   1.0020356e+00   1.0136115e+00   1.4139857e+00
   5.9339000e+05   1.4199107e+00   1.0020356e+00   1.0147381e+00   1.4072081e+00
   5.9340000e+05   1.4137000e+00   1.0020356e+00   1.0159592e+00   1.3997764e+00
   5.9341000e+05   1.4069762e+00   1.0020356e+00   1.0172810e+00   1.3917309e+00
   5.9342000e+05   1.3997890e+00   1.0020356e+00   1.0187100e+00   1.3831145e+00
   5.9343000e+05   1.3921904e+00   1.0020356e+00   1.0202531e+00   1.3739728e+00
   5.9344000e+05   1.3842347e+00   1.0020356e+00   1.0219173e+00   1.3643530e+00
   5.9345000e+05   1.3759782e+00   1.0020356e+00   1.0237099e+00   1.3543038e+00
   5.9346000e+05   1.3674782e+00   1.0020356e+00   1.0256383e+00   1.3438755e+00
   5.9347000e+05   1.3587932e+00   1.0020356e+00   1.0277103e+00   1.3331185e+00
   5.9348000e+05   1.3499820e+00   1.0020356e+00   1.0299337e+00   1.3220840e+00
   5.9349000e+05   1.3411038e+00   1.0020356e+00   1.0323165e+00   1.3108228e+00
   5.9350000e+05   1.3322170e+00   1.0020356e+00   1.0348671e+00   1.2993855e+00
   5.9351000e+05   1.3233798e+00   1.0020356e+00   1.0375936e+00   1.2878218e+00
   5.9352000e+05   1.3146490e+00   1.0020356e+00   1.0405045e+00   1.2761801e+00
   5.9353000e+05   1.3060802e+00   1.0020356e+00   1.0436084e+00   1.2645073e+00
   5.9354000e+05   1.2977270e+00   1.0020356e+00   1.0469137e+00   1.2528488e+00
   5.9355000e+05   1.2896411e+00   1.0020356e+00   1.0504289e+00   1.2412477e+00
   5.9356000e+05   1.2818719e+00   1.0020356e+00   1.0541626e+00   1.2297449e+00
   5.9357000e+05   1.2744663e+00   1.0020356e+00   1.0581231e+00   1.2183788e+00
   5.9358000e+05   1.2674681e+00   1.0020356e+00   1.0623186e+00   1.2071851e+00
   5.9359000e+05   1.2609186e+00   1.0020356e+00   1.0667573e+00   1.1961969e+00
   5.9360000e+05   1.2548556e+00   1.0020356e+00   1.0714471e+00   1.1854441e+00
   5.9361000e+05   1.2493139e+00   1.0020356e+00   1.0763955e+00   1.1749540e+00
   5.9362000e+05   1.2443249e+00   1.0020356e+00   1.0816097e+00   1.1647507e+00
   5.9363000e+05   1.2399165e+00   1.0020356e+00   1.0870967e+00   1.1548553e+00
   5.9364000e+05   1.2361133e+00   1.0020356e+00   1.0928629e+00   1.1452860e+00
   5.9365000e+05   1.2329364e+00   1.0020356e+00   1.0989142e+00   1.1360578e+00
   5.9366000e+05   1.2304036e+00   1.0020356e+00   1.1052559e+00   1.1271833e+00
   5.9367000e+05   1.2285291e+00   1.0020356e+00   1.1118928e+00   1.1186719e+00
   5.9368000e+05   1.2273238e+00   1.0020356e+00   1.1188289e+00   1.1105305e+00
   5.9369000e+05   1.2267954e+00   1.0020356e+00   1.1260675e+00   1.1027635e+00
   5.9370000e+05   1.2269483e+00   1.0020356e+00   1.1336110e+00   1.0953729e+00
   5.9371000e+05   1.2277839e+00   1.0020356e+00   1.1414611e+00   1.0883584e+00
   5.9372000e+05   1.2293004e+00   1.0020356e+00   1.1496184e+00   1.0817176e+00
   5.9373000e+05   1.2314934e+00   1.0020356e+00   1.1580825e+00   1.0754464e+00
   5.9374000e+05   1.2343554e+00   1.0020356e+00   1.1668521e+00   1.0695389e+00
   5.9375000e+05   1.2378765e+00   1.0020356e+00   1.1759247e+00   1.0639875e+00
   5.9376000e+05   1.2420443e+00   1.0020356e+00   1.1852965e+00   1.0587834e+00
   5.9377000e+05   1.2468438e+00   1.0020356e+00   1.1949628e+00   1.0539166e+00
   5.9378000e+05   1.2522578e+00   1.0020356e+00   1.2049174e+00   1.0493760e+00
   5.9379000e+05   1.2582672e+00   1.0020356e+00   1.2151529e+00   1.0451499e+00
   5.9380000e+05   1.2648506e+00   1.0020356e+00   1.2256606e+00   1.0412255e+00
   5.9381000e+05   1.2719848e+00   1.0020356e+00   1.2364304e+00   1.0375900e+00
   5.9382000e+05   1.2796451e+00   1.0020356e+00   1.2474510e+00   1.0342297e+00
   5.9383000e+05   1.2878048e+00   1.0020356e+00   1.2587094e+00   1.0311310e+00
   5.9384000e+05   1.2964359e+00   1.0020356e+00   1.2701914e+00   1.0282801e+00
   5.9385000e+05   1.3055090e+00   1.0020356e+00   1.2818816e+00   1.0256630e+00
   5.9386000e+05   1.3149932e+00   1.0020356e+00   1.2937627e+00   1.0232660e+00
   5.9387000e+05   1.3248566e+00   1.0020356e+00   1.3058166e+00   1.0210756e+00
   5.9388000e+05   1.3350663e+00   1.0020356e+00   1.3180235e+00   1.0190783e+00
   5.9389000e+05   1.3455881e+00   1.0020356e+00   1.3303624e+00   1.0172612e+00
   5.9390000e+05   1.3563872e+00   1.0020356e+00   1.3428110e+00   1.0156118e+00
   5.9391000e+05   1.3674280e+00   1.0020356e+00   1.3553458e+00   1.0141178e+00
   5.9392000e+05   1.3786740e+00   1.0020356e+00   1.3679421e+00   1.0127675e+00
   5.9393000e+05   1.3900884e+00   1.0020356e+00   1.3805741e+00   1.0115498e+00
   5.9394000e+05   1.4016336e+00   1.0020356e+00   1.3932151e+00   1.0104541e+00
   5.9395000e+05   1.4132719e+00   1.0020356e+00   1.4058372e+00   1.0094703e+00
   5.9396000e+05   1.4249652e+00   1.0020356e+00   1.4184120e+00   1.0085888e+00
   5.9397000e+05   1.4366752e+00   1.0020356e+00   1.4309100e+00   1.0078007e+00
   5.9398000e+05   1.4483635e+00   1.0020356e+00   1.4433014e+00   1.0070977e+00
   5.9399000e+05   1.4599917e+00   1.0020356e+00   1.4555555e+00   1.0064718e+00
   5.9400000e+05   1.4715218e+00   1.0020356e+00   1.4676415e+00   1.0059159e+00
