   5.8552651e+05   9.8423550e-01
   5.8568224e+05   1.1913555e+00
   5.8583455e+05   1.3415922e+00
   5.8598592e+05   1.6442690e+00
   5.8614121e+05   1.6440014e+00
   5.8628721e+05   1.6109389e+00
   5.8641994e+05   1.3112656e+00
   5.8657385e+05   1.5961972e+00
   5.8672685e+05   1.7330632e+00
   5.8688031e+05   1.5748602e+00
   5.8703562e+05   1.3830015e+00
   5.8718896e+05   1.3700394e+00
   5.8737374e+05   1.3465076e+00
   5.8752584e+05   1.4661961e+00
   5.8767911e+05   1.4477521e+00
   5.8783129e+05   1.2579408e+00
   5.8798559e+05   1.0901226e+00
   5.8814072e+05   1.0087937e+00
   5.8829485e+05   1.0601935e+00
   5.8849093e+05   1.0960309e+00
   5.8864651e+05   1.2591430e+00
   5.8880249e+05   1.4680817e+00
   5.8894947e+05   1.7781634e+00
   5.8910287e+05   1.7482731e+00
   5.8925381e+05   1.6668611e+00
   5.8940640e+05   1.5897822e+00
   5.8950764e+05   1.4170388e+00
   5.8966336e+05   1.1051763e+00
   5.8981897e+05   1.1047807e+00
   5.8997339e+05   1.2685188e+00
   5.9012430e+05   1.2918728e+00
   5.9028109e+05   1.2693061e+00
   5.9040005e+05   1.4653195e+00
   5.9055249e+05   1.3013276e+00
   5.9070545e+05   1.1570257e+00
   5.9085832e+05   1.0621010e+00
   5.9101095e+05   1.0288606e+00
   5.9116855e+05   1.1207345e+00
   5.9131937e+05   1.4089667e+00
   5.9147135e+05   1.5877225e+00
   5.9162651e+05   2.1028593e+00
   5.9177918e+05   2.3047529e+00
   5.9193401e+05   3.1104102e+00
   5.9208333e+05   1.9373763e+00
   5.9223927e+05   1.2242869e+00
   5.9239357e+05   1.1237230e+00
   5.9260853e+05   9.8750315e-01
   5.9276106e+05   9.6092402e-01
   5.9291796e+05   1.0145095e+00
   5.9307247e+05   1.1193959e+00
   5.9322277e+05   1.3404466e+00
   5.9337670e+05   1.3398163e+00
