   5.8500000e+05   1.3928950e+00   1.2020143e+00   1.2079856e+00   1.3869236e+00
   5.8501000e+05   1.3815618e+00   1.2020143e+00   1.2072193e+00   1.3763568e+00
   5.8502000e+05   1.3706350e+00   1.2020143e+00   1.2065423e+00   1.3661070e+00
   5.8503000e+05   1.3601216e+00   1.2020143e+00   1.2059454e+00   1.3561904e+00
   5.8504000e+05   1.3500266e+00   1.2020143e+00   1.2054204e+00   1.3466204e+00
   5.8505000e+05   1.3403532e+00   1.2020143e+00   1.2049597e+00   1.3374078e+00
   5.8506000e+05   1.3311028e+00   1.2020143e+00   1.2045561e+00   1.3285610e+00
   5.8507000e+05   1.3222751e+00   1.2020143e+00   1.2042035e+00   1.3200859e+00
   5.8508000e+05   1.3138680e+00   1.2020143e+00   1.2038960e+00   1.3119862e+00
   5.8509000e+05   1.3058777e+00   1.2020143e+00   1.2036285e+00   1.3042635e+00
   5.8510000e+05   1.2982992e+00   1.2020143e+00   1.2033962e+00   1.2969173e+00
   5.8511000e+05   1.2911259e+00   1.2020143e+00   1.2031950e+00   1.2899452e+00
   5.8512000e+05   1.2843500e+00   1.2020143e+00   1.2030210e+00   1.2833432e+00
   5.8513000e+05   1.2779624e+00   1.2020143e+00   1.2028710e+00   1.2771056e+00
   5.8514000e+05   1.2719532e+00   1.2020143e+00   1.2027419e+00   1.2712255e+00
   5.8515000e+05   1.2663113e+00   1.2020143e+00   1.2026310e+00   1.2656946e+00
   5.8516000e+05   1.2610251e+00   1.2020143e+00   1.2025360e+00   1.2605035e+00
   5.8517000e+05   1.2560822e+00   1.2020143e+00   1.2024547e+00   1.2556418e+00
   5.8518000e+05   1.2514695e+00   1.2020143e+00   1.2023853e+00   1.2510984e+00
   5.8519000e+05   1.2471736e+00   1.2020143e+00   1.2023263e+00   1.2468616e+00
   5.8520000e+05   1.2431808e+00   1.2020143e+00   1.2022761e+00   1.2429190e+00
   5.8521000e+05   1.2394772e+00   1.2020143e+00   1.2022335e+00   1.2392580e+00
   5.8522000e+05   1.2360487e+00   1.2020143e+00   1.2021975e+00   1.2358654e+00
   5.8523000e+05   1.2328811e+00   1.2020143e+00   1.2021671e+00   1.2327282e+00
   5.8524000e+05   1.2299604e+00   1.2020143e+00   1.2021415e+00   1.2298332e+00
   5.8525000e+05   1.2272727e+00   1.2020143e+00   1.2021200e+00   1.2271670e+00
   5.8526000e+05   1.2248044e+00   1.2020143e+00   1.2021019e+00   1.2247167e+00
   5.8527000e+05   1.2225419e+00   1.2020143e+00   1.2020868e+00   1.2224694e+00
   5.8528000e+05   1.2204723e+00   1.2020143e+00   1.2020742e+00   1.2204124e+00
   5.8529000e+05   1.2185827e+00   1.2020143e+00   1.2020636e+00   1.2185333e+00
   5.8530000e+05   1.2168610e+00   1.2020143e+00   1.2020549e+00   1.2168204e+00
   5.8531000e+05   1.2152952e+00   1.2020143e+00   1.2020476e+00   1.2152618e+00
   5.8532000e+05   1.2138740e+00   1.2020143e+00   1.2020416e+00   1.2138467e+00
   5.8533000e+05   1.2125866e+00   1.2020143e+00   1.2020366e+00   1.2125643e+00
   5.8534000e+05   1.2114227e+00   1.2020143e+00   1.2020325e+00   1.2114045e+00
   5.8535000e+05   1.2103724e+00   1.2020143e+00   1.2020291e+00   1.2103576e+00
   5.8536000e+05   1.2094265e+00   1.2020143e+00   1.2020263e+00   1.2094145e+00
   5.8537000e+05   1.2085763e+00   1.2020143e+00   1.2020240e+00   1.2085665e+00
   5.8538000e+05   1.2078135e+00   1.2020143e+00   1.2020222e+00   1.2078056e+00
   5.8539000e+05   1.2071305e+00   1.2020143e+00   1.2020207e+00   1.2071241e+00
   5.8540000e+05   1.2077155e+00   1.2020143e+00   1.2020194e+00   1.2077103e+00
   5.8541000e+05   1.2084644e+00   1.2020143e+00   1.2020184e+00   1.2084602e+00
   5.8542000e+05   1.2092995e+00   1.2020143e+00   1.2020176e+00   1.2092961e+00
   5.8543000e+05   1.2102287e+00   1.2020143e+00   1.2020169e+00   1.2102261e+00
   5.8544000e+05   1.2112608e+00   1.2020143e+00   1.2020164e+00   1.2112586e+00
   5.8545000e+05   1.2124046e+00   1.2020143e+00   1.2020160e+00   1.2124029e+00
   5.8546000e+05   1.2136697e+00   1.2020143e+00   1.2020156e+00   1.2136683e+00
   5.8547000e+05   1.2150663e+00   1.2020143e+00   1.2020153e+00   1.2150652e+00
   5.8548000e+05   1.2166048e+00   1.2020143e+00   1.2020151e+00   1.2166040e+00
   5.8549000e+05   1.2182964e+00   1.2020143e+00   1.2020149e+00   1.2182957e+00
   5.8550000e+05   1.2201525e+00   1.2020143e+00   1.2020148e+00   1.2201519e+00
   5.8551000e+05   1.2221849e+00   1.2020143e+00   1.2020147e+00   1.2221845e+00
   5.8552000e+05   1.2244061e+00   1.2020143e+00   1.2020146e+00   1.2244058e+00
   5.8553000e+05   1.2268285e+00   1.2020143e+00   1.2020145e+00   1.2268283e+00
   5.8554000e+05   1.2294651e+00   1.2020143e+00   1.2020145e+00   1.2294649e+00
   5.8555000e+05   1.2323288e+00   1.2020143e+00   1.2020144e+00   1.2323287e+00
   5.8556000e+05   1.2354330e+00   1.2020143e+00   1.2020144e+00   1.2354328e+00
   5.8557000e+05   1.2387908e+00   1.2020143e+00   1.2020145e+00   1.2387906e+00
   5.8558000e+05   1.2424154e+00   1.2020143e+00   1.2020146e+00   1.2424151e+00
   5.8559000e+05   1.2463198e+00   1.2020143e+00   1.2020146e+00   1.2463194e+00
   5.8560000e+05   1.2505168e+00   1.2020143e+00   1.2020147e+00   1.2505163e+00
   5.8561000e+05   1.2550187e+00   1.2020143e+00   1.2020149e+00   1.2550181e+00
   5.8562000e+05   1.2598375e+00   1.2020143e+00   1.2020150e+00   1.2598367e+00
   5.8563000e+05   1.2649843e+00   1.2020143e+00   1.2020152e+00   1.2649833e+00
   5.8564000e+05   1.2704696e+00   1.2020143e+00   1.2020155e+00   1.2704684e+00
   5.8565000e+05   1.2763030e+00   1.2020143e+00   1.2020158e+00   1.2763015e+00
   5.8566000e+05   1.2824928e+00   1.2020143e+00   1.2020162e+00   1.2824909e+00
   5.8567000e+05   1.2890464e+00   1.2020143e+00   1.2020167e+00   1.2890440e+00
   5.8568000e+05   1.2959695e+00   1.2020143e+00   1.2020173e+00   1.2959665e+00
   5.8569000e+05   1.3032664e+00   1.2020143e+00   1.2020180e+00   1.3032627e+00
   5.8570000e+05   1.3109398e+00   1.2020143e+00   1.2020189e+00   1.3109352e+00
   5.8571000e+05   1.3189904e+00   1.2020143e+00   1.2020200e+00   1.3189846e+00
   5.8572000e+05   1.3274170e+00   1.2020143e+00   1.2020214e+00   1.3274098e+00
   5.8573000e+05   1.3362163e+00   1.2020143e+00   1.2020231e+00   1.3362074e+00
   5.8574000e+05   1.3453826e+00   1.2020143e+00   1.2020252e+00   1.3453717e+00
   5.8575000e+05   1.3549081e+00   1.2020143e+00   1.2020277e+00   1.3548946e+00
   5.8576000e+05   1.3647823e+00   1.2020143e+00   1.2020308e+00   1.3647657e+00
   5.8577000e+05   1.3749923e+00   1.2020143e+00   1.2020346e+00   1.3749720e+00
   5.8578000e+05   1.3855225e+00   1.2020143e+00   1.2020391e+00   1.3854976e+00
   5.8579000e+05   1.3963546e+00   1.2020143e+00   1.2020446e+00   1.3963242e+00
   5.8580000e+05   1.4074678e+00   1.2020143e+00   1.2020513e+00   1.4074307e+00
   5.8581000e+05   1.4188383e+00   1.2020143e+00   1.2020593e+00   1.4187932e+00
   5.8582000e+05   1.4304399e+00   1.2020143e+00   1.2020690e+00   1.4303852e+00
   5.8583000e+05   1.4422437e+00   1.2020143e+00   1.2020806e+00   1.4421773e+00
   5.8584000e+05   1.4542180e+00   1.2020143e+00   1.2020945e+00   1.4541377e+00
   5.8585000e+05   1.4663290e+00   1.2020143e+00   1.2021112e+00   1.4662321e+00
   5.8586000e+05   1.4785403e+00   1.2020143e+00   1.2021310e+00   1.4784235e+00
   5.8587000e+05   1.4908135e+00   1.2020143e+00   1.2021547e+00   1.4906731e+00
   5.8588000e+05   1.5031081e+00   1.2020143e+00   1.2021827e+00   1.5029397e+00
   5.8589000e+05   1.5153820e+00   1.2020143e+00   1.2022160e+00   1.5151802e+00
   5.8590000e+05   1.5275913e+00   1.2020143e+00   1.2022554e+00   1.5273502e+00
   5.8591000e+05   1.5396911e+00   1.2020143e+00   1.2023019e+00   1.5394035e+00
   5.8592000e+05   1.5516353e+00   1.2020143e+00   1.2023566e+00   1.5512930e+00
   5.8593000e+05   1.5633774e+00   1.2020143e+00   1.2024210e+00   1.5629706e+00
   5.8594000e+05   1.5748703e+00   1.2020143e+00   1.2024965e+00   1.5743880e+00
   5.8595000e+05   1.5860671e+00   1.2020143e+00   1.2025849e+00   1.5854964e+00
   5.8596000e+05   1.5969212e+00   1.2020143e+00   1.2026882e+00   1.5962473e+00
   5.8597000e+05   1.6073867e+00   1.2020143e+00   1.2028085e+00   1.6065925e+00
   5.8598000e+05   1.6174191e+00   1.2020143e+00   1.2029485e+00   1.6164849e+00
   5.8599000e+05   1.6269751e+00   1.2020143e+00   1.2031109e+00   1.6258785e+00
   5.8600000e+05   1.6360135e+00   1.2020143e+00   1.2032989e+00   1.6347288e+00
   5.8601000e+05   1.6444953e+00   1.2020143e+00   1.2035163e+00   1.6429933e+00
   5.8602000e+05   1.6523842e+00   1.2020143e+00   1.2037668e+00   1.6506316e+00
   5.8603000e+05   1.6596470e+00   1.2020143e+00   1.2040551e+00   1.6576062e+00
   5.8604000e+05   1.6662538e+00   1.2020143e+00   1.2043861e+00   1.6638820e+00
   5.8605000e+05   1.6721784e+00   1.2020143e+00   1.2047652e+00   1.6694275e+00
   5.8606000e+05   1.6773986e+00   1.2020143e+00   1.2051985e+00   1.6742143e+00
   5.8607000e+05   1.6818965e+00   1.2020143e+00   1.2056927e+00   1.6782181e+00
   5.8608000e+05   1.6856588e+00   1.2020143e+00   1.2062551e+00   1.6814180e+00
   5.8609000e+05   1.6886770e+00   1.2020143e+00   1.2068938e+00   1.6837975e+00
   5.8610000e+05   1.6909472e+00   1.2020143e+00   1.2076174e+00   1.6853441e+00
   5.8611000e+05   1.6924710e+00   1.2020143e+00   1.2084354e+00   1.6860499e+00
   5.8612000e+05   1.6932550e+00   1.2020143e+00   1.2093581e+00   1.6859111e+00
   5.8613000e+05   1.6933109e+00   1.2020143e+00   1.2103967e+00   1.6849285e+00
   5.8614000e+05   1.6926558e+00   1.2020143e+00   1.2115630e+00   1.6831071e+00
   5.8615000e+05   1.6913120e+00   1.2020143e+00   1.2128698e+00   1.6804565e+00
   5.8616000e+05   1.6893070e+00   1.2020143e+00   1.2143308e+00   1.6769905e+00
   5.8617000e+05   1.6866731e+00   1.2020143e+00   1.2159604e+00   1.6727270e+00
   5.8618000e+05   1.6834479e+00   1.2020143e+00   1.2177742e+00   1.6676880e+00
   5.8619000e+05   1.6796732e+00   1.2020143e+00   1.2197882e+00   1.6618993e+00
   5.8620000e+05   1.6753955e+00   1.2020143e+00   1.2220195e+00   1.6553902e+00
   5.8621000e+05   1.6706653e+00   1.2020143e+00   1.2244859e+00   1.6481936e+00
   5.8622000e+05   1.6655370e+00   1.2020143e+00   1.2272060e+00   1.6403453e+00
   5.8623000e+05   1.6600683e+00   1.2020143e+00   1.2301988e+00   1.6318838e+00
   5.8624000e+05   1.6543200e+00   1.2020143e+00   1.2334841e+00   1.6228502e+00
   5.8625000e+05   1.6483556e+00   1.2020143e+00   1.2370821e+00   1.6132877e+00
   5.8626000e+05   1.6422406e+00   1.2020143e+00   1.2410134e+00   1.6032414e+00
   5.8627000e+05   1.6360421e+00   1.2020143e+00   1.2452987e+00   1.5927577e+00
   5.8628000e+05   1.6298285e+00   1.2020143e+00   1.2499587e+00   1.5818840e+00
   5.8629000e+05   1.6236689e+00   1.2020143e+00   1.2550144e+00   1.5706688e+00
   5.8630000e+05   1.6176322e+00   1.2020143e+00   1.2604860e+00   1.5591605e+00
   5.8631000e+05   1.6117871e+00   1.2020143e+00   1.2663934e+00   1.5474079e+00
   5.8632000e+05   1.6062012e+00   1.2020143e+00   1.2727561e+00   1.5354593e+00
   5.8633000e+05   1.6009404e+00   1.2020143e+00   1.2795921e+00   1.5233626e+00
   5.8634000e+05   1.5960688e+00   1.2020143e+00   1.2869186e+00   1.5111644e+00
   5.8635000e+05   1.5916475e+00   1.2020143e+00   1.2947513e+00   1.4989105e+00
   5.8636000e+05   1.5877346e+00   1.2020143e+00   1.3031040e+00   1.4866448e+00
   5.8637000e+05   1.5843844e+00   1.2020143e+00   1.3119888e+00   1.4744099e+00
   5.8638000e+05   1.5816471e+00   1.2020143e+00   1.3214152e+00   1.4622461e+00
   5.8639000e+05   1.5795680e+00   1.2020143e+00   1.3313905e+00   1.4501919e+00
   5.8640000e+05   1.5781876e+00   1.2020143e+00   1.3419188e+00   1.4382831e+00
   5.8641000e+05   1.5775405e+00   1.2020143e+00   1.3530014e+00   1.4265533e+00
   5.8642000e+05   1.5776556e+00   1.2020143e+00   1.3646362e+00   1.4150337e+00
   5.8643000e+05   1.5785556e+00   1.2020143e+00   1.3768174e+00   1.4037525e+00
   5.8644000e+05   1.5802564e+00   1.2020143e+00   1.3895353e+00   1.3927354e+00
   5.8645000e+05   1.5827675e+00   1.2020143e+00   1.4027763e+00   1.3820055e+00
   5.8646000e+05   1.5860912e+00   1.2020143e+00   1.4165226e+00   1.3715829e+00
   5.8647000e+05   1.5902227e+00   1.2020143e+00   1.4307519e+00   1.3614851e+00
   5.8648000e+05   1.5951502e+00   1.2020143e+00   1.4454374e+00   1.3517271e+00
   5.8649000e+05   1.6008544e+00   1.2020143e+00   1.4605478e+00   1.3423209e+00
   5.8650000e+05   1.6073093e+00   1.2020143e+00   1.4760472e+00   1.3332764e+00
   5.8651000e+05   1.6144814e+00   1.2020143e+00   1.4918951e+00   1.3246006e+00
   5.8652000e+05   1.6223308e+00   1.2020143e+00   1.5080464e+00   1.3162986e+00
   5.8653000e+05   1.6308104e+00   1.2020143e+00   1.5244518e+00   1.3083729e+00
   5.8654000e+05   1.6398673e+00   1.2020143e+00   1.5410573e+00   1.3008243e+00
   5.8655000e+05   1.6494422e+00   1.2020143e+00   1.5578053e+00   1.2936512e+00
   5.8656000e+05   1.6594705e+00   1.2020143e+00   1.5746341e+00   1.2868506e+00
   5.8657000e+05   1.6698822e+00   1.2020143e+00   1.5914787e+00   1.2804177e+00
   5.8658000e+05   1.6806029e+00   1.2020143e+00   1.6082710e+00   1.2743462e+00
   5.8659000e+05   1.6915541e+00   1.2020143e+00   1.6249399e+00   1.2686284e+00
   5.8660000e+05   1.7026540e+00   1.2020143e+00   1.6414126e+00   1.2632557e+00
   5.8661000e+05   1.7138180e+00   1.2020143e+00   1.6576142e+00   1.2582180e+00
   5.8662000e+05   1.7249592e+00   1.2020143e+00   1.6734687e+00   1.2535047e+00
   5.8663000e+05   1.7359898e+00   1.2020143e+00   1.6888996e+00   1.2491044e+00
   5.8664000e+05   1.7468210e+00   1.2020143e+00   1.7038302e+00   1.2450051e+00
   5.8665000e+05   1.7573645e+00   1.2020143e+00   1.7181847e+00   1.2411941e+00
   5.8666000e+05   1.7675326e+00   1.2020143e+00   1.7318882e+00   1.2376587e+00
   5.8667000e+05   1.7772395e+00   1.2020143e+00   1.7448681e+00   1.2343857e+00
   5.8668000e+05   1.7864017e+00   1.2020143e+00   1.7570540e+00   1.2313620e+00
   5.8669000e+05   1.7949388e+00   1.2020143e+00   1.7683788e+00   1.2285742e+00
   5.8670000e+05   1.8027745e+00   1.2020143e+00   1.7787793e+00   1.2260094e+00
   5.8671000e+05   1.8098367e+00   1.2020143e+00   1.7881965e+00   1.2236544e+00
   5.8672000e+05   1.8160586e+00   1.2020143e+00   1.7965764e+00   1.2214965e+00
   5.8673000e+05   1.8213793e+00   1.2020143e+00   1.8038703e+00   1.2195232e+00
   5.8674000e+05   1.8257438e+00   1.2020143e+00   1.8100357e+00   1.2177223e+00
   5.8675000e+05   1.8291040e+00   1.2020143e+00   1.8150362e+00   1.2160821e+00
   5.8676000e+05   1.8314190e+00   1.2020143e+00   1.8188421e+00   1.2145912e+00
   5.8677000e+05   1.8326551e+00   1.2020143e+00   1.8214307e+00   1.2132386e+00
   5.8678000e+05   1.8327864e+00   1.2020143e+00   1.8227866e+00   1.2120140e+00
   5.8679000e+05   1.8317950e+00   1.2020143e+00   1.8229017e+00   1.2109075e+00
   5.8680000e+05   1.8296706e+00   1.2020143e+00   1.8217752e+00   1.2099097e+00
   5.8681000e+05   1.8264112e+00   1.2020143e+00   1.8194140e+00   1.2090115e+00
   5.8682000e+05   1.8220225e+00   1.2020143e+00   1.8158320e+00   1.2082048e+00
   5.8683000e+05   1.8165180e+00   1.2020143e+00   1.8110508e+00   1.2074814e+00
   5.8684000e+05   1.8104241e+00   1.2020143e+00   1.8050986e+00   1.2073397e+00
   5.8685000e+05   1.8040429e+00   1.2020143e+00   1.7980107e+00   1.2080464e+00
   5.8686000e+05   1.7966493e+00   1.2020143e+00   1.7898285e+00   1.2088351e+00
   5.8687000e+05   1.7882987e+00   1.2020143e+00   1.7805995e+00   1.2097134e+00
   5.8688000e+05   1.7790522e+00   1.2020143e+00   1.7703769e+00   1.2106896e+00
   5.8689000e+05   1.7689769e+00   1.2020143e+00   1.7592186e+00   1.2117726e+00
   5.8690000e+05   1.7581446e+00   1.2020143e+00   1.7471872e+00   1.2129716e+00
   5.8691000e+05   1.7466314e+00   1.2020143e+00   1.7343492e+00   1.2142965e+00
   5.8692000e+05   1.7345175e+00   1.2020143e+00   1.7207743e+00   1.2157575e+00
   5.8693000e+05   1.7218861e+00   1.2020143e+00   1.7065348e+00   1.2173655e+00
   5.8694000e+05   1.7088227e+00   1.2020143e+00   1.6917052e+00   1.2191318e+00
   5.8695000e+05   1.6954149e+00   1.2020143e+00   1.6763612e+00   1.2210679e+00
   5.8696000e+05   1.6817513e+00   1.2020143e+00   1.6605794e+00   1.2231861e+00
   5.8697000e+05   1.6679208e+00   1.2020143e+00   1.6444363e+00   1.2254987e+00
   5.8698000e+05   1.6540124e+00   1.2020143e+00   1.6280082e+00   1.2280185e+00
   5.8699000e+05   1.6401141e+00   1.2020143e+00   1.6113700e+00   1.2307584e+00
   5.8700000e+05   1.6263124e+00   1.2020143e+00   1.5945952e+00   1.2337315e+00
   5.8701000e+05   1.6126919e+00   1.2020143e+00   1.5777550e+00   1.2369512e+00
   5.8702000e+05   1.5993345e+00   1.2020143e+00   1.5609183e+00   1.2404305e+00
   5.8703000e+05   1.5863189e+00   1.2020143e+00   1.5441506e+00   1.2441826e+00
   5.8704000e+05   1.5737203e+00   1.2020143e+00   1.5275141e+00   1.2482205e+00
   5.8705000e+05   1.5616099e+00   1.2020143e+00   1.5110676e+00   1.2525566e+00
   5.8706000e+05   1.5500543e+00   1.2020143e+00   1.4948653e+00   1.2572033e+00
   5.8707000e+05   1.5391154e+00   1.2020143e+00   1.4789576e+00   1.2621720e+00
   5.8708000e+05   1.5288500e+00   1.2020143e+00   1.4633905e+00   1.2674737e+00
   5.8709000e+05   1.5193093e+00   1.2020143e+00   1.4482052e+00   1.2731184e+00
   5.8710000e+05   1.5105393e+00   1.2020143e+00   1.4334385e+00   1.2791151e+00
   5.8711000e+05   1.5025799e+00   1.2020143e+00   1.4191226e+00   1.2854716e+00
   5.8712000e+05   1.4954654e+00   1.2020143e+00   1.4052850e+00   1.2921947e+00
   5.8713000e+05   1.4892240e+00   1.2020143e+00   1.3919489e+00   1.2992893e+00
   5.8714000e+05   1.4838778e+00   1.2020143e+00   1.3791330e+00   1.3067591e+00
   5.8715000e+05   1.4794429e+00   1.2020143e+00   1.3668515e+00   1.3146057e+00
   5.8716000e+05   1.4759297e+00   1.2020143e+00   1.3551150e+00   1.3228289e+00
   5.8717000e+05   1.4733422e+00   1.2020143e+00   1.3439298e+00   1.3314267e+00
   5.8718000e+05   1.4716789e+00   1.2020143e+00   1.3332988e+00   1.3403944e+00
   5.8719000e+05   1.4709325e+00   1.2020143e+00   1.3232213e+00   1.3497255e+00
   5.8720000e+05   1.4710901e+00   1.2020143e+00   1.3136937e+00   1.3594107e+00
   5.8721000e+05   1.4721333e+00   1.2020143e+00   1.3047093e+00   1.3694383e+00
   5.8722000e+05   1.4740387e+00   1.2020143e+00   1.2962588e+00   1.3797942e+00
   5.8723000e+05   1.4767778e+00   1.2020143e+00   1.2883308e+00   1.3904613e+00
   5.8724000e+05   1.4803174e+00   1.2020143e+00   1.2809117e+00   1.4014199e+00
   5.8725000e+05   1.4846196e+00   1.2020143e+00   1.2739860e+00   1.4126478e+00
   5.8726000e+05   1.4896426e+00   1.2020143e+00   1.2675371e+00   1.4241197e+00
   5.8727000e+05   1.4953404e+00   1.2020143e+00   1.2615467e+00   1.4358079e+00
   5.8728000e+05   1.5016635e+00   1.2020143e+00   1.2559959e+00   1.4476819e+00
   5.8729000e+05   1.5085590e+00   1.2020143e+00   1.2508647e+00   1.4597085e+00
   5.8730000e+05   1.5159711e+00   1.2020143e+00   1.2461329e+00   1.4718525e+00
   5.8731000e+05   1.5238413e+00   1.2020143e+00   1.2417798e+00   1.4840757e+00
   5.8732000e+05   1.5321087e+00   1.2020143e+00   1.2377846e+00   1.4963384e+00
   5.8733000e+05   1.5407105e+00   1.2020143e+00   1.2341264e+00   1.5085984e+00
   5.8734000e+05   1.5495824e+00   1.2020143e+00   1.2307847e+00   1.5208120e+00
   5.8735000e+05   1.5586588e+00   1.2020143e+00   1.2277392e+00   1.5329339e+00
   5.8736000e+05   1.5678732e+00   1.2020143e+00   1.2249701e+00   1.5449174e+00
   5.8737000e+05   1.5771589e+00   1.2020143e+00   1.2224581e+00   1.5567151e+00
   5.8738000e+05   1.5864490e+00   1.2020143e+00   1.2201846e+00   1.5682786e+00
   5.8739000e+05   1.5956767e+00   1.2020143e+00   1.2181316e+00   1.5795594e+00
   5.8740000e+05   1.6047764e+00   1.2020143e+00   1.2162820e+00   1.5905086e+00
   5.8741000e+05   1.6136833e+00   1.2020143e+00   1.2146195e+00   1.6010781e+00
   5.8742000e+05   1.6223341e+00   1.2020143e+00   1.2131283e+00   1.6112200e+00
   5.8743000e+05   1.6306674e+00   1.2020143e+00   1.2117940e+00   1.6208877e+00
   5.8744000e+05   1.6386242e+00   1.2020143e+00   1.2106027e+00   1.6300358e+00
   5.8745000e+05   1.6461479e+00   1.2020143e+00   1.2095414e+00   1.6386207e+00
   5.8746000e+05   1.6531847e+00   1.2020143e+00   1.2085981e+00   1.6466009e+00
   5.8747000e+05   1.6596844e+00   1.2020143e+00   1.2077615e+00   1.6539372e+00
   5.8748000e+05   1.6656001e+00   1.2020143e+00   1.2070211e+00   1.6605932e+00
   5.8749000e+05   1.6708887e+00   1.2020143e+00   1.2063674e+00   1.6665355e+00
   5.8750000e+05   1.6755112e+00   1.2020143e+00   1.2057915e+00   1.6717339e+00
   5.8751000e+05   1.6794329e+00   1.2020143e+00   1.2052852e+00   1.6761620e+00
   5.8752000e+05   1.6826237e+00   1.2020143e+00   1.2048412e+00   1.6797968e+00
   5.8753000e+05   1.6850579e+00   1.2020143e+00   1.2044525e+00   1.6826197e+00
   5.8754000e+05   1.6867146e+00   1.2020143e+00   1.2041130e+00   1.6846158e+00
   5.8755000e+05   1.6875779e+00   1.2020143e+00   1.2038172e+00   1.6857749e+00
   5.8756000e+05   1.6876366e+00   1.2020143e+00   1.2035600e+00   1.6860908e+00
   5.8757000e+05   1.6868846e+00   1.2020143e+00   1.2033369e+00   1.6855620e+00
   5.8758000e+05   1.6853205e+00   1.2020143e+00   1.2031437e+00   1.6841911e+00
   5.8759000e+05   1.6829478e+00   1.2020143e+00   1.2029768e+00   1.6819853e+00
   5.8760000e+05   1.6797748e+00   1.2020143e+00   1.2028329e+00   1.6789562e+00
   5.8761000e+05   1.6758142e+00   1.2020143e+00   1.2027091e+00   1.6751194e+00
   5.8762000e+05   1.6710834e+00   1.2020143e+00   1.2026029e+00   1.6704948e+00
   5.8763000e+05   1.6656038e+00   1.2020143e+00   1.2025119e+00   1.6651062e+00
   5.8764000e+05   1.6594008e+00   1.2020143e+00   1.2024341e+00   1.6589809e+00
   5.8765000e+05   1.6525037e+00   1.2020143e+00   1.2023678e+00   1.6521501e+00
   5.8766000e+05   1.6449450e+00   1.2020143e+00   1.2023114e+00   1.6446479e+00
   5.8767000e+05   1.6367606e+00   1.2020143e+00   1.2022634e+00   1.6365114e+00
   5.8768000e+05   1.6279890e+00   1.2020143e+00   1.2022228e+00   1.6277805e+00
   5.8769000e+05   1.6186714e+00   1.2020143e+00   1.2021885e+00   1.6184972e+00
   5.8770000e+05   1.6088508e+00   1.2020143e+00   1.2021595e+00   1.6087056e+00
   5.8771000e+05   1.5985723e+00   1.2020143e+00   1.2021351e+00   1.5984514e+00
   5.8772000e+05   1.5878820e+00   1.2020143e+00   1.2021146e+00   1.5877817e+00
   5.8773000e+05   1.5768274e+00   1.2020143e+00   1.2020974e+00   1.5767442e+00
   5.8774000e+05   1.5654563e+00   1.2020143e+00   1.2020830e+00   1.5653876e+00
   5.8775000e+05   1.5538172e+00   1.2020143e+00   1.2020710e+00   1.5537604e+00
   5.8776000e+05   1.5419581e+00   1.2020143e+00   1.2020610e+00   1.5419114e+00
   5.8777000e+05   1.5299269e+00   1.2020143e+00   1.2020527e+00   1.5298885e+00
   5.8778000e+05   1.5177707e+00   1.2020143e+00   1.2020458e+00   1.5177391e+00
   5.8779000e+05   1.5055354e+00   1.2020143e+00   1.2020401e+00   1.5055096e+00
   5.8780000e+05   1.4932660e+00   1.2020143e+00   1.2020354e+00   1.4932449e+00
   5.8781000e+05   1.4810055e+00   1.2020143e+00   1.2020315e+00   1.4809883e+00
   5.8782000e+05   1.4687953e+00   1.2020143e+00   1.2020283e+00   1.4687813e+00
   5.8783000e+05   1.4566749e+00   1.2020143e+00   1.2020256e+00   1.4566635e+00
   5.8784000e+05   1.4446813e+00   1.2020143e+00   1.2020235e+00   1.4446721e+00
   5.8785000e+05   1.4328494e+00   1.2020143e+00   1.2020217e+00   1.4328419e+00
   5.8786000e+05   1.4212115e+00   1.2020143e+00   1.2020203e+00   1.4212055e+00
   5.8787000e+05   1.4097975e+00   1.2020143e+00   1.2020191e+00   1.4097926e+00
   5.8788000e+05   1.3986343e+00   1.2020143e+00   1.2020182e+00   1.3986304e+00
   5.8789000e+05   1.3877464e+00   1.2020143e+00   1.2020174e+00   1.3877432e+00
   5.8790000e+05   1.3771554e+00   1.2020143e+00   1.2020168e+00   1.3771529e+00
   5.8791000e+05   1.3668803e+00   1.2020143e+00   1.2020163e+00   1.3668783e+00
   5.8792000e+05   1.3569373e+00   1.2020143e+00   1.2020159e+00   1.3569357e+00
   5.8793000e+05   1.3473401e+00   1.2020143e+00   1.2020155e+00   1.3473388e+00
   5.8794000e+05   1.3380996e+00   1.2020143e+00   1.2020153e+00   1.3380986e+00
   5.8795000e+05   1.3292244e+00   1.2020143e+00   1.2020151e+00   1.3292236e+00
   5.8796000e+05   1.3207206e+00   1.2020143e+00   1.2020149e+00   1.3207200e+00
   5.8797000e+05   1.3125921e+00   1.2020143e+00   1.2020148e+00   1.3125916e+00
   5.8798000e+05   1.3048405e+00   1.2020143e+00   1.2020147e+00   1.3048401e+00
   5.8799000e+05   1.2974654e+00   1.2020143e+00   1.2020146e+00   1.2974651e+00
   5.8800000e+05   1.2904648e+00   1.2020143e+00   1.2020145e+00   1.2904646e+00
   5.8801000e+05   1.2838347e+00   1.2020143e+00   1.2020145e+00   1.2838345e+00
   5.8802000e+05   1.2775695e+00   1.2020143e+00   1.2020144e+00   1.2775693e+00
   5.8803000e+05   1.2716624e+00   1.2020143e+00   1.2020145e+00   1.2716622e+00
   5.8804000e+05   1.2661052e+00   1.2020143e+00   1.2020145e+00   1.2661049e+00
   5.8805000e+05   1.2608885e+00   1.2020143e+00   1.2020146e+00   1.2608882e+00
   5.8806000e+05   1.2560021e+00   1.2020143e+00   1.2020147e+00   1.2560017e+00
   5.8807000e+05   1.2514350e+00   1.2020143e+00   1.2020148e+00   1.2514345e+00
   5.8808000e+05   1.2471753e+00   1.2020143e+00   1.2020149e+00   1.2471747e+00
   5.8809000e+05   1.2432109e+00   1.2020143e+00   1.2020151e+00   1.2432101e+00
   5.8810000e+05   1.2395290e+00   1.2020143e+00   1.2020153e+00   1.2395279e+00
   5.8811000e+05   1.2361166e+00   1.2020143e+00   1.2020156e+00   1.2361153e+00
   5.8812000e+05   1.2329608e+00   1.2020143e+00   1.2020159e+00   1.2329591e+00
   5.8813000e+05   1.2300481e+00   1.2020143e+00   1.2020163e+00   1.2300460e+00
   5.8814000e+05   1.2273654e+00   1.2020143e+00   1.2020168e+00   1.2273629e+00
   5.8815000e+05   1.2248998e+00   1.2020143e+00   1.2020175e+00   1.2248966e+00
   5.8816000e+05   1.2226382e+00   1.2020143e+00   1.2020182e+00   1.2226342e+00
   5.8817000e+05   1.2205680e+00   1.2020143e+00   1.2020192e+00   1.2205631e+00
   5.8818000e+05   1.2186770e+00   1.2020143e+00   1.2020204e+00   1.2186709e+00
   5.8819000e+05   1.2169532e+00   1.2020143e+00   1.2020219e+00   1.2169456e+00
   5.8820000e+05   1.2153851e+00   1.2020143e+00   1.2020237e+00   1.2153757e+00
   5.8821000e+05   1.2139616e+00   1.2020143e+00   1.2020259e+00   1.2139500e+00
   5.8822000e+05   1.2126721e+00   1.2020143e+00   1.2020285e+00   1.2126578e+00
   5.8823000e+05   1.2115065e+00   1.2020143e+00   1.2020318e+00   1.2114890e+00
   5.8824000e+05   1.2104553e+00   1.2020143e+00   1.2020358e+00   1.2104338e+00
   5.8825000e+05   1.2095093e+00   1.2020143e+00   1.2020406e+00   1.2094830e+00
   5.8826000e+05   1.2086602e+00   1.2020143e+00   1.2020464e+00   1.2086281e+00
   5.8827000e+05   1.2079000e+00   1.2020143e+00   1.2020534e+00   1.2078608e+00
   5.8828000e+05   1.2072211e+00   1.2020143e+00   1.2020619e+00   1.2071735e+00
   5.8829000e+05   1.2077142e+00   1.2020143e+00   1.2020721e+00   1.2076564e+00
   5.8830000e+05   1.2084700e+00   1.2020143e+00   1.2020843e+00   1.2084000e+00
   5.8831000e+05   1.2093137e+00   1.2020143e+00   1.2020989e+00   1.2092291e+00
   5.8832000e+05   1.2102537e+00   1.2020143e+00   1.2021164e+00   1.2101515e+00
   5.8833000e+05   1.2112989e+00   1.2020143e+00   1.2021372e+00   1.2111759e+00
   5.8834000e+05   1.2124591e+00   1.2020143e+00   1.2021620e+00   1.2123113e+00
   5.8835000e+05   1.2137444e+00   1.2020143e+00   1.2021915e+00   1.2135672e+00
   5.8836000e+05   1.2151658e+00   1.2020143e+00   1.2022264e+00   1.2149536e+00
   5.8837000e+05   1.2167346e+00   1.2020143e+00   1.2022676e+00   1.2164812e+00
   5.8838000e+05   1.2184629e+00   1.2020143e+00   1.2023163e+00   1.2181608e+00
   5.8839000e+05   1.2203635e+00   1.2020143e+00   1.2023736e+00   1.2200041e+00
   5.8840000e+05   1.2224495e+00   1.2020143e+00   1.2024410e+00   1.2220228e+00
   5.8841000e+05   1.2247348e+00   1.2020143e+00   1.2025199e+00   1.2242292e+00
   5.8842000e+05   1.2272338e+00   1.2020143e+00   1.2026123e+00   1.2266358e+00
   5.8843000e+05   1.2299614e+00   1.2020143e+00   1.2027201e+00   1.2292556e+00
   5.8844000e+05   1.2329330e+00   1.2020143e+00   1.2028456e+00   1.2321016e+00
   5.8845000e+05   1.2361642e+00   1.2020143e+00   1.2029916e+00   1.2351870e+00
   5.8846000e+05   1.2396714e+00   1.2020143e+00   1.2031608e+00   1.2385249e+00
   5.8847000e+05   1.2434710e+00   1.2020143e+00   1.2033567e+00   1.2421286e+00
   5.8848000e+05   1.2475797e+00   1.2020143e+00   1.2035829e+00   1.2460111e+00
   5.8849000e+05   1.2520144e+00   1.2020143e+00   1.2038436e+00   1.2501851e+00
   5.8850000e+05   1.2567922e+00   1.2020143e+00   1.2041433e+00   1.2546632e+00
   5.8851000e+05   1.2619301e+00   1.2020143e+00   1.2044871e+00   1.2594572e+00
   5.8852000e+05   1.2674449e+00   1.2020143e+00   1.2048808e+00   1.2645784e+00
   5.8853000e+05   1.2733535e+00   1.2020143e+00   1.2053305e+00   1.2700373e+00
   5.8854000e+05   1.2796722e+00   1.2020143e+00   1.2058430e+00   1.2758435e+00
   5.8855000e+05   1.2864171e+00   1.2020143e+00   1.2064259e+00   1.2820054e+00
   5.8856000e+05   1.2936037e+00   1.2020143e+00   1.2070875e+00   1.2885305e+00
   5.8857000e+05   1.3012469e+00   1.2020143e+00   1.2078365e+00   1.2954246e+00
   5.8858000e+05   1.3093607e+00   1.2020143e+00   1.2086828e+00   1.3026922e+00
   5.8859000e+05   1.3179584e+00   1.2020143e+00   1.2096368e+00   1.3103359e+00
   5.8860000e+05   1.3270522e+00   1.2020143e+00   1.2107099e+00   1.3183566e+00
   5.8861000e+05   1.3366531e+00   1.2020143e+00   1.2119142e+00   1.3267532e+00
   5.8862000e+05   1.3467710e+00   1.2020143e+00   1.2132628e+00   1.3355224e+00
   5.8863000e+05   1.3574142e+00   1.2020143e+00   1.2147695e+00   1.3446590e+00
   5.8864000e+05   1.3685897e+00   1.2020143e+00   1.2164492e+00   1.3541548e+00
   5.8865000e+05   1.3803029e+00   1.2020143e+00   1.2183173e+00   1.3639998e+00
   5.8866000e+05   1.3925571e+00   1.2020143e+00   1.2203904e+00   1.3741810e+00
   5.8867000e+05   1.4053543e+00   1.2020143e+00   1.2226858e+00   1.3846828e+00
   5.8868000e+05   1.4186942e+00   1.2020143e+00   1.2252213e+00   1.3954872e+00
   5.8869000e+05   1.4325746e+00   1.2020143e+00   1.2280158e+00   1.4065731e+00
   5.8870000e+05   1.4469912e+00   1.2020143e+00   1.2310885e+00   1.4179170e+00
   5.8871000e+05   1.4619375e+00   1.2020143e+00   1.2344593e+00   1.4294924e+00
   5.8872000e+05   1.4774046e+00   1.2020143e+00   1.2381486e+00   1.4412703e+00
   5.8873000e+05   1.4933817e+00   1.2020143e+00   1.2421769e+00   1.4532190e+00
   5.8874000e+05   1.5098552e+00   1.2020143e+00   1.2465651e+00   1.4653044e+00
   5.8875000e+05   1.5268094e+00   1.2020143e+00   1.2513338e+00   1.4774898e+00
   5.8876000e+05   1.5442260e+00   1.2020143e+00   1.2565039e+00   1.4897364e+00
   5.8877000e+05   1.5620845e+00   1.2020143e+00   1.2620956e+00   1.5020031e+00
   5.8878000e+05   1.5803616e+00   1.2020143e+00   1.2681286e+00   1.5142473e+00
   5.8879000e+05   1.5990320e+00   1.2020143e+00   1.2746220e+00   1.5264242e+00
   5.8880000e+05   1.6180676e+00   1.2020143e+00   1.2815938e+00   1.5384881e+00
   5.8881000e+05   1.6374380e+00   1.2020143e+00   1.2890605e+00   1.5503917e+00
   5.8882000e+05   1.6571106e+00   1.2020143e+00   1.2970375e+00   1.5620873e+00
   5.8883000e+05   1.6770502e+00   1.2020143e+00   1.3055381e+00   1.5735263e+00
   5.8884000e+05   1.6972195e+00   1.2020143e+00   1.3145737e+00   1.5846600e+00
   5.8885000e+05   1.7175788e+00   1.2020143e+00   1.3241533e+00   1.5954398e+00
   5.8886000e+05   1.7380866e+00   1.2020143e+00   1.3342831e+00   1.6058177e+00
   5.8887000e+05   1.7586988e+00   1.2020143e+00   1.3449667e+00   1.6157464e+00
   5.8888000e+05   1.7793697e+00   1.2020143e+00   1.3562043e+00   1.6251796e+00
   5.8889000e+05   1.8000516e+00   1.2020143e+00   1.3679929e+00   1.6340730e+00
   5.8890000e+05   1.8206949e+00   1.2020143e+00   1.3803255e+00   1.6423837e+00
   5.8891000e+05   1.8412484e+00   1.2020143e+00   1.3931915e+00   1.6500712e+00
   5.8892000e+05   1.8616594e+00   1.2020143e+00   1.4065760e+00   1.6570977e+00
   5.8893000e+05   1.8818737e+00   1.2020143e+00   1.4204599e+00   1.6634280e+00
   5.8894000e+05   1.9018359e+00   1.2020143e+00   1.4348199e+00   1.6690303e+00
   5.8895000e+05   1.9214895e+00   1.2020143e+00   1.4496277e+00   1.6738761e+00
   5.8896000e+05   1.9407770e+00   1.2020143e+00   1.4648509e+00   1.6779404e+00
   5.8897000e+05   1.9596402e+00   1.2020143e+00   1.4804522e+00   1.6812023e+00
   5.8898000e+05   1.9780205e+00   1.2020143e+00   1.4963898e+00   1.6836450e+00
   5.8899000e+05   1.9958588e+00   1.2020143e+00   1.5126174e+00   1.6852556e+00
   5.8900000e+05   2.0130960e+00   1.2020143e+00   1.5290844e+00   1.6860258e+00
   5.8901000e+05   2.0296731e+00   1.2020143e+00   1.5457359e+00   1.6859515e+00
   5.8902000e+05   2.0455318e+00   1.2020143e+00   1.5625128e+00   1.6850332e+00
   5.8903000e+05   2.0606141e+00   1.2020143e+00   1.5793528e+00   1.6832756e+00
   5.8904000e+05   2.0748633e+00   1.2020143e+00   1.5961897e+00   1.6806879e+00
   5.8905000e+05   2.0882240e+00   1.2020143e+00   1.6129547e+00   1.6772836e+00
   5.8906000e+05   2.1006421e+00   1.2020143e+00   1.6295762e+00   1.6730803e+00
   5.8907000e+05   2.1120659e+00   1.2020143e+00   1.6459805e+00   1.6680996e+00
   5.8908000e+05   2.1224455e+00   1.2020143e+00   1.6620926e+00   1.6623672e+00
   5.8909000e+05   2.1317340e+00   1.2020143e+00   1.6778362e+00   1.6559121e+00
   5.8910000e+05   2.1398872e+00   1.2020143e+00   1.6931347e+00   1.6487668e+00
   5.8911000e+05   2.1468642e+00   1.2020143e+00   1.7079116e+00   1.6409669e+00
   5.8912000e+05   2.1526277e+00   1.2020143e+00   1.7220912e+00   1.6325508e+00
   5.8913000e+05   2.1571444e+00   1.2020143e+00   1.7355993e+00   1.6235594e+00
   5.8914000e+05   2.1603853e+00   1.2020143e+00   1.7483638e+00   1.6140357e+00
   5.8915000e+05   2.1623256e+00   1.2020143e+00   1.7603151e+00   1.6040248e+00
   5.8916000e+05   2.1629458e+00   1.2020143e+00   1.7713873e+00   1.5935728e+00
   5.8917000e+05   2.1622311e+00   1.2020143e+00   1.7815182e+00   1.5827272e+00
   5.8918000e+05   2.1601721e+00   1.2020143e+00   1.7906501e+00   1.5715363e+00
   5.8919000e+05   2.1567649e+00   1.2020143e+00   1.7987305e+00   1.5600487e+00
   5.8920000e+05   2.1520112e+00   1.2020143e+00   1.8057124e+00   1.5483131e+00
   5.8921000e+05   2.1459184e+00   1.2020143e+00   1.8115549e+00   1.5363778e+00
   5.8922000e+05   2.1384999e+00   1.2020143e+00   1.8162236e+00   1.5242907e+00
   5.8923000e+05   2.1297749e+00   1.2020143e+00   1.8196905e+00   1.5120986e+00
   5.8924000e+05   2.1197683e+00   1.2020143e+00   1.8219352e+00   1.4998473e+00
   5.8925000e+05   2.1085109e+00   1.2020143e+00   1.8229441e+00   1.4875811e+00
   5.8926000e+05   2.0960393e+00   1.2020143e+00   1.8227113e+00   1.4753424e+00
   5.8927000e+05   2.0823955e+00   1.2020143e+00   1.8212380e+00   1.4631718e+00
   5.8928000e+05   2.0676267e+00   1.2020143e+00   1.8185331e+00   1.4511078e+00
   5.8929000e+05   2.0517853e+00   1.2020143e+00   1.8146128e+00   1.4391867e+00
   5.8930000e+05   2.0349284e+00   1.2020143e+00   1.8095005e+00   1.4274422e+00
   5.8931000e+05   2.0171176e+00   1.2020143e+00   1.8032265e+00   1.4159054e+00
   5.8932000e+05   1.9984184e+00   1.2020143e+00   1.7958276e+00   1.4046051e+00
   5.8933000e+05   1.9789000e+00   1.2020143e+00   1.7873472e+00   1.3935670e+00
   5.8934000e+05   1.9586345e+00   1.2020143e+00   1.7778344e+00   1.3828144e+00
   5.8935000e+05   1.9376971e+00   1.2020143e+00   1.7673437e+00   1.3723677e+00
   5.8936000e+05   1.9161647e+00   1.2020143e+00   1.7559344e+00   1.3622445e+00
   5.8937000e+05   1.8941161e+00   1.2020143e+00   1.7436703e+00   1.3524601e+00
   5.8938000e+05   1.8716311e+00   1.2020143e+00   1.7306187e+00   1.3430267e+00
   5.8939000e+05   1.8487902e+00   1.2020143e+00   1.7168503e+00   1.3339542e+00
   5.8940000e+05   1.8256738e+00   1.2020143e+00   1.7024380e+00   1.3252501e+00
   5.8941000e+05   1.8023618e+00   1.2020143e+00   1.6874566e+00   1.3169194e+00
   5.8942000e+05   1.7789330e+00   1.2020143e+00   1.6719823e+00   1.3089650e+00
   5.8943000e+05   1.7554649e+00   1.2020143e+00   1.6560916e+00   1.3013875e+00
   5.8944000e+05   1.7320327e+00   1.2020143e+00   1.6398611e+00   1.2941859e+00
   5.8945000e+05   1.7087093e+00   1.2020143e+00   1.6233666e+00   1.2873570e+00
   5.8946000e+05   1.6855647e+00   1.2020143e+00   1.6066828e+00   1.2808962e+00
   5.8947000e+05   1.6626657e+00   1.2020143e+00   1.5898826e+00   1.2747973e+00
   5.8948000e+05   1.6400752e+00   1.2020143e+00   1.5730366e+00   1.2690529e+00
   5.8949000e+05   1.6178525e+00   1.2020143e+00   1.5562127e+00   1.2636541e+00
   5.8950000e+05   1.5960525e+00   1.2020143e+00   1.5394756e+00   1.2585912e+00
   5.8951000e+05   1.5747259e+00   1.2020143e+00   1.5228867e+00   1.2538535e+00
   5.8952000e+05   1.5539187e+00   1.2020143e+00   1.5065032e+00   1.2494298e+00
   5.8953000e+05   1.5336721e+00   1.2020143e+00   1.4903786e+00   1.2453078e+00
   5.8954000e+05   1.5140229e+00   1.2020143e+00   1.4745618e+00   1.2414753e+00
   5.8955000e+05   1.4950026e+00   1.2020143e+00   1.4590976e+00   1.2379193e+00
   5.8956000e+05   1.4766385e+00   1.2020143e+00   1.4440260e+00   1.2346267e+00
   5.8957000e+05   1.4589527e+00   1.2020143e+00   1.4293825e+00   1.2315844e+00
   5.8958000e+05   1.4419629e+00   1.2020143e+00   1.4151980e+00   1.2287791e+00
   5.8959000e+05   1.4256822e+00   1.2020143e+00   1.4014988e+00   1.2261977e+00
   5.8960000e+05   1.4101196e+00   1.2020143e+00   1.3883066e+00   1.2238272e+00
   5.8961000e+05   1.3952795e+00   1.2020143e+00   1.3756391e+00   1.2216547e+00
   5.8962000e+05   1.3811629e+00   1.2020143e+00   1.3635094e+00   1.2196677e+00
   5.8963000e+05   1.3677666e+00   1.2020143e+00   1.3519268e+00   1.2178541e+00
   5.8964000e+05   1.3550844e+00   1.2020143e+00   1.3408967e+00   1.2162020e+00
   5.8965000e+05   1.3431066e+00   1.2020143e+00   1.3304209e+00   1.2147000e+00
   5.8966000e+05   1.3318209e+00   1.2020143e+00   1.3204979e+00   1.2133373e+00
   5.8967000e+05   1.3212122e+00   1.2020143e+00   1.3111232e+00   1.2121033e+00
   5.8968000e+05   1.3112632e+00   1.2020143e+00   1.3022893e+00   1.2109881e+00
   5.8969000e+05   1.3019544e+00   1.2020143e+00   1.2939864e+00   1.2099823e+00
   5.8970000e+05   1.2932649e+00   1.2020143e+00   1.2862024e+00   1.2090768e+00
   5.8971000e+05   1.2851721e+00   1.2020143e+00   1.2789231e+00   1.2082633e+00
   5.8972000e+05   1.2776523e+00   1.2020143e+00   1.2721327e+00   1.2075339e+00
   5.8973000e+05   1.2710886e+00   1.2020143e+00   1.2658140e+00   1.2072889e+00
   5.8974000e+05   1.2659241e+00   1.2020143e+00   1.2599487e+00   1.2079897e+00
   5.8975000e+05   1.2612750e+00   1.2020143e+00   1.2545174e+00   1.2087718e+00
   5.8976000e+05   1.2571289e+00   1.2020143e+00   1.2495002e+00   1.2096430e+00
   5.8977000e+05   1.2534737e+00   1.2020143e+00   1.2448765e+00   1.2106114e+00
   5.8978000e+05   1.2502974e+00   1.2020143e+00   1.2406257e+00   1.2116859e+00
   5.8979000e+05   1.2475884e+00   1.2020143e+00   1.2367270e+00   1.2128757e+00
   5.8980000e+05   1.2453358e+00   1.2020143e+00   1.2331595e+00   1.2141906e+00
   5.8981000e+05   1.2435294e+00   1.2020143e+00   1.2299028e+00   1.2156409e+00
   5.8982000e+05   1.2421597e+00   1.2020143e+00   1.2269367e+00   1.2172373e+00
   5.8983000e+05   1.2412183e+00   1.2020143e+00   1.2242415e+00   1.2189910e+00
   5.8984000e+05   1.2406977e+00   1.2020143e+00   1.2217981e+00   1.2209138e+00
   5.8985000e+05   1.2405915e+00   1.2020143e+00   1.2195882e+00   1.2230176e+00
   5.8986000e+05   1.2408945e+00   1.2020143e+00   1.2175939e+00   1.2253149e+00
   5.8987000e+05   1.2416024e+00   1.2020143e+00   1.2157983e+00   1.2278184e+00
   5.8988000e+05   1.2427120e+00   1.2020143e+00   1.2141852e+00   1.2305410e+00
   5.8989000e+05   1.2442211e+00   1.2020143e+00   1.2127395e+00   1.2334959e+00
   5.8990000e+05   1.2461285e+00   1.2020143e+00   1.2114465e+00   1.2366963e+00
   5.8991000e+05   1.2484339e+00   1.2020143e+00   1.2102929e+00   1.2401553e+00
   5.8992000e+05   1.2511377e+00   1.2020143e+00   1.2092658e+00   1.2438861e+00
   5.8993000e+05   1.2542409e+00   1.2020143e+00   1.2083535e+00   1.2479017e+00
   5.8994000e+05   1.2577452e+00   1.2020143e+00   1.2075448e+00   1.2522147e+00
   5.8995000e+05   1.2616526e+00   1.2020143e+00   1.2068297e+00   1.2568372e+00
   5.8996000e+05   1.2659653e+00   1.2020143e+00   1.2061987e+00   1.2617809e+00
   5.8997000e+05   1.2706856e+00   1.2020143e+00   1.2056430e+00   1.2670568e+00
   5.8998000e+05   1.2758156e+00   1.2020143e+00   1.2051549e+00   1.2726750e+00
   5.8999000e+05   1.2813572e+00   1.2020143e+00   1.2047270e+00   1.2786445e+00
   5.9000000e+05   1.2873117e+00   1.2020143e+00   1.2043527e+00   1.2849733e+00
   5.9001000e+05   1.2936799e+00   1.2020143e+00   1.2040260e+00   1.2916681e+00
   5.9002000e+05   1.3004615e+00   1.2020143e+00   1.2037415e+00   1.2987343e+00
   5.9003000e+05   1.3076553e+00   1.2020143e+00   1.2034943e+00   1.3061753e+00
   5.9004000e+05   1.3152587e+00   1.2020143e+00   1.2032799e+00   1.3139931e+00
   5.9005000e+05   1.3232678e+00   1.2020143e+00   1.2030944e+00   1.3221876e+00
   5.9006000e+05   1.3316769e+00   1.2020143e+00   1.2029343e+00   1.3307569e+00
   5.9007000e+05   1.3404786e+00   1.2020143e+00   1.2027963e+00   1.3396966e+00
   5.9008000e+05   1.3496636e+00   1.2020143e+00   1.2026777e+00   1.3490002e+00
   5.9009000e+05   1.3592204e+00   1.2020143e+00   1.2025759e+00   1.3586587e+00
   5.9010000e+05   1.3691353e+00   1.2020143e+00   1.2024889e+00   1.3686607e+00
   5.9011000e+05   1.3793922e+00   1.2020143e+00   1.2024145e+00   1.3789920e+00
   5.9012000e+05   1.3899728e+00   1.2020143e+00   1.2023511e+00   1.3896360e+00
   5.9013000e+05   1.4008560e+00   1.2020143e+00   1.2022971e+00   1.4005732e+00
   5.9014000e+05   1.4120184e+00   1.2020143e+00   1.2022514e+00   1.4117813e+00
   5.9015000e+05   1.4234339e+00   1.2020143e+00   1.2022126e+00   1.4232355e+00
   5.9016000e+05   1.4350738e+00   1.2020143e+00   1.2021799e+00   1.4349082e+00
   5.9017000e+05   1.4469071e+00   1.2020143e+00   1.2021522e+00   1.4467691e+00
   5.9018000e+05   1.4589001e+00   1.2020143e+00   1.2021290e+00   1.4587854e+00
   5.9019000e+05   1.4710169e+00   1.2020143e+00   1.2021095e+00   1.4709216e+00
   5.9020000e+05   1.4832191e+00   1.2020143e+00   1.2020931e+00   1.4831403e+00
   5.9021000e+05   1.4954665e+00   1.2020143e+00   1.2020794e+00   1.4954014e+00
   5.9022000e+05   1.5077169e+00   1.2020143e+00   1.2020680e+00   1.5076631e+00
   5.9023000e+05   1.5199261e+00   1.2020143e+00   1.2020585e+00   1.5198818e+00
   5.9024000e+05   1.5320487e+00   1.2020143e+00   1.2020506e+00   1.5320123e+00
   5.9025000e+05   1.5440379e+00   1.2020143e+00   1.2020441e+00   1.5440081e+00
   5.9026000e+05   1.5558461e+00   1.2020143e+00   1.2020387e+00   1.5558217e+00
   5.9027000e+05   1.5674247e+00   1.2020143e+00   1.2020342e+00   1.5674048e+00
   5.9028000e+05   1.5787251e+00   1.2020143e+00   1.2020305e+00   1.5787088e+00
   5.9029000e+05   1.5896984e+00   1.2020143e+00   1.2020275e+00   1.5896852e+00
   5.9030000e+05   1.6002960e+00   1.2020143e+00   1.2020250e+00   1.6002853e+00
   5.9031000e+05   1.6104702e+00   1.2020143e+00   1.2020230e+00   1.6104615e+00
   5.9032000e+05   1.6201741e+00   1.2020143e+00   1.2020213e+00   1.6201671e+00
   5.9033000e+05   1.6293621e+00   1.2020143e+00   1.2020199e+00   1.6293564e+00
   5.9034000e+05   1.6379904e+00   1.2020143e+00   1.2020188e+00   1.6379859e+00
   5.9035000e+05   1.6460173e+00   1.2020143e+00   1.2020179e+00   1.6460136e+00
   5.9036000e+05   1.6534034e+00   1.2020143e+00   1.2020172e+00   1.6534005e+00
   5.9037000e+05   1.6601120e+00   1.2020143e+00   1.2020166e+00   1.6601096e+00
   5.9038000e+05   1.6661094e+00   1.2020143e+00   1.2020161e+00   1.6661075e+00
   5.9039000e+05   1.6713653e+00   1.2020143e+00   1.2020158e+00   1.6713638e+00
   5.9040000e+05   1.6758527e+00   1.2020143e+00   1.2020155e+00   1.6758515e+00
   5.9041000e+05   1.6795486e+00   1.2020143e+00   1.2020152e+00   1.6795476e+00
   5.9042000e+05   1.6824338e+00   1.2020143e+00   1.2020150e+00   1.6824331e+00
   5.9043000e+05   1.6844934e+00   1.2020143e+00   1.2020149e+00   1.6844928e+00
   5.9044000e+05   1.6857165e+00   1.2020143e+00   1.2020147e+00   1.6857161e+00
   5.9045000e+05   1.6860969e+00   1.2020143e+00   1.2020146e+00   1.6860965e+00
   5.9046000e+05   1.6856324e+00   1.2020143e+00   1.2020146e+00   1.6856321e+00
   5.9047000e+05   1.6843256e+00   1.2020143e+00   1.2020145e+00   1.6843253e+00
   5.9048000e+05   1.6821832e+00   1.2020143e+00   1.2020144e+00   1.6821830e+00
   5.9049000e+05   1.6792164e+00   1.2020143e+00   1.2020144e+00   1.6792162e+00
   5.9050000e+05   1.6754407e+00   1.2020143e+00   1.2020145e+00   1.6754405e+00
   5.9051000e+05   1.6708755e+00   1.2020143e+00   1.2020145e+00   1.6708753e+00
   5.9052000e+05   1.6655444e+00   1.2020143e+00   1.2020146e+00   1.6655441e+00
   5.9053000e+05   1.6594745e+00   1.2020143e+00   1.2020147e+00   1.6594741e+00
   5.9054000e+05   1.6526965e+00   1.2020143e+00   1.2020148e+00   1.6526960e+00
   5.9055000e+05   1.6452444e+00   1.2020143e+00   1.2020150e+00   1.6452438e+00
   5.9056000e+05   1.6371552e+00   1.2020143e+00   1.2020151e+00   1.6371544e+00
   5.9057000e+05   1.6284685e+00   1.2020143e+00   1.2020154e+00   1.6284674e+00
   5.9058000e+05   1.6192261e+00   1.2020143e+00   1.2020156e+00   1.6192247e+00
   5.9059000e+05   1.6094721e+00   1.2020143e+00   1.2020160e+00   1.6094703e+00
   5.9060000e+05   1.5992520e+00   1.2020143e+00   1.2020164e+00   1.5992499e+00
   5.9061000e+05   1.5886129e+00   1.2020143e+00   1.2020170e+00   1.5886102e+00
   5.9062000e+05   1.5776025e+00   1.2020143e+00   1.2020177e+00   1.5775991e+00
   5.9063000e+05   1.5662694e+00   1.2020143e+00   1.2020185e+00   1.5662651e+00
   5.9064000e+05   1.5546622e+00   1.2020143e+00   1.2020195e+00   1.5546569e+00
   5.9065000e+05   1.5428296e+00   1.2020143e+00   1.2020208e+00   1.5428231e+00
   5.9066000e+05   1.5308199e+00   1.2020143e+00   1.2020223e+00   1.5308118e+00
   5.9067000e+05   1.5186804e+00   1.2020143e+00   1.2020242e+00   1.5186705e+00
   5.9068000e+05   1.5064578e+00   1.2020143e+00   1.2020266e+00   1.5064455e+00
   5.9069000e+05   1.4941970e+00   1.2020143e+00   1.2020294e+00   1.4941819e+00
   5.9070000e+05   1.4819417e+00   1.2020143e+00   1.2020328e+00   1.4819232e+00
   5.9071000e+05   1.4697337e+00   1.2020143e+00   1.2020370e+00   1.4697110e+00
   5.9072000e+05   1.4576128e+00   1.2020143e+00   1.2020421e+00   1.4575850e+00
   5.9073000e+05   1.4456166e+00   1.2020143e+00   1.2020482e+00   1.4455827e+00
   5.9074000e+05   1.4337804e+00   1.2020143e+00   1.2020556e+00   1.4337390e+00
   5.9075000e+05   1.4221370e+00   1.2020143e+00   1.2020645e+00   1.4220867e+00
   5.9076000e+05   1.4107168e+00   1.2020143e+00   1.2020753e+00   1.4106558e+00
   5.9077000e+05   1.3995473e+00   1.2020143e+00   1.2020881e+00   1.3994735e+00
   5.9078000e+05   1.3886538e+00   1.2020143e+00   1.2021035e+00   1.3885645e+00
   5.9079000e+05   1.3780584e+00   1.2020143e+00   1.2021219e+00   1.3779508e+00
   5.9080000e+05   1.3677810e+00   1.2020143e+00   1.2021438e+00   1.3676515e+00
   5.9081000e+05   1.3578386e+00   1.2020143e+00   1.2021698e+00   1.3576831e+00
   5.9082000e+05   1.3482458e+00   1.2020143e+00   1.2022007e+00   1.3480593e+00
   5.9083000e+05   1.3390146e+00   1.2020143e+00   1.2022373e+00   1.3387916e+00
   5.9084000e+05   1.3301547e+00   1.2020143e+00   1.2022805e+00   1.3298884e+00
   5.9085000e+05   1.3216735e+00   1.2020143e+00   1.2023315e+00   1.3213563e+00
   5.9086000e+05   1.3135763e+00   1.2020143e+00   1.2023914e+00   1.3131991e+00
   5.9087000e+05   1.3058664e+00   1.2020143e+00   1.2024618e+00   1.3054188e+00
   5.9088000e+05   1.2985452e+00   1.2020143e+00   1.2025443e+00   1.2980152e+00
   5.9089000e+05   1.2916127e+00   1.2020143e+00   1.2026408e+00   1.2909861e+00
   5.9090000e+05   1.2850670e+00   1.2020143e+00   1.2027533e+00   1.2843279e+00
   5.9091000e+05   1.2789052e+00   1.2020143e+00   1.2028843e+00   1.2780351e+00
   5.9092000e+05   1.2731231e+00   1.2020143e+00   1.2030365e+00   1.2721009e+00
   5.9093000e+05   1.2677158e+00   1.2020143e+00   1.2032128e+00   1.2665172e+00
   5.9094000e+05   1.2626774e+00   1.2020143e+00   1.2034168e+00   1.2612748e+00
   5.9095000e+05   1.2580015e+00   1.2020143e+00   1.2036522e+00   1.2563635e+00
   5.9096000e+05   1.2536814e+00   1.2020143e+00   1.2039234e+00   1.2517723e+00
   5.9097000e+05   1.2497101e+00   1.2020143e+00   1.2042349e+00   1.2474894e+00
   5.9098000e+05   1.2460806e+00   1.2020143e+00   1.2045921e+00   1.2435027e+00
   5.9099000e+05   1.2427860e+00   1.2020143e+00   1.2050008e+00   1.2397995e+00
   5.9100000e+05   1.2398199e+00   1.2020143e+00   1.2054674e+00   1.2363668e+00
   5.9101000e+05   1.2371760e+00   1.2020143e+00   1.2059988e+00   1.2331914e+00
   5.9102000e+05   1.2348489e+00   1.2020143e+00   1.2066029e+00   1.2302602e+00
   5.9103000e+05   1.2328337e+00   1.2020143e+00   1.2072880e+00   1.2275600e+00
   5.9104000e+05   1.2311266e+00   1.2020143e+00   1.2080633e+00   1.2250776e+00
   5.9105000e+05   1.2297244e+00   1.2020143e+00   1.2089386e+00   1.2228001e+00
   5.9106000e+05   1.2286253e+00   1.2020143e+00   1.2099248e+00   1.2207148e+00
   5.9107000e+05   1.2278285e+00   1.2020143e+00   1.2110334e+00   1.2188093e+00
   5.9108000e+05   1.2273342e+00   1.2020143e+00   1.2122768e+00   1.2170717e+00
   5.9109000e+05   1.2271443e+00   1.2020143e+00   1.2136682e+00   1.2154904e+00
   5.9110000e+05   1.2272616e+00   1.2020143e+00   1.2152218e+00   1.2140540e+00
   5.9111000e+05   1.2276904e+00   1.2020143e+00   1.2169526e+00   1.2127520e+00
   5.9112000e+05   1.2284363e+00   1.2020143e+00   1.2188765e+00   1.2115741e+00
   5.9113000e+05   1.2295064e+00   1.2020143e+00   1.2210101e+00   1.2105106e+00
   5.9114000e+05   1.2309087e+00   1.2020143e+00   1.2233709e+00   1.2095522e+00
   5.9115000e+05   1.2326529e+00   1.2020143e+00   1.2259770e+00   1.2086902e+00
   5.9116000e+05   1.2347497e+00   1.2020143e+00   1.2288474e+00   1.2079165e+00
   5.9117000e+05   1.2372107e+00   1.2020143e+00   1.2320016e+00   1.2072234e+00
   5.9118000e+05   1.2410482e+00   1.2020143e+00   1.2354596e+00   1.2076029e+00
   5.9119000e+05   1.2455677e+00   1.2020143e+00   1.2392417e+00   1.2083403e+00
   5.9120000e+05   1.2505170e+00   1.2020143e+00   1.2433687e+00   1.2091626e+00
   5.9121000e+05   1.2559246e+00   1.2020143e+00   1.2478613e+00   1.2100776e+00
   5.9122000e+05   1.2618200e+00   1.2020143e+00   1.2527404e+00   1.2110939e+00
   5.9123000e+05   1.2682327e+00   1.2020143e+00   1.2580265e+00   1.2122205e+00
   5.9124000e+05   1.2751924e+00   1.2020143e+00   1.2637398e+00   1.2134668e+00
   5.9125000e+05   1.2827286e+00   1.2020143e+00   1.2698999e+00   1.2148429e+00
   5.9126000e+05   1.2908705e+00   1.2020143e+00   1.2765255e+00   1.2163593e+00
   5.9127000e+05   1.2996469e+00   1.2020143e+00   1.2836343e+00   1.2180269e+00
   5.9128000e+05   1.3090855e+00   1.2020143e+00   1.2912425e+00   1.2198573e+00
   5.9129000e+05   1.3192127e+00   1.2020143e+00   1.2993648e+00   1.2218621e+00
   5.9130000e+05   1.3300537e+00   1.2020143e+00   1.3080142e+00   1.2240537e+00
   5.9131000e+05   1.3416318e+00   1.2020143e+00   1.3172013e+00   1.2264447e+00
   5.9132000e+05   1.3539679e+00   1.2020143e+00   1.3269345e+00   1.2290477e+00
   5.9133000e+05   1.3670809e+00   1.2020143e+00   1.3372192e+00   1.2318760e+00
   5.9134000e+05   1.3809863e+00   1.2020143e+00   1.3480580e+00   1.2349426e+00
   5.9135000e+05   1.3956969e+00   1.2020143e+00   1.3594504e+00   1.2382607e+00
   5.9136000e+05   1.4112216e+00   1.2020143e+00   1.3713922e+00   1.2418437e+00
   5.9137000e+05   1.4275656e+00   1.2020143e+00   1.3838754e+00   1.2457044e+00
   5.9138000e+05   1.4447298e+00   1.2020143e+00   1.3968883e+00   1.2498558e+00
   5.9139000e+05   1.4627108e+00   1.2020143e+00   1.4104148e+00   1.2543102e+00
   5.9140000e+05   1.4815002e+00   1.2020144e+00   1.4244346e+00   1.2590797e+00
   5.9141000e+05   1.5010845e+00   1.2020145e+00   1.4389230e+00   1.2641755e+00
   5.9142000e+05   1.5214450e+00   1.2020147e+00   1.4538506e+00   1.2696082e+00
   5.9143000e+05   1.5425577e+00   1.2020150e+00   1.4691837e+00   1.2753876e+00
   5.9144000e+05   1.5643926e+00   1.2020155e+00   1.4848836e+00   1.2815221e+00
   5.9145000e+05   1.5869143e+00   1.2020163e+00   1.5009073e+00   1.2880192e+00
   5.9146000e+05   1.6100814e+00   1.2020177e+00   1.5172072e+00   1.2948850e+00
   5.9147000e+05   1.6338469e+00   1.2020200e+00   1.5337316e+00   1.3021239e+00
   5.9148000e+05   1.6581583e+00   1.2020237e+00   1.5504243e+00   1.3097388e+00
   5.9149000e+05   1.6829573e+00   1.2020297e+00   1.5672254e+00   1.3177307e+00
   5.9150000e+05   1.7081806e+00   1.2020393e+00   1.5840712e+00   1.3260986e+00
   5.9151000e+05   1.7337604e+00   1.2020542e+00   1.6008951e+00   1.3348396e+00
   5.9152000e+05   1.7596244e+00   1.2020774e+00   1.6176272e+00   1.3439483e+00
   5.9153000e+05   1.7856969e+00   1.2021130e+00   1.6341954e+00   1.3534171e+00
   5.9154000e+05   1.8118998e+00   1.2021670e+00   1.6505255e+00   1.3632358e+00
   5.9155000e+05   1.8381533e+00   1.2022479e+00   1.6665421e+00   1.3733918e+00
   5.9156000e+05   1.8643780e+00   1.2023680e+00   1.6821688e+00   1.3838698e+00
   5.9157000e+05   1.8904961e+00   1.2025440e+00   1.6973289e+00   1.3946518e+00
   5.9158000e+05   1.9164336e+00   1.2027991e+00   1.7119460e+00   1.4057170e+00
   5.9159000e+05   1.9421232e+00   1.2031646e+00   1.7259450e+00   1.4170420e+00
   5.9160000e+05   1.9675066e+00   1.2036823e+00   1.7392520e+00   1.4286008e+00
   5.9161000e+05   1.9925386e+00   1.2044071e+00   1.7517957e+00   1.4403643e+00
   5.9162000e+05   2.0171900e+00   1.2054100e+00   1.7635073e+00   1.4523012e+00
   5.9163000e+05   2.0414525e+00   1.2067816e+00   1.7743220e+00   1.4643774e+00
   5.9164000e+05   2.0653422e+00   1.2086356e+00   1.7841787e+00   1.4765565e+00
   5.9165000e+05   2.0889044e+00   1.2111120e+00   1.7930212e+00   1.4887998e+00
   5.9166000e+05   2.1122170e+00   1.2143806e+00   1.8007984e+00   1.5010665e+00
   5.9167000e+05   2.1353940e+00   1.2186436e+00   1.8074651e+00   1.5133139e+00
   5.9168000e+05   2.1585876e+00   1.2241365e+00   1.8129821e+00   1.5254976e+00
   5.9169000e+05   2.1819885e+00   1.2311286e+00   1.8173167e+00   1.5375717e+00
   5.9170000e+05   2.2058241e+00   1.2399202e+00   1.8204431e+00   1.5494893e+00
   5.9171000e+05   2.2303545e+00   1.2508378e+00   1.8223427e+00   1.5612025e+00
   5.9172000e+05   2.2558647e+00   1.2642263e+00   1.8230042e+00   1.5726628e+00
   5.9173000e+05   2.2826533e+00   1.2804369e+00   1.8224235e+00   1.5838215e+00
   5.9174000e+05   2.3110181e+00   1.2998125e+00   1.8206041e+00   1.5946301e+00
   5.9175000e+05   2.3412374e+00   1.3226687e+00   1.8175569e+00   1.6050404e+00
   5.9176000e+05   2.3735485e+00   1.3492719e+00   1.8133001e+00   1.6150049e+00
   5.9177000e+05   2.4081238e+00   1.3798156e+00   1.8078591e+00   1.6244776e+00
   5.9178000e+05   2.4450460e+00   1.4143947e+00   1.8012660e+00   1.6334137e+00
   5.9179000e+05   2.4842827e+00   1.4529812e+00   1.7935597e+00   1.6417704e+00
   5.9180000e+05   2.5256646e+00   1.4954013e+00   1.7847850e+00   1.6495069e+00
   5.9181000e+05   2.5688665e+00   1.5413173e+00   1.7749926e+00   1.6565852e+00
   5.9182000e+05   2.6133954e+00   1.5902157e+00   1.7642384e+00   1.6629698e+00
   5.9183000e+05   2.6585864e+00   1.6414030e+00   1.7525831e+00   1.6686288e+00
   5.9184000e+05   2.7036083e+00   1.6940120e+00   1.7400915e+00   1.6735332e+00
   5.9185000e+05   2.7474799e+00   1.7470184e+00   1.7268320e+00   1.6776580e+00
   5.9186000e+05   2.7890973e+00   1.7992681e+00   1.7128758e+00   1.6809819e+00
   5.9187000e+05   2.8272710e+00   1.8495154e+00   1.6982965e+00   1.6834876e+00
   5.9188000e+05   2.8607731e+00   1.8964701e+00   1.6831694e+00   1.6851621e+00
   5.9189000e+05   2.8883897e+00   1.9388507e+00   1.6675708e+00   1.6859967e+00
   5.9190000e+05   2.9089782e+00   1.9754426e+00   1.6515772e+00   1.6859870e+00
   5.9191000e+05   2.9215243e+00   2.0051547e+00   1.6352651e+00   1.6851330e+00
   5.9192000e+05   2.9251948e+00   2.0270739e+00   1.6187101e+00   1.6834392e+00
   5.9193000e+05   2.9193841e+00   2.0405116e+00   1.6019865e+00   1.6809145e+00
   5.9194000e+05   2.9037492e+00   2.0450393e+00   1.5851665e+00   1.6775720e+00
   5.9195000e+05   2.8782320e+00   2.0405116e+00   1.5683199e+00   1.6734290e+00
   5.9196000e+05   2.8430663e+00   2.0270739e+00   1.5515140e+00   1.6685069e+00
   5.9197000e+05   2.7987694e+00   2.0051547e+00   1.5348124e+00   1.6628309e+00
   5.9198000e+05   2.7461193e+00   1.9754426e+00   1.5182753e+00   1.6564299e+00
   5.9199000e+05   2.6861174e+00   1.9388507e+00   1.5019591e+00   1.6493361e+00
   5.9200000e+05   2.6199423e+00   1.8964701e+00   1.4859160e+00   1.6415848e+00
   5.9201000e+05   2.5488950e+00   1.8495154e+00   1.4701937e+00   1.6332144e+00
   5.9202000e+05   2.4743406e+00   1.7992681e+00   1.4548356e+00   1.6242654e+00
   5.9203000e+05   2.3976513e+00   1.7470184e+00   1.4398805e+00   1.6147809e+00
   5.9204000e+05   2.3201516e+00   1.6940120e+00   1.4253626e+00   1.6048055e+00
   5.9205000e+05   2.2430715e+00   1.6414030e+00   1.4113115e+00   1.5943855e+00
   5.9206000e+05   2.1675078e+00   1.5902157e+00   1.3977523e+00   1.5835684e+00
   5.9207000e+05   2.0943964e+00   1.5413173e+00   1.3847055e+00   1.5724021e+00
   5.9208000e+05   2.0244956e+00   1.4954013e+00   1.3721874e+00   1.5609355e+00
   5.9209000e+05   1.9583799e+00   1.4529812e+00   1.3602102e+00   1.5492170e+00
   5.9210000e+05   1.8964434e+00   1.4143947e+00   1.3487819e+00   1.5372953e+00
   5.9211000e+05   1.8389122e+00   1.3798156e+00   1.3379070e+00   1.5252181e+00
   5.9212000e+05   1.7858622e+00   1.3492719e+00   1.3275863e+00   1.5130325e+00
   5.9213000e+05   1.7372418e+00   1.3226687e+00   1.3178175e+00   1.5007841e+00
   5.9214000e+05   1.6928966e+00   1.2998125e+00   1.3085951e+00   1.4885175e+00
   5.9215000e+05   1.6525946e+00   1.2804369e+00   1.2999110e+00   1.4762752e+00
   5.9216000e+05   1.6160505e+00   1.2642263e+00   1.2917548e+00   1.4640980e+00
   5.9217000e+05   1.5829475e+00   1.2508378e+00   1.2841136e+00   1.4520246e+00
   5.9218000e+05   1.5529559e+00   1.2399202e+00   1.2769728e+00   1.4400914e+00
   5.9219000e+05   1.5257487e+00   1.2311286e+00   1.2703163e+00   1.4283322e+00
   5.9220000e+05   1.5010131e+00   1.2241365e+00   1.2641265e+00   1.4167786e+00
   5.9221000e+05   1.4784590e+00   1.2186436e+00   1.2583848e+00   1.4054592e+00
   5.9222000e+05   1.4578238e+00   1.2143806e+00   1.2530715e+00   1.3944003e+00
   5.9223000e+05   1.4388751e+00   1.2111120e+00   1.2481665e+00   1.3836251e+00
   5.9224000e+05   1.4214108e+00   1.2086356e+00   1.2436494e+00   1.3731543e+00
   5.9225000e+05   1.4052583e+00   1.2067816e+00   1.2394993e+00   1.3630059e+00
   5.9226000e+05   1.3902720e+00   1.2054100e+00   1.2356954e+00   1.3531951e+00
   5.9227000e+05   1.3763301e+00   1.2044071e+00   1.2322170e+00   1.3437346e+00
   5.9228000e+05   1.3633317e+00   1.2036823e+00   1.2290437e+00   1.3346342e+00
   5.9229000e+05   1.3511933e+00   1.2031646e+00   1.2261554e+00   1.3259018e+00
   5.9230000e+05   1.3398457e+00   1.2027991e+00   1.2235326e+00   1.3175424e+00
   5.9231000e+05   1.3292312e+00   1.2025440e+00   1.2211565e+00   1.3095592e+00
   5.9232000e+05   1.3193011e+00   1.2023680e+00   1.2190087e+00   1.3019530e+00
   5.9233000e+05   1.3100138e+00   1.2022479e+00   1.2170717e+00   1.2947227e+00
   5.9234000e+05   1.3013327e+00   1.2021670e+00   1.2153288e+00   1.2878655e+00
   5.9235000e+05   1.2932254e+00   1.2021130e+00   1.2137641e+00   1.2813768e+00
   5.9236000e+05   1.2856620e+00   1.2020774e+00   1.2123626e+00   1.2752505e+00
   5.9237000e+05   1.2786150e+00   1.2020542e+00   1.2111100e+00   1.2694793e+00
   5.9238000e+05   1.2720582e+00   1.2020393e+00   1.2099930e+00   1.2640544e+00
   5.9239000e+05   1.2659667e+00   1.2020297e+00   1.2089992e+00   1.2589662e+00
   5.9240000e+05   1.2603164e+00   1.2020237e+00   1.2081170e+00   1.2542042e+00
   5.9241000e+05   1.2550839e+00   1.2020200e+00   1.2073356e+00   1.2497568e+00
   5.9242000e+05   1.2502464e+00   1.2020177e+00   1.2066449e+00   1.2456123e+00
   5.9243000e+05   1.2457817e+00   1.2020163e+00   1.2060358e+00   1.2417581e+00
   5.9244000e+05   1.2416682e+00   1.2020155e+00   1.2054999e+00   1.2381814e+00
   5.9245000e+05   1.2378849e+00   1.2020150e+00   1.2050293e+00   1.2348692e+00
   5.9246000e+05   1.2344114e+00   1.2020147e+00   1.2046170e+00   1.2318082e+00
   5.9247000e+05   1.2312280e+00   1.2020145e+00   1.2042567e+00   1.2289853e+00
   5.9248000e+05   1.2283155e+00   1.2020144e+00   1.2039423e+00   1.2263873e+00
   5.9249000e+05   1.2256556e+00   1.2020143e+00   1.2036687e+00   1.2240011e+00
   5.9250000e+05   1.2232308e+00   1.2020143e+00   1.2034311e+00   1.2218139e+00
   5.9251000e+05   1.2210242e+00   1.2020143e+00   1.2032252e+00   1.2198132e+00
   5.9252000e+05   1.2190197e+00   1.2020143e+00   1.2030472e+00   1.2179868e+00
   5.9253000e+05   1.2172020e+00   1.2020143e+00   1.2028935e+00   1.2163227e+00
   5.9254000e+05   1.2155567e+00   1.2020143e+00   1.2027612e+00   1.2148097e+00
   5.9255000e+05   1.2140700e+00   1.2020143e+00   1.2026476e+00   1.2134367e+00
   5.9256000e+05   1.2127291e+00   1.2020143e+00   1.2025502e+00   1.2121932e+00
   5.9257000e+05   1.2115219e+00   1.2020143e+00   1.2024668e+00   1.2110693e+00
   5.9258000e+05   1.2104368e+00   1.2020143e+00   1.2023957e+00   1.2100554e+00
   5.9259000e+05   1.2094634e+00   1.2020143e+00   1.2023351e+00   1.2091426e+00
   5.9260000e+05   1.2085917e+00   1.2020143e+00   1.2022835e+00   1.2083224e+00
   5.9261000e+05   1.2078124e+00   1.2020143e+00   1.2022399e+00   1.2075868e+00
   5.9262000e+05   1.2074271e+00   1.2020143e+00   1.2022029e+00   1.2072385e+00
   5.9263000e+05   1.2080907e+00   1.2020143e+00   1.2021716e+00   1.2079334e+00
   5.9264000e+05   1.2088401e+00   1.2020143e+00   1.2021453e+00   1.2087090e+00
   5.9265000e+05   1.2096820e+00   1.2020143e+00   1.2021232e+00   1.2095731e+00
   5.9266000e+05   1.2106242e+00   1.2020143e+00   1.2021046e+00   1.2105338e+00
   5.9267000e+05   1.2116747e+00   1.2020143e+00   1.2020890e+00   1.2115999e+00
   5.9268000e+05   1.2128423e+00   1.2020143e+00   1.2020760e+00   1.2127806e+00
   5.9269000e+05   1.2141365e+00   1.2020143e+00   1.2020652e+00   1.2140855e+00
   5.9270000e+05   1.2155670e+00   1.2020143e+00   1.2020562e+00   1.2155251e+00
   5.9271000e+05   1.2171443e+00   1.2020143e+00   1.2020487e+00   1.2171099e+00
   5.9272000e+05   1.2188795e+00   1.2020143e+00   1.2020425e+00   1.2188513e+00
   5.9273000e+05   1.2207838e+00   1.2020143e+00   1.2020373e+00   1.2207607e+00
   5.9274000e+05   1.2228691e+00   1.2020143e+00   1.2020331e+00   1.2228503e+00
   5.9275000e+05   1.2251477e+00   1.2020143e+00   1.2020296e+00   1.2251324e+00
   5.9276000e+05   1.2276321e+00   1.2020143e+00   1.2020267e+00   1.2276197e+00
   5.9277000e+05   1.2303352e+00   1.2020143e+00   1.2020244e+00   1.2303251e+00
   5.9278000e+05   1.2332699e+00   1.2020143e+00   1.2020225e+00   1.2332617e+00
   5.9279000e+05   1.2364495e+00   1.2020143e+00   1.2020209e+00   1.2364429e+00
   5.9280000e+05   1.2398870e+00   1.2020143e+00   1.2020196e+00   1.2398817e+00
   5.9281000e+05   1.2435956e+00   1.2020143e+00   1.2020186e+00   1.2435913e+00
   5.9282000e+05   1.2475881e+00   1.2020143e+00   1.2020177e+00   1.2475847e+00
   5.9283000e+05   1.2518772e+00   1.2020143e+00   1.2020170e+00   1.2518745e+00
   5.9284000e+05   1.2564752e+00   1.2020143e+00   1.2020165e+00   1.2564730e+00
   5.9285000e+05   1.2613935e+00   1.2020143e+00   1.2020160e+00   1.2613918e+00
   5.9286000e+05   1.2666433e+00   1.2020143e+00   1.2020157e+00   1.2666419e+00
   5.9287000e+05   1.2722347e+00   1.2020143e+00   1.2020154e+00   1.2722336e+00
   5.9288000e+05   1.2781768e+00   1.2020143e+00   1.2020152e+00   1.2781759e+00
   5.9289000e+05   1.2844778e+00   1.2020143e+00   1.2020150e+00   1.2844771e+00
   5.9290000e+05   1.2911443e+00   1.2020143e+00   1.2020148e+00   1.2911438e+00
   5.9291000e+05   1.2981818e+00   1.2020143e+00   1.2020147e+00   1.2981814e+00
   5.9292000e+05   1.3055940e+00   1.2020143e+00   1.2020146e+00   1.3055937e+00
   5.9293000e+05   1.3133829e+00   1.2020143e+00   1.2020145e+00   1.3133827e+00
   5.9294000e+05   1.3215487e+00   1.2020143e+00   1.2020145e+00   1.3215485e+00
   5.9295000e+05   1.3300894e+00   1.2020143e+00   1.2020144e+00   1.3300893e+00
   5.9296000e+05   1.3390010e+00   1.2020143e+00   1.2020144e+00   1.3390009e+00
   5.9297000e+05   1.3482772e+00   1.2020143e+00   1.2020145e+00   1.3482769e+00
   5.9298000e+05   1.3579090e+00   1.2020143e+00   1.2020145e+00   1.3579087e+00
   5.9299000e+05   1.3678853e+00   1.2020143e+00   1.2020146e+00   1.3678849e+00
   5.9300000e+05   1.3781922e+00   1.2020143e+00   1.2020147e+00   1.3781917e+00
   5.9301000e+05   1.3888130e+00   1.2020143e+00   1.2020148e+00   1.3888124e+00
   5.9302000e+05   1.3997287e+00   1.2020143e+00   1.2020150e+00   1.3997280e+00
   5.9303000e+05   1.4109172e+00   1.2020143e+00   1.2020152e+00   1.4109163e+00
   5.9304000e+05   1.4223538e+00   1.2020143e+00   1.2020154e+00   1.4223526e+00
   5.9305000e+05   1.4340112e+00   1.2020143e+00   1.2020157e+00   1.4340097e+00
   5.9306000e+05   1.4458592e+00   1.2020143e+00   1.2020161e+00   1.4458573e+00
   5.9307000e+05   1.4578653e+00   1.2020143e+00   1.2020166e+00   1.4578629e+00
   5.9308000e+05   1.4699942e+00   1.2020143e+00   1.2020172e+00   1.4699913e+00
   5.9309000e+05   1.4822086e+00   1.2020143e+00   1.2020179e+00   1.4822050e+00
   5.9310000e+05   1.4944688e+00   1.2020143e+00   1.2020188e+00   1.4944643e+00
   5.9311000e+05   1.5067331e+00   1.2020143e+00   1.2020199e+00   1.5067275e+00
   5.9312000e+05   1.5189580e+00   1.2020143e+00   1.2020212e+00   1.5189511e+00
   5.9313000e+05   1.5310985e+00   1.2020143e+00   1.2020228e+00   1.5310900e+00
   5.9314000e+05   1.5431083e+00   1.2020143e+00   1.2020248e+00   1.5430977e+00
   5.9315000e+05   1.5549399e+00   1.2020143e+00   1.2020273e+00   1.5549269e+00
   5.9316000e+05   1.5665454e+00   1.2020143e+00   1.2020303e+00   1.5665293e+00
   5.9317000e+05   1.5778761e+00   1.2020143e+00   1.2020339e+00   1.5778564e+00
   5.9318000e+05   1.5888836e+00   1.2020143e+00   1.2020383e+00   1.5888595e+00
   5.9319000e+05   1.5995195e+00   1.2020143e+00   1.2020437e+00   1.5994901e+00
   5.9320000e+05   1.6097362e+00   1.2020143e+00   1.2020502e+00   1.6097003e+00
   5.9321000e+05   1.6194871e+00   1.2020143e+00   1.2020580e+00   1.6194434e+00
   5.9322000e+05   1.6287269e+00   1.2020143e+00   1.2020674e+00   1.6286738e+00
   5.9323000e+05   1.6374118e+00   1.2020143e+00   1.2020786e+00   1.6373475e+00
   5.9324000e+05   1.6455005e+00   1.2020143e+00   1.2020921e+00   1.6454226e+00
   5.9325000e+05   1.6529538e+00   1.2020143e+00   1.2021083e+00   1.6528597e+00
   5.9326000e+05   1.6597352e+00   1.2020143e+00   1.2021276e+00   1.6596219e+00
   5.9327000e+05   1.6658116e+00   1.2020143e+00   1.2021506e+00   1.6656752e+00
   5.9328000e+05   1.6711527e+00   1.2020143e+00   1.2021779e+00   1.6709891e+00
   5.9329000e+05   1.6757324e+00   1.2020143e+00   1.2022103e+00   1.6755364e+00
   5.9330000e+05   1.6795281e+00   1.2020143e+00   1.2022486e+00   1.6792937e+00
   5.9331000e+05   1.6825213e+00   1.2020143e+00   1.2022939e+00   1.6822416e+00
   5.9332000e+05   1.6846979e+00   1.2020143e+00   1.2023473e+00   1.6843649e+00
   5.9333000e+05   1.6860481e+00   1.2020143e+00   1.2024100e+00   1.6856523e+00
   5.9334000e+05   1.6865666e+00   1.2020143e+00   1.2024837e+00   1.6860973e+00
   5.9335000e+05   1.6862530e+00   1.2020143e+00   1.2025699e+00   1.6856974e+00
   5.9336000e+05   1.6851111e+00   1.2020143e+00   1.2026706e+00   1.6844547e+00
   5.9337000e+05   1.6831496e+00   1.2020143e+00   1.2027880e+00   1.6823759e+00
   5.9338000e+05   1.6803820e+00   1.2020143e+00   1.2029247e+00   1.6794716e+00
   5.9339000e+05   1.6768260e+00   1.2020143e+00   1.2030833e+00   1.6757570e+00
   5.9340000e+05   1.6725041e+00   1.2020143e+00   1.2032670e+00   1.6712513e+00
   5.9341000e+05   1.6674428e+00   1.2020143e+00   1.2034794e+00   1.6659777e+00
   5.9342000e+05   1.6616732e+00   1.2020143e+00   1.2037244e+00   1.6599631e+00
   5.9343000e+05   1.6552299e+00   1.2020143e+00   1.2040063e+00   1.6532379e+00
   5.9344000e+05   1.6481517e+00   1.2020143e+00   1.2043301e+00   1.6458359e+00
   5.9345000e+05   1.6404806e+00   1.2020143e+00   1.2047011e+00   1.6377938e+00
   5.9346000e+05   1.6322621e+00   1.2020143e+00   1.2051253e+00   1.6291510e+00
   5.9347000e+05   1.6235443e+00   1.2020143e+00   1.2056093e+00   1.6199493e+00
   5.9348000e+05   1.6143784e+00   1.2020143e+00   1.2061603e+00   1.6102324e+00
   5.9349000e+05   1.6048178e+00   1.2020143e+00   1.2067862e+00   1.6000459e+00
   5.9350000e+05   1.5949178e+00   1.2020143e+00   1.2074956e+00   1.5894365e+00
   5.9351000e+05   1.5847357e+00   1.2020143e+00   1.2082979e+00   1.5784521e+00
   5.9352000e+05   1.5743300e+00   1.2020143e+00   1.2092032e+00   1.5671411e+00
   5.9353000e+05   1.5637602e+00   1.2020143e+00   1.2102224e+00   1.5555521e+00
   5.9354000e+05   1.5530870e+00   1.2020143e+00   1.2113674e+00   1.5437338e+00
   5.9355000e+05   1.5423710e+00   1.2020143e+00   1.2126509e+00   1.5317344e+00
   5.9356000e+05   1.5316734e+00   1.2020143e+00   1.2140863e+00   1.5196013e+00
   5.9357000e+05   1.5210549e+00   1.2020143e+00   1.2156880e+00   1.5073811e+00
   5.9358000e+05   1.5105759e+00   1.2020143e+00   1.2174713e+00   1.4951189e+00
   5.9359000e+05   1.5002962e+00   1.2020143e+00   1.2194521e+00   1.4828583e+00
   5.9360000e+05   1.4902745e+00   1.2020143e+00   1.2216476e+00   1.4706412e+00
   5.9361000e+05   1.4805682e+00   1.2020143e+00   1.2240752e+00   1.4585073e+00
   5.9362000e+05   1.4712333e+00   1.2020143e+00   1.2267534e+00   1.4464942e+00
   5.9363000e+05   1.4623243e+00   1.2020143e+00   1.2297013e+00   1.4346373e+00
   5.9364000e+05   1.4538935e+00   1.2020143e+00   1.2329385e+00   1.4229693e+00
   5.9365000e+05   1.4459913e+00   1.2020143e+00   1.2364852e+00   1.4115204e+00
   5.9366000e+05   1.4386658e+00   1.2020143e+00   1.2403618e+00   1.4003182e+00
   5.9367000e+05   1.4319624e+00   1.2020143e+00   1.2445891e+00   1.3893876e+00
   5.9368000e+05   1.4259242e+00   1.2020143e+00   1.2491879e+00   1.3787506e+00
   5.9369000e+05   1.4205913e+00   1.2020143e+00   1.2541789e+00   1.3684266e+00
   5.9370000e+05   1.4160008e+00   1.2020143e+00   1.2595826e+00   1.3584324e+00
   5.9371000e+05   1.4121868e+00   1.2020143e+00   1.2654191e+00   1.3487819e+00
   5.9372000e+05   1.4091801e+00   1.2020143e+00   1.2717077e+00   1.3394866e+00
   5.9373000e+05   1.4070081e+00   1.2020143e+00   1.2784669e+00   1.3305554e+00
   5.9374000e+05   1.4056944e+00   1.2020143e+00   1.2857139e+00   1.3219947e+00
   5.9375000e+05   1.4052593e+00   1.2020143e+00   1.2934647e+00   1.3138089e+00
   5.9376000e+05   1.4057190e+00   1.2020143e+00   1.3017335e+00   1.3059997e+00
   5.9377000e+05   1.4070856e+00   1.2020143e+00   1.3105325e+00   1.2985674e+00
   5.9378000e+05   1.4093674e+00   1.2020143e+00   1.3198718e+00   1.2915099e+00
   5.9379000e+05   1.4125682e+00   1.2020143e+00   1.3297590e+00   1.2848235e+00
   5.9380000e+05   1.4166875e+00   1.2020143e+00   1.3401987e+00   1.2785030e+00
   5.9381000e+05   1.4217203e+00   1.2020143e+00   1.3511928e+00   1.2725417e+00
   5.9382000e+05   1.4276569e+00   1.2020143e+00   1.3627396e+00   1.2669315e+00
   5.9383000e+05   1.4344832e+00   1.2020143e+00   1.3748340e+00   1.2616634e+00
   5.9384000e+05   1.4421799e+00   1.2020143e+00   1.3874669e+00   1.2567272e+00
   5.9385000e+05   1.4507231e+00   1.2020143e+00   1.4006255e+00   1.2521119e+00
   5.9386000e+05   1.4600840e+00   1.2020143e+00   1.4142923e+00   1.2478060e+00
   5.9387000e+05   1.4702289e+00   1.2020143e+00   1.4284461e+00   1.2437971e+00
   5.9388000e+05   1.4811190e+00   1.2020143e+00   1.4430606e+00   1.2400726e+00
   5.9389000e+05   1.4927109e+00   1.2020143e+00   1.4581054e+00   1.2366197e+00
   5.9390000e+05   1.5049562e+00   1.2020143e+00   1.4735452e+00   1.2334252e+00
   5.9391000e+05   1.5178019e+00   1.2020143e+00   1.4893404e+00   1.2304758e+00
   5.9392000e+05   1.5311905e+00   1.2020143e+00   1.5054464e+00   1.2277584e+00
   5.9393000e+05   1.5450602e+00   1.2020143e+00   1.5218146e+00   1.2252598e+00
   5.9394000e+05   1.5593448e+00   1.2020143e+00   1.5383920e+00   1.2229671e+00
   5.9395000e+05   1.5739745e+00   1.2020143e+00   1.5551212e+00   1.2208675e+00
   5.9396000e+05   1.5888759e+00   1.2020143e+00   1.5719414e+00   1.2189488e+00
   5.9397000e+05   1.6039725e+00   1.2020143e+00   1.5887880e+00   1.2171988e+00
   5.9398000e+05   1.6191849e+00   1.2020143e+00   1.6055933e+00   1.2156059e+00
   5.9399000e+05   1.6344314e+00   1.2020143e+00   1.6222868e+00   1.2141589e+00
   5.9400000e+05   1.6496286e+00   1.2020143e+00   1.6387959e+00   1.2128470e+00
