   5.8500000e+05   1.6446076e+00   1.4194023e+00   1.4195324e+00   1.6444775e+00
   5.8501000e+05   1.6353023e+00   1.4194023e+00   1.4195015e+00   1.6352031e+00
   5.8502000e+05   1.6260887e+00   1.4194023e+00   1.4194776e+00   1.6260134e+00
   5.8503000e+05   1.6169876e+00   1.4194023e+00   1.4194592e+00   1.6169307e+00
   5.8504000e+05   1.6080187e+00   1.4194023e+00   1.4194451e+00   1.6079759e+00
   5.8505000e+05   1.5992003e+00   1.4194023e+00   1.4194344e+00   1.5991682e+00
   5.8506000e+05   1.5905495e+00   1.4194023e+00   1.4194262e+00   1.5905255e+00
   5.8507000e+05   1.5820820e+00   1.4194023e+00   1.4194201e+00   1.5820642e+00
   5.8508000e+05   1.5738122e+00   1.4194023e+00   1.4194154e+00   1.5737991e+00
   5.8509000e+05   1.5657529e+00   1.4194023e+00   1.4194120e+00   1.5657432e+00
   5.8510000e+05   1.5579154e+00   1.4194023e+00   1.4194094e+00   1.5579083e+00
   5.8511000e+05   1.5503096e+00   1.4194023e+00   1.4194075e+00   1.5503044e+00
   5.8512000e+05   1.5429439e+00   1.4194023e+00   1.4194060e+00   1.5429401e+00
   5.8513000e+05   1.5358252e+00   1.4194023e+00   1.4194050e+00   1.5358225e+00
   5.8514000e+05   1.5289593e+00   1.4194023e+00   1.4194042e+00   1.5289573e+00
   5.8515000e+05   1.5223501e+00   1.4194023e+00   1.4194037e+00   1.5223487e+00
   5.8516000e+05   1.5160008e+00   1.4194023e+00   1.4194033e+00   1.5159997e+00
   5.8517000e+05   1.5099127e+00   1.4194023e+00   1.4194030e+00   1.5099120e+00
   5.8518000e+05   1.5040866e+00   1.4194023e+00   1.4194028e+00   1.5040861e+00
   5.8519000e+05   1.4985216e+00   1.4194023e+00   1.4194026e+00   1.4985212e+00
   5.8520000e+05   1.4932160e+00   1.4194023e+00   1.4194025e+00   1.4932158e+00
   5.8521000e+05   1.4881673e+00   1.4194023e+00   1.4194025e+00   1.4881671e+00
   5.8522000e+05   1.4833718e+00   1.4194023e+00   1.4194024e+00   1.4833717e+00
   5.8523000e+05   1.4788252e+00   1.4194023e+00   1.4194024e+00   1.4788252e+00
   5.8524000e+05   1.4745225e+00   1.4194023e+00   1.4194023e+00   1.4745224e+00
   5.8525000e+05   1.4704577e+00   1.4194023e+00   1.4194023e+00   1.4704577e+00
   5.8526000e+05   1.4666248e+00   1.4194023e+00   1.4194023e+00   1.4666248e+00
   5.8527000e+05   1.4630168e+00   1.4194023e+00   1.4194023e+00   1.4630168e+00
   5.8528000e+05   1.4596266e+00   1.4194023e+00   1.4194023e+00   1.4596266e+00
   5.8529000e+05   1.4564466e+00   1.4194023e+00   1.4194023e+00   1.4564466e+00
   5.8530000e+05   1.4534690e+00   1.4194023e+00   1.4194023e+00   1.4534689e+00
   5.8531000e+05   1.4506856e+00   1.4194023e+00   1.4194023e+00   1.4506856e+00
   5.8532000e+05   1.4480884e+00   1.4194023e+00   1.4194023e+00   1.4480884e+00
   5.8533000e+05   1.4456690e+00   1.4194023e+00   1.4194023e+00   1.4456690e+00
   5.8534000e+05   1.4434190e+00   1.4194023e+00   1.4194023e+00   1.4434190e+00
   5.8535000e+05   1.4413303e+00   1.4194023e+00   1.4194023e+00   1.4413303e+00
   5.8536000e+05   1.4393944e+00   1.4194023e+00   1.4194023e+00   1.4393944e+00
   5.8537000e+05   1.4376032e+00   1.4194023e+00   1.4194023e+00   1.4376032e+00
   5.8538000e+05   1.4359487e+00   1.4194023e+00   1.4194023e+00   1.4359487e+00
   5.8539000e+05   1.4344229e+00   1.4194023e+00   1.4194023e+00   1.4344229e+00
   5.8540000e+05   1.4330183e+00   1.4194023e+00   1.4194023e+00   1.4330183e+00
   5.8541000e+05   1.4317272e+00   1.4194023e+00   1.4194023e+00   1.4317272e+00
   5.8542000e+05   1.4305426e+00   1.4194023e+00   1.4194023e+00   1.4305426e+00
   5.8543000e+05   1.4294573e+00   1.4194023e+00   1.4194023e+00   1.4294573e+00
   5.8544000e+05   1.4294072e+00   1.4194023e+00   1.4194023e+00   1.4294072e+00
   5.8545000e+05   1.4304879e+00   1.4194023e+00   1.4194023e+00   1.4304879e+00
   5.8546000e+05   1.4316676e+00   1.4194023e+00   1.4194023e+00   1.4316676e+00
   5.8547000e+05   1.4329533e+00   1.4194023e+00   1.4194023e+00   1.4329533e+00
   5.8548000e+05   1.4343523e+00   1.4194023e+00   1.4194023e+00   1.4343523e+00
   5.8549000e+05   1.4358720e+00   1.4194023e+00   1.4194023e+00   1.4358720e+00
   5.8550000e+05   1.4375201e+00   1.4194023e+00   1.4194023e+00   1.4375201e+00
   5.8551000e+05   1.4393045e+00   1.4194023e+00   1.4194023e+00   1.4393045e+00
   5.8552000e+05   1.4412332e+00   1.4194023e+00   1.4194023e+00   1.4412332e+00
   5.8553000e+05   1.4433144e+00   1.4194023e+00   1.4194023e+00   1.4433144e+00
   5.8554000e+05   1.4455563e+00   1.4194023e+00   1.4194023e+00   1.4455563e+00
   5.8555000e+05   1.4479673e+00   1.4194023e+00   1.4194023e+00   1.4479673e+00
   5.8556000e+05   1.4505558e+00   1.4194023e+00   1.4194023e+00   1.4505558e+00
   5.8557000e+05   1.4533299e+00   1.4194023e+00   1.4194023e+00   1.4533299e+00
   5.8558000e+05   1.4562980e+00   1.4194023e+00   1.4194023e+00   1.4562980e+00
   5.8559000e+05   1.4594680e+00   1.4194023e+00   1.4194023e+00   1.4594680e+00
   5.8560000e+05   1.4628479e+00   1.4194023e+00   1.4194023e+00   1.4628479e+00
   5.8561000e+05   1.4664451e+00   1.4194023e+00   1.4194023e+00   1.4664451e+00
   5.8562000e+05   1.4702670e+00   1.4194023e+00   1.4194023e+00   1.4702670e+00
   5.8563000e+05   1.4743204e+00   1.4194023e+00   1.4194023e+00   1.4743204e+00
   5.8564000e+05   1.4786115e+00   1.4194023e+00   1.4194023e+00   1.4786115e+00
   5.8565000e+05   1.4831461e+00   1.4194023e+00   1.4194023e+00   1.4831461e+00
   5.8566000e+05   1.4879294e+00   1.4194023e+00   1.4194023e+00   1.4879294e+00
   5.8567000e+05   1.4929657e+00   1.4194023e+00   1.4194023e+00   1.4929657e+00
   5.8568000e+05   1.4982586e+00   1.4194023e+00   1.4194023e+00   1.4982586e+00
   5.8569000e+05   1.5038109e+00   1.4194023e+00   1.4194023e+00   1.5038109e+00
   5.8570000e+05   1.5096242e+00   1.4194023e+00   1.4194023e+00   1.5096242e+00
   5.8571000e+05   1.5156993e+00   1.4194023e+00   1.4194023e+00   1.5156993e+00
   5.8572000e+05   1.5220356e+00   1.4194023e+00   1.4194023e+00   1.5220356e+00
   5.8573000e+05   1.5286317e+00   1.4194023e+00   1.4194023e+00   1.5286317e+00
   5.8574000e+05   1.5354846e+00   1.4194023e+00   1.4194023e+00   1.5354846e+00
   5.8575000e+05   1.5425901e+00   1.4194023e+00   1.4194023e+00   1.5425901e+00
   5.8576000e+05   1.5499426e+00   1.4194023e+00   1.4194023e+00   1.5499426e+00
   5.8577000e+05   1.5575351e+00   1.4194023e+00   1.4194023e+00   1.5575351e+00
   5.8578000e+05   1.5653590e+00   1.4194023e+00   1.4194023e+00   1.5653590e+00
   5.8579000e+05   1.5734045e+00   1.4194023e+00   1.4194023e+00   1.5734045e+00
   5.8580000e+05   1.5816598e+00   1.4194023e+00   1.4194023e+00   1.5816598e+00
   5.8581000e+05   1.5901120e+00   1.4194023e+00   1.4194023e+00   1.5901120e+00
   5.8582000e+05   1.5987462e+00   1.4194023e+00   1.4194023e+00   1.5987462e+00
   5.8583000e+05   1.6075463e+00   1.4194023e+00   1.4194023e+00   1.6075463e+00
   5.8584000e+05   1.6164945e+00   1.4194023e+00   1.4194023e+00   1.6164945e+00
   5.8585000e+05   1.6255715e+00   1.4194023e+00   1.4194023e+00   1.6255715e+00
   5.8586000e+05   1.6347565e+00   1.4194023e+00   1.4194023e+00   1.6347565e+00
   5.8587000e+05   1.6440273e+00   1.4194023e+00   1.4194023e+00   1.6440273e+00
   5.8588000e+05   1.6533605e+00   1.4194023e+00   1.4194023e+00   1.6533604e+00
   5.8589000e+05   1.6627311e+00   1.4194023e+00   1.4194023e+00   1.6627311e+00
   5.8590000e+05   1.6721133e+00   1.4194023e+00   1.4194023e+00   1.6721133e+00
   5.8591000e+05   1.6814800e+00   1.4194023e+00   1.4194023e+00   1.6814800e+00
   5.8592000e+05   1.6908032e+00   1.4194023e+00   1.4194023e+00   1.6908031e+00
   5.8593000e+05   1.7000540e+00   1.4194023e+00   1.4194023e+00   1.7000540e+00
   5.8594000e+05   1.7092029e+00   1.4194023e+00   1.4194023e+00   1.7092029e+00
   5.8595000e+05   1.7182200e+00   1.4194023e+00   1.4194023e+00   1.7182199e+00
   5.8596000e+05   1.7270747e+00   1.4194023e+00   1.4194023e+00   1.7270746e+00
   5.8597000e+05   1.7357364e+00   1.4194023e+00   1.4194023e+00   1.7357363e+00
   5.8598000e+05   1.7441744e+00   1.4194023e+00   1.4194024e+00   1.7441744e+00
   5.8599000e+05   1.7523583e+00   1.4194023e+00   1.4194024e+00   1.7523582e+00
   5.8600000e+05   1.7602577e+00   1.4194023e+00   1.4194025e+00   1.7602575e+00
   5.8601000e+05   1.7678429e+00   1.4194023e+00   1.4194025e+00   1.7678427e+00
   5.8602000e+05   1.7750850e+00   1.4194023e+00   1.4194027e+00   1.7750846e+00
   5.8603000e+05   1.7819557e+00   1.4194023e+00   1.4194028e+00   1.7819552e+00
   5.8604000e+05   1.7884279e+00   1.4194023e+00   1.4194030e+00   1.7884272e+00
   5.8605000e+05   1.7944759e+00   1.4194023e+00   1.4194033e+00   1.7944748e+00
   5.8606000e+05   1.8000751e+00   1.4194023e+00   1.4194038e+00   1.8000736e+00
   5.8607000e+05   1.8052026e+00   1.4194023e+00   1.4194043e+00   1.8052005e+00
   5.8608000e+05   1.8098374e+00   1.4194023e+00   1.4194051e+00   1.8098345e+00
   5.8609000e+05   1.8139601e+00   1.4194023e+00   1.4194062e+00   1.8139561e+00
   5.8610000e+05   1.8175536e+00   1.4194023e+00   1.4194077e+00   1.8175481e+00
   5.8611000e+05   1.8206028e+00   1.4194023e+00   1.4194097e+00   1.8205953e+00
   5.8612000e+05   1.8230948e+00   1.4194023e+00   1.4194124e+00   1.8230847e+00
   5.8613000e+05   1.8250194e+00   1.4194023e+00   1.4194160e+00   1.8250057e+00
   5.8614000e+05   1.8263685e+00   1.4194023e+00   1.4194209e+00   1.8263499e+00
   5.8615000e+05   1.8271367e+00   1.4194023e+00   1.4194273e+00   1.8271117e+00
   5.8616000e+05   1.8273213e+00   1.4194023e+00   1.4194357e+00   1.8272878e+00
   5.8617000e+05   1.8269220e+00   1.4194023e+00   1.4194469e+00   1.8268774e+00
   5.8618000e+05   1.8259415e+00   1.4194023e+00   1.4194616e+00   1.8258822e+00
   5.8619000e+05   1.8243850e+00   1.4194023e+00   1.4194807e+00   1.8243066e+00
   5.8620000e+05   1.8222605e+00   1.4194023e+00   1.4195055e+00   1.8221573e+00
   5.8621000e+05   1.8195788e+00   1.4194023e+00   1.4195376e+00   1.8194435e+00
   5.8622000e+05   1.8163535e+00   1.4194023e+00   1.4195788e+00   1.8161769e+00
   5.8623000e+05   1.8126007e+00   1.4194023e+00   1.4196317e+00   1.8123712e+00
   5.8624000e+05   1.8083395e+00   1.4194023e+00   1.4196992e+00   1.8080426e+00
   5.8625000e+05   1.8035917e+00   1.4194023e+00   1.4197849e+00   1.8032092e+00
   5.8626000e+05   1.7983818e+00   1.4194023e+00   1.4198931e+00   1.7978910e+00
   5.8627000e+05   1.7927369e+00   1.4194023e+00   1.4200292e+00   1.7921100e+00
   5.8628000e+05   1.7866871e+00   1.4194023e+00   1.4201997e+00   1.7858897e+00
   5.8629000e+05   1.7802650e+00   1.4194023e+00   1.4204121e+00   1.7792552e+00
   5.8630000e+05   1.7735062e+00   1.4194023e+00   1.4206757e+00   1.7722328e+00
   5.8631000e+05   1.7664490e+00   1.4194023e+00   1.4210010e+00   1.7648503e+00
   5.8632000e+05   1.7591347e+00   1.4194023e+00   1.4214009e+00   1.7571360e+00
   5.8633000e+05   1.7516072e+00   1.4194023e+00   1.4218901e+00   1.7491193e+00
   5.8634000e+05   1.7439137e+00   1.4194023e+00   1.4224857e+00   1.7408303e+00
   5.8635000e+05   1.7361043e+00   1.4194023e+00   1.4232074e+00   1.7322992e+00
   5.8636000e+05   1.7282322e+00   1.4194023e+00   1.4240779e+00   1.7235566e+00
   5.8637000e+05   1.7203538e+00   1.4194023e+00   1.4251227e+00   1.7146334e+00
   5.8638000e+05   1.7125286e+00   1.4194023e+00   1.4263709e+00   1.7055600e+00
   5.8639000e+05   1.7048194e+00   1.4194023e+00   1.4278549e+00   1.6963667e+00
   5.8640000e+05   1.6972921e+00   1.4194023e+00   1.4296109e+00   1.6870835e+00
   5.8641000e+05   1.6900158e+00   1.4194023e+00   1.4316786e+00   1.6777395e+00
   5.8642000e+05   1.6830626e+00   1.4194023e+00   1.4341015e+00   1.6683633e+00
   5.8643000e+05   1.6765072e+00   1.4194023e+00   1.4369269e+00   1.6589826e+00
   5.8644000e+05   1.6704271e+00   1.4194023e+00   1.4402055e+00   1.6496239e+00
   5.8645000e+05   1.6649017e+00   1.4194023e+00   1.4439912e+00   1.6403127e+00
   5.8646000e+05   1.6600120e+00   1.4194023e+00   1.4483408e+00   1.6310734e+00
   5.8647000e+05   1.6558400e+00   1.4194023e+00   1.4533132e+00   1.6219290e+00
   5.8648000e+05   1.6524679e+00   1.4194023e+00   1.4589690e+00   1.6129011e+00
   5.8649000e+05   1.6499771e+00   1.4194023e+00   1.4653695e+00   1.6040099e+00
   5.8650000e+05   1.6484473e+00   1.4194023e+00   1.4725756e+00   1.5952740e+00
   5.8651000e+05   1.6479550e+00   1.4194023e+00   1.4806466e+00   1.5867107e+00
   5.8652000e+05   1.6485724e+00   1.4194023e+00   1.4896391e+00   1.5783356e+00
   5.8653000e+05   1.6503658e+00   1.4194023e+00   1.4996054e+00   1.5701627e+00
   5.8654000e+05   1.6533940e+00   1.4194023e+00   1.5105918e+00   1.5622045e+00
   5.8655000e+05   1.6577066e+00   1.4194023e+00   1.5226370e+00   1.5544719e+00
   5.8656000e+05   1.6633425e+00   1.4194023e+00   1.5357704e+00   1.5469744e+00
   5.8657000e+05   1.6703277e+00   1.4194023e+00   1.5500101e+00   1.5397199e+00
   5.8658000e+05   1.6786740e+00   1.4194023e+00   1.5653615e+00   1.5327148e+00
   5.8659000e+05   1.6883772e+00   1.4194023e+00   1.5818154e+00   1.5259641e+00
   5.8660000e+05   1.6994158e+00   1.4194023e+00   1.5993465e+00   1.5194716e+00
   5.8661000e+05   1.7117492e+00   1.4194023e+00   1.6179120e+00   1.5132395e+00
   5.8662000e+05   1.7253175e+00   1.4194023e+00   1.6374506e+00   1.5072691e+00
   5.8663000e+05   1.7400398e+00   1.4194023e+00   1.6578818e+00   1.5015603e+00
   5.8664000e+05   1.7558147e+00   1.4194023e+00   1.6791050e+00   1.4961119e+00
   5.8665000e+05   1.7725197e+00   1.4194023e+00   1.7010000e+00   1.4909220e+00
   5.8666000e+05   1.7900120e+00   1.4194023e+00   1.7234270e+00   1.4859873e+00
   5.8667000e+05   1.8081294e+00   1.4194023e+00   1.7462278e+00   1.4813039e+00
   5.8668000e+05   1.8266917e+00   1.4194023e+00   1.7692266e+00   1.4768673e+00
   5.8669000e+05   1.8455024e+00   1.4194023e+00   1.7922327e+00   1.4726720e+00
   5.8670000e+05   1.8643517e+00   1.4194023e+00   1.8150420e+00   1.4687119e+00
   5.8671000e+05   1.8830185e+00   1.4194023e+00   1.8374401e+00   1.4649807e+00
   5.8672000e+05   1.9012744e+00   1.4194023e+00   1.8592055e+00   1.4614712e+00
   5.8673000e+05   1.9188870e+00   1.4194023e+00   1.8801131e+00   1.4581761e+00
   5.8674000e+05   1.9356235e+00   1.4194023e+00   1.8999380e+00   1.4550878e+00
   5.8675000e+05   1.9512551e+00   1.4194023e+00   1.9184591e+00   1.4521982e+00
   5.8676000e+05   1.9655610e+00   1.4194023e+00   1.9354639e+00   1.4494993e+00
   5.8677000e+05   1.9783323e+00   1.4194023e+00   1.9507518e+00   1.4469828e+00
   5.8678000e+05   1.9893766e+00   1.4194023e+00   1.9641385e+00   1.4446403e+00
   5.8679000e+05   1.9985207e+00   1.4194023e+00   1.9754593e+00   1.4424637e+00
   5.8680000e+05   2.0056151e+00   1.4194023e+00   1.9845729e+00   1.4404444e+00
   5.8681000e+05   2.0105362e+00   1.4194023e+00   1.9913641e+00   1.4385744e+00
   5.8682000e+05   2.0131893e+00   1.4194023e+00   1.9957461e+00   1.4368454e+00
   5.8683000e+05   2.0135100e+00   1.4194023e+00   1.9976627e+00   1.4352496e+00
   5.8684000e+05   2.0114658e+00   1.4194023e+00   1.9970891e+00   1.4337790e+00
   5.8685000e+05   2.0070566e+00   1.4194023e+00   1.9940327e+00   1.4324262e+00
   5.8686000e+05   2.0003142e+00   1.4194023e+00   1.9885328e+00   1.4311837e+00
   5.8687000e+05   1.9913022e+00   1.4194023e+00   1.9806601e+00   1.4300444e+00
   5.8688000e+05   1.9801138e+00   1.4194023e+00   1.9705146e+00   1.4290015e+00
   5.8689000e+05   1.9687012e+00   1.4194023e+00   1.9582238e+00   1.4298796e+00
   5.8690000e+05   1.9555418e+00   1.4194023e+00   1.9439403e+00   1.4310038e+00
   5.8691000e+05   1.9406660e+00   1.4194023e+00   1.9278381e+00   1.4322301e+00
   5.8692000e+05   1.9242731e+00   1.4194023e+00   1.9101096e+00   1.4335657e+00
   5.8693000e+05   1.9065770e+00   1.4194023e+00   1.8909614e+00   1.4350179e+00
   5.8694000e+05   1.8878022e+00   1.4194023e+00   1.8706104e+00   1.4365942e+00
   5.8695000e+05   1.8681799e+00   1.4194023e+00   1.8492798e+00   1.4383023e+00
   5.8696000e+05   1.8479435e+00   1.4194023e+00   1.8271954e+00   1.4401504e+00
   5.8697000e+05   1.8273250e+00   1.4194023e+00   1.8045809e+00   1.4421464e+00
   5.8698000e+05   1.8065513e+00   1.4194023e+00   1.7816549e+00   1.4442986e+00
   5.8699000e+05   1.7858405e+00   1.4194023e+00   1.7586275e+00   1.4466153e+00
   5.8700000e+05   1.7653995e+00   1.4194023e+00   1.7356970e+00   1.4491048e+00
   5.8701000e+05   1.7454206e+00   1.4194023e+00   1.7130475e+00   1.4517754e+00
   5.8702000e+05   1.7260800e+00   1.4194023e+00   1.6908468e+00   1.4546354e+00
   5.8703000e+05   1.7075356e+00   1.4194023e+00   1.6692448e+00   1.4576930e+00
   5.8704000e+05   1.6899263e+00   1.4194023e+00   1.6483725e+00   1.4609561e+00
   5.8705000e+05   1.6733710e+00   1.4194023e+00   1.6283408e+00   1.4644325e+00
   5.8706000e+05   1.6579685e+00   1.4194023e+00   1.6092413e+00   1.4681295e+00
   5.8707000e+05   1.6437975e+00   1.4194023e+00   1.5911455e+00   1.4720543e+00
   5.8708000e+05   1.6309171e+00   1.4194023e+00   1.5741060e+00   1.4762134e+00
   5.8709000e+05   1.6193681e+00   1.4194023e+00   1.5581574e+00   1.4806130e+00
   5.8710000e+05   1.6091737e+00   1.4194023e+00   1.5433175e+00   1.4852584e+00
   5.8711000e+05   1.6003409e+00   1.4194023e+00   1.5295885e+00   1.4901546e+00
   5.8712000e+05   1.5928623e+00   1.4194023e+00   1.5169590e+00   1.4953055e+00
   5.8713000e+05   1.5867175e+00   1.4194023e+00   1.5054054e+00   1.5007144e+00
   5.8714000e+05   1.5818751e+00   1.4194023e+00   1.4948939e+00   1.5063835e+00
   5.8715000e+05   1.5782937e+00   1.4194023e+00   1.4853819e+00   1.5123140e+00
   5.8716000e+05   1.5759244e+00   1.4194023e+00   1.4768204e+00   1.5185063e+00
   5.8717000e+05   1.5747118e+00   1.4194023e+00   1.4691547e+00   1.5249593e+00
   5.8718000e+05   1.5745956e+00   1.4194023e+00   1.4623270e+00   1.5316709e+00
   5.8719000e+05   1.5755122e+00   1.4194023e+00   1.4562769e+00   1.5386376e+00
   5.8720000e+05   1.5773955e+00   1.4194023e+00   1.4509432e+00   1.5458545e+00
   5.8721000e+05   1.5801782e+00   1.4194023e+00   1.4462650e+00   1.5533155e+00
   5.8722000e+05   1.5837927e+00   1.4194023e+00   1.4421821e+00   1.5610129e+00
   5.8723000e+05   1.5881719e+00   1.4194023e+00   1.4386367e+00   1.5689374e+00
   5.8724000e+05   1.5932494e+00   1.4194023e+00   1.4355732e+00   1.5770784e+00
   5.8725000e+05   1.5989606e+00   1.4194023e+00   1.4329392e+00   1.5854237e+00
   5.8726000e+05   1.6052424e+00   1.4194023e+00   1.4306854e+00   1.5939593e+00
   5.8727000e+05   1.6120341e+00   1.4194023e+00   1.4287664e+00   1.6026700e+00
   5.8728000e+05   1.6192768e+00   1.4194023e+00   1.4271403e+00   1.6115387e+00
   5.8729000e+05   1.6269139e+00   1.4194023e+00   1.4257691e+00   1.6205471e+00
   5.8730000e+05   1.6348912e+00   1.4194023e+00   1.4246183e+00   1.6296751e+00
   5.8731000e+05   1.6431563e+00   1.4194023e+00   1.4236572e+00   1.6389014e+00
   5.8732000e+05   1.6516591e+00   1.4194023e+00   1.4228582e+00   1.6482032e+00
   5.8733000e+05   1.6603511e+00   1.4194023e+00   1.4221972e+00   1.6575563e+00
   5.8734000e+05   1.6691859e+00   1.4194023e+00   1.4216528e+00   1.6669354e+00
   5.8735000e+05   1.6781185e+00   1.4194023e+00   1.4212067e+00   1.6763140e+00
   5.8736000e+05   1.6871053e+00   1.4194023e+00   1.4208428e+00   1.6856647e+00
   5.8737000e+05   1.6961041e+00   1.4194023e+00   1.4205474e+00   1.6949591e+00
   5.8738000e+05   1.7050742e+00   1.4194023e+00   1.4203086e+00   1.7041679e+00
   5.8739000e+05   1.7139757e+00   1.4194023e+00   1.4201165e+00   1.7132615e+00
   5.8740000e+05   1.7227700e+00   1.4194023e+00   1.4199627e+00   1.7222096e+00
   5.8741000e+05   1.7314194e+00   1.4194023e+00   1.4198401e+00   1.7309816e+00
   5.8742000e+05   1.7398875e+00   1.4194023e+00   1.4197429e+00   1.7395468e+00
   5.8743000e+05   1.7481386e+00   1.4194023e+00   1.4196661e+00   1.7478747e+00
   5.8744000e+05   1.7561383e+00   1.4194023e+00   1.4196058e+00   1.7559348e+00
   5.8745000e+05   1.7638532e+00   1.4194023e+00   1.4195585e+00   1.7636970e+00
   5.8746000e+05   1.7712514e+00   1.4194023e+00   1.4195218e+00   1.7711319e+00
   5.8747000e+05   1.7783018e+00   1.4194023e+00   1.4194933e+00   1.7782108e+00
   5.8748000e+05   1.7849750e+00   1.4194023e+00   1.4194712e+00   1.7849061e+00
   5.8749000e+05   1.7912431e+00   1.4194023e+00   1.4194543e+00   1.7911911e+00
   5.8750000e+05   1.7970796e+00   1.4194023e+00   1.4194414e+00   1.7970405e+00
   5.8751000e+05   1.8024598e+00   1.4194023e+00   1.4194316e+00   1.8024306e+00
   5.8752000e+05   1.8073609e+00   1.4194023e+00   1.4194241e+00   1.8073391e+00
   5.8753000e+05   1.8117620e+00   1.4194023e+00   1.4194185e+00   1.8117458e+00
   5.8754000e+05   1.8156441e+00   1.4194023e+00   1.4194142e+00   1.8156321e+00
   5.8755000e+05   1.8189906e+00   1.4194023e+00   1.4194111e+00   1.8189818e+00
   5.8756000e+05   1.8217869e+00   1.4194023e+00   1.4194087e+00   1.8217805e+00
   5.8757000e+05   1.8240210e+00   1.4194023e+00   1.4194070e+00   1.8240163e+00
   5.8758000e+05   1.8256831e+00   1.4194023e+00   1.4194057e+00   1.8256797e+00
   5.8759000e+05   1.8267660e+00   1.4194023e+00   1.4194047e+00   1.8267636e+00
   5.8760000e+05   1.8272649e+00   1.4194023e+00   1.4194040e+00   1.8272632e+00
   5.8761000e+05   1.8271776e+00   1.4194023e+00   1.4194035e+00   1.8271764e+00
   5.8762000e+05   1.8265044e+00   1.4194023e+00   1.4194032e+00   1.8265035e+00
   5.8763000e+05   1.8252482e+00   1.4194023e+00   1.4194029e+00   1.8252476e+00
   5.8764000e+05   1.8234144e+00   1.4194023e+00   1.4194027e+00   1.8234139e+00
   5.8765000e+05   1.8210108e+00   1.4194023e+00   1.4194026e+00   1.8210104e+00
   5.8766000e+05   1.8180476e+00   1.4194023e+00   1.4194025e+00   1.8180474e+00
   5.8767000e+05   1.8145375e+00   1.4194023e+00   1.4194024e+00   1.8145374e+00
   5.8768000e+05   1.8104954e+00   1.4194023e+00   1.4194024e+00   1.8104952e+00
   5.8769000e+05   1.8059381e+00   1.4194023e+00   1.4194024e+00   1.8059381e+00
   5.8770000e+05   1.8008849e+00   1.4194023e+00   1.4194023e+00   1.8008848e+00
   5.8771000e+05   1.7953564e+00   1.4194023e+00   1.4194023e+00   1.7953564e+00
   5.8772000e+05   1.7893756e+00   1.4194023e+00   1.4194023e+00   1.7893755e+00
   5.8773000e+05   1.7829665e+00   1.4194023e+00   1.4194023e+00   1.7829665e+00
   5.8774000e+05   1.7761549e+00   1.4194023e+00   1.4194023e+00   1.7761548e+00
   5.8775000e+05   1.7689676e+00   1.4194023e+00   1.4194023e+00   1.7689676e+00
   5.8776000e+05   1.7614328e+00   1.4194023e+00   1.4194023e+00   1.7614328e+00
   5.8777000e+05   1.7535794e+00   1.4194023e+00   1.4194023e+00   1.7535794e+00
   5.8778000e+05   1.7454370e+00   1.4194023e+00   1.4194023e+00   1.7454370e+00
   5.8779000e+05   1.7370357e+00   1.4194023e+00   1.4194023e+00   1.7370357e+00
   5.8780000e+05   1.7284060e+00   1.4194023e+00   1.4194023e+00   1.7284060e+00
   5.8781000e+05   1.7195787e+00   1.4194023e+00   1.4194023e+00   1.7195787e+00
   5.8782000e+05   1.7105844e+00   1.4194023e+00   1.4194023e+00   1.7105844e+00
   5.8783000e+05   1.7014536e+00   1.4194023e+00   1.4194023e+00   1.7014536e+00
   5.8784000e+05   1.6922164e+00   1.4194023e+00   1.4194023e+00   1.6922164e+00
   5.8785000e+05   1.6829023e+00   1.4194023e+00   1.4194023e+00   1.6829023e+00
   5.8786000e+05   1.6735404e+00   1.4194023e+00   1.4194023e+00   1.6735404e+00
   5.8787000e+05   1.6641588e+00   1.4194023e+00   1.4194023e+00   1.6641588e+00
   5.8788000e+05   1.6547847e+00   1.4194023e+00   1.4194023e+00   1.6547847e+00
   5.8789000e+05   1.6454442e+00   1.4194023e+00   1.4194023e+00   1.6454442e+00
   5.8790000e+05   1.6361624e+00   1.4194023e+00   1.4194023e+00   1.6361624e+00
   5.8791000e+05   1.6269628e+00   1.4194023e+00   1.4194023e+00   1.6269628e+00
   5.8792000e+05   1.6178680e+00   1.4194023e+00   1.4194023e+00   1.6178680e+00
   5.8793000e+05   1.6088990e+00   1.4194023e+00   1.4194023e+00   1.6088990e+00
   5.8794000e+05   1.6000752e+00   1.4194023e+00   1.4194023e+00   1.6000752e+00
   5.8795000e+05   1.5914146e+00   1.4194023e+00   1.4194023e+00   1.5914146e+00
   5.8796000e+05   1.5829338e+00   1.4194023e+00   1.4194023e+00   1.5829338e+00
   5.8797000e+05   1.5746476e+00   1.4194023e+00   1.4194023e+00   1.5746476e+00
   5.8798000e+05   1.5665694e+00   1.4194023e+00   1.4194023e+00   1.5665694e+00
   5.8799000e+05   1.5587111e+00   1.4194023e+00   1.4194023e+00   1.5587111e+00
   5.8800000e+05   1.5510827e+00   1.4194023e+00   1.4194023e+00   1.5510827e+00
   5.8801000e+05   1.5436932e+00   1.4194023e+00   1.4194023e+00   1.5436932e+00
   5.8802000e+05   1.5365498e+00   1.4194023e+00   1.4194023e+00   1.5365498e+00
   5.8803000e+05   1.5296581e+00   1.4194023e+00   1.4194023e+00   1.5296581e+00
   5.8804000e+05   1.5230228e+00   1.4194023e+00   1.4194023e+00   1.5230228e+00
   5.8805000e+05   1.5166467e+00   1.4194023e+00   1.4194023e+00   1.5166467e+00
   5.8806000e+05   1.5105318e+00   1.4194023e+00   1.4194023e+00   1.5105318e+00
   5.8807000e+05   1.5046787e+00   1.4194023e+00   1.4194023e+00   1.5046787e+00
   5.8808000e+05   1.4990868e+00   1.4194023e+00   1.4194023e+00   1.4990868e+00
   5.8809000e+05   1.4937546e+00   1.4194023e+00   1.4194023e+00   1.4937546e+00
   5.8810000e+05   1.4886794e+00   1.4194023e+00   1.4194023e+00   1.4886794e+00
   5.8811000e+05   1.4838579e+00   1.4194023e+00   1.4194023e+00   1.4838579e+00
   5.8812000e+05   1.4792857e+00   1.4194023e+00   1.4194023e+00   1.4792857e+00
   5.8813000e+05   1.4749579e+00   1.4194023e+00   1.4194023e+00   1.4749579e+00
   5.8814000e+05   1.4708688e+00   1.4194023e+00   1.4194023e+00   1.4708688e+00
   5.8815000e+05   1.4670121e+00   1.4194023e+00   1.4194023e+00   1.4670121e+00
   5.8816000e+05   1.4633811e+00   1.4194023e+00   1.4194023e+00   1.4633811e+00
   5.8817000e+05   1.4599686e+00   1.4194023e+00   1.4194023e+00   1.4599686e+00
   5.8818000e+05   1.4567672e+00   1.4194023e+00   1.4194023e+00   1.4567672e+00
   5.8819000e+05   1.4537689e+00   1.4194023e+00   1.4194023e+00   1.4537689e+00
   5.8820000e+05   1.4509658e+00   1.4194023e+00   1.4194023e+00   1.4509658e+00
   5.8821000e+05   1.4483496e+00   1.4194023e+00   1.4194023e+00   1.4483496e+00
   5.8822000e+05   1.4459121e+00   1.4194023e+00   1.4194023e+00   1.4459121e+00
   5.8823000e+05   1.4436450e+00   1.4194023e+00   1.4194023e+00   1.4436450e+00
   5.8824000e+05   1.4415399e+00   1.4194023e+00   1.4194023e+00   1.4415399e+00
   5.8825000e+05   1.4395885e+00   1.4194023e+00   1.4194023e+00   1.4395885e+00
   5.8826000e+05   1.4377827e+00   1.4194023e+00   1.4194023e+00   1.4377827e+00
   5.8827000e+05   1.4361143e+00   1.4194023e+00   1.4194023e+00   1.4361143e+00
   5.8828000e+05   1.4345756e+00   1.4194023e+00   1.4194023e+00   1.4345756e+00
   5.8829000e+05   1.4331587e+00   1.4194023e+00   1.4194023e+00   1.4331587e+00
   5.8830000e+05   1.4318562e+00   1.4194023e+00   1.4194023e+00   1.4318562e+00
   5.8831000e+05   1.4306608e+00   1.4194023e+00   1.4194023e+00   1.4306608e+00
   5.8832000e+05   1.4295656e+00   1.4194023e+00   1.4194023e+00   1.4295656e+00
   5.8833000e+05   1.4293004e+00   1.4194023e+00   1.4194023e+00   1.4293004e+00
   5.8834000e+05   1.4303712e+00   1.4194023e+00   1.4194023e+00   1.4303712e+00
   5.8835000e+05   1.4315403e+00   1.4194023e+00   1.4194023e+00   1.4315403e+00
   5.8836000e+05   1.4328147e+00   1.4194023e+00   1.4194023e+00   1.4328147e+00
   5.8837000e+05   1.4342016e+00   1.4194023e+00   1.4194023e+00   1.4342016e+00
   5.8838000e+05   1.4357084e+00   1.4194023e+00   1.4194023e+00   1.4357084e+00
   5.8839000e+05   1.4373428e+00   1.4194023e+00   1.4194023e+00   1.4373428e+00
   5.8840000e+05   1.4391127e+00   1.4194023e+00   1.4194023e+00   1.4391127e+00
   5.8841000e+05   1.4410260e+00   1.4194023e+00   1.4194023e+00   1.4410260e+00
   5.8842000e+05   1.4430910e+00   1.4194023e+00   1.4194023e+00   1.4430910e+00
   5.8843000e+05   1.4453159e+00   1.4194023e+00   1.4194023e+00   1.4453158e+00
   5.8844000e+05   1.4477090e+00   1.4194023e+00   1.4194024e+00   1.4477089e+00
   5.8845000e+05   1.4502787e+00   1.4194023e+00   1.4194024e+00   1.4502786e+00
   5.8846000e+05   1.4530332e+00   1.4194023e+00   1.4194025e+00   1.4530330e+00
   5.8847000e+05   1.4559809e+00   1.4194023e+00   1.4194026e+00   1.4559806e+00
   5.8848000e+05   1.4591297e+00   1.4194023e+00   1.4194027e+00   1.4591293e+00
   5.8849000e+05   1.4624876e+00   1.4194023e+00   1.4194029e+00   1.4624870e+00
   5.8850000e+05   1.4660622e+00   1.4194023e+00   1.4194031e+00   1.4660614e+00
   5.8851000e+05   1.4698608e+00   1.4194023e+00   1.4194035e+00   1.4698596e+00
   5.8852000e+05   1.4738903e+00   1.4194023e+00   1.4194039e+00   1.4738886e+00
   5.8853000e+05   1.4781570e+00   1.4194023e+00   1.4194046e+00   1.4781548e+00
   5.8854000e+05   1.4826670e+00   1.4194023e+00   1.4194054e+00   1.4826639e+00
   5.8855000e+05   1.4874255e+00   1.4194023e+00   1.4194066e+00   1.4874211e+00
   5.8856000e+05   1.4924370e+00   1.4194023e+00   1.4194083e+00   1.4924310e+00
   5.8857000e+05   1.4977053e+00   1.4194023e+00   1.4194105e+00   1.4976971e+00
   5.8858000e+05   1.5032335e+00   1.4194023e+00   1.4194134e+00   1.5032224e+00
   5.8859000e+05   1.5090237e+00   1.4194023e+00   1.4194174e+00   1.5090085e+00
   5.8860000e+05   1.5150768e+00   1.4194023e+00   1.4194227e+00   1.5150564e+00
   5.8861000e+05   1.5213931e+00   1.4194023e+00   1.4194297e+00   1.5213657e+00
   5.8862000e+05   1.5279716e+00   1.4194023e+00   1.4194389e+00   1.5279349e+00
   5.8863000e+05   1.5348102e+00   1.4194023e+00   1.4194511e+00   1.5347613e+00
   5.8864000e+05   1.5419056e+00   1.4194023e+00   1.4194670e+00   1.5418408e+00
   5.8865000e+05   1.5492535e+00   1.4194023e+00   1.4194878e+00   1.5491680e+00
   5.8866000e+05   1.5568484e+00   1.4194023e+00   1.4195147e+00   1.5567359e+00
   5.8867000e+05   1.5646835e+00   1.4194023e+00   1.4195495e+00   1.5645363e+00
   5.8868000e+05   1.5727511e+00   1.4194023e+00   1.4195941e+00   1.5725593e+00
   5.8869000e+05   1.5810424e+00   1.4194023e+00   1.4196513e+00   1.5807934e+00
   5.8870000e+05   1.5895475e+00   1.4194023e+00   1.4197240e+00   1.5892258e+00
   5.8871000e+05   1.5982559e+00   1.4194023e+00   1.4198163e+00   1.5978418e+00
   5.8872000e+05   1.6071559e+00   1.4194023e+00   1.4199327e+00   1.6066255e+00
   5.8873000e+05   1.6162358e+00   1.4194023e+00   1.4200789e+00   1.6155592e+00
   5.8874000e+05   1.6254832e+00   1.4194023e+00   1.4202617e+00   1.6246237e+00
   5.8875000e+05   1.6348855e+00   1.4194023e+00   1.4204892e+00   1.6337985e+00
   5.8876000e+05   1.6444302e+00   1.4194023e+00   1.4207710e+00   1.6430615e+00
   5.8877000e+05   1.6541055e+00   1.4194023e+00   1.4211184e+00   1.6523894e+00
   5.8878000e+05   1.6638998e+00   1.4194023e+00   1.4215447e+00   1.6617573e+00
   5.8879000e+05   1.6738028e+00   1.4194023e+00   1.4220655e+00   1.6711395e+00
   5.8880000e+05   1.6838054e+00   1.4194023e+00   1.4226986e+00   1.6805091e+00
   5.8881000e+05   1.6939005e+00   1.4194023e+00   1.4234646e+00   1.6898381e+00
   5.8882000e+05   1.7040826e+00   1.4194023e+00   1.4243871e+00   1.6990978e+00
   5.8883000e+05   1.7143492e+00   1.4194023e+00   1.4254927e+00   1.7082587e+00
   5.8884000e+05   1.7247002e+00   1.4194023e+00   1.4268116e+00   1.7172909e+00
   5.8885000e+05   1.7351388e+00   1.4194023e+00   1.4283773e+00   1.7261638e+00
   5.8886000e+05   1.7456717e+00   1.4194023e+00   1.4302270e+00   1.7348470e+00
   5.8887000e+05   1.7563092e+00   1.4194023e+00   1.4324018e+00   1.7433097e+00
   5.8888000e+05   1.7670653e+00   1.4194023e+00   1.4349463e+00   1.7515213e+00
   5.8889000e+05   1.7779583e+00   1.4194023e+00   1.4379090e+00   1.7594515e+00
   5.8890000e+05   1.7890099e+00   1.4194023e+00   1.4413415e+00   1.7670707e+00
   5.8891000e+05   1.8002460e+00   1.4194023e+00   1.4452987e+00   1.7743496e+00
   5.8892000e+05   1.8116958e+00   1.4194023e+00   1.4498381e+00   1.7812600e+00
   5.8893000e+05   1.8233917e+00   1.4194023e+00   1.4550194e+00   1.7877746e+00
   5.8894000e+05   1.8353685e+00   1.4194023e+00   1.4609033e+00   1.7938675e+00
   5.8895000e+05   1.8476628e+00   1.4194023e+00   1.4675512e+00   1.7995139e+00
   5.8896000e+05   1.8603121e+00   1.4194023e+00   1.4750235e+00   1.8046909e+00
   5.8897000e+05   1.8733538e+00   1.4194023e+00   1.4833791e+00   1.8093769e+00
   5.8898000e+05   1.8868235e+00   1.4194023e+00   1.4926732e+00   1.8135526e+00
   5.8899000e+05   1.9007544e+00   1.4194023e+00   1.5029564e+00   1.8172003e+00
   5.8900000e+05   1.9151752e+00   1.4194023e+00   1.5142728e+00   1.8203047e+00
   5.8901000e+05   1.9301086e+00   1.4194023e+00   1.5266583e+00   1.8228526e+00
   5.8902000e+05   1.9455696e+00   1.4194023e+00   1.5401390e+00   1.8248329e+00
   5.8903000e+05   1.9615643e+00   1.4194023e+00   1.5547292e+00   1.8262374e+00
   5.8904000e+05   1.9780874e+00   1.4194023e+00   1.5704298e+00   1.8270599e+00
   5.8905000e+05   1.9951213e+00   1.4194023e+00   1.5872268e+00   1.8272968e+00
   5.8906000e+05   2.0126344e+00   1.4194023e+00   1.6050894e+00   1.8269472e+00
   5.8907000e+05   2.0305795e+00   1.4194023e+00   1.6239692e+00   1.8260126e+00
   5.8908000e+05   2.0488935e+00   1.4194023e+00   1.6437988e+00   1.8244970e+00
   5.8909000e+05   2.0674960e+00   1.4194023e+00   1.6644914e+00   1.8224069e+00
   5.8910000e+05   2.0862892e+00   1.4194023e+00   1.6859403e+00   1.8197512e+00
   5.8911000e+05   2.1051581e+00   1.4194023e+00   1.7080190e+00   1.8165414e+00
   5.8912000e+05   2.1239704e+00   1.4194023e+00   1.7305817e+00   1.8127909e+00
   5.8913000e+05   2.1425782e+00   1.4194023e+00   1.7534647e+00   1.8085158e+00
   5.8914000e+05   2.1608187e+00   1.4194023e+00   1.7764871e+00   1.8037339e+00
   5.8915000e+05   2.1785164e+00   1.4194023e+00   1.7994537e+00   1.7984650e+00
   5.8916000e+05   2.1954856e+00   1.4194023e+00   1.8221569e+00   1.7927310e+00
   5.8917000e+05   2.2115326e+00   1.4194023e+00   1.8443797e+00   1.7865551e+00
   5.8918000e+05   2.2264593e+00   1.4194023e+00   1.8658991e+00   1.7799624e+00
   5.8919000e+05   2.2400664e+00   1.4194023e+00   1.8864896e+00   1.7729791e+00
   5.8920000e+05   2.2521574e+00   1.4194023e+00   1.9059270e+00   1.7656326e+00
   5.8921000e+05   2.2625418e+00   1.4194023e+00   1.9239927e+00   1.7579514e+00
   5.8922000e+05   2.2710398e+00   1.4194023e+00   1.9404773e+00   1.7499648e+00
   5.8923000e+05   2.2774852e+00   1.4194023e+00   1.9551849e+00   1.7417026e+00
   5.8924000e+05   2.2817300e+00   1.4194023e+00   1.9679371e+00   1.7331952e+00
   5.8925000e+05   2.2836471e+00   1.4194023e+00   1.9785762e+00   1.7244732e+00
   5.8926000e+05   2.2831339e+00   1.4194023e+00   1.9869689e+00   1.7155673e+00
   5.8927000e+05   2.2801144e+00   1.4194023e+00   1.9930087e+00   1.7065080e+00
   5.8928000e+05   2.2745417e+00   1.4194023e+00   1.9966181e+00   1.6973258e+00
   5.8929000e+05   2.2663992e+00   1.4194023e+00   1.9977509e+00   1.6880506e+00
   5.8930000e+05   2.2557017e+00   1.4194023e+00   1.9963924e+00   1.6787116e+00
   5.8931000e+05   2.2424952e+00   1.4194023e+00   1.9925600e+00   1.6693374e+00
   5.8932000e+05   2.2268568e+00   1.4194023e+00   1.9863032e+00   1.6599559e+00
   5.8933000e+05   2.2088932e+00   1.4194023e+00   1.9777019e+00   1.6505936e+00
   5.8934000e+05   2.1887393e+00   1.4194023e+00   1.9668651e+00   1.6412764e+00
   5.8935000e+05   2.1665550e+00   1.4194023e+00   1.9539287e+00   1.6320286e+00
   5.8936000e+05   2.1425232e+00   1.4194023e+00   1.9390522e+00   1.6228733e+00
   5.8937000e+05   2.1168459e+00   1.4194023e+00   1.9224159e+00   1.6138323e+00
   5.8938000e+05   2.0897407e+00   1.4194023e+00   1.9042170e+00   1.6049260e+00
   5.8939000e+05   2.0614367e+00   1.4194023e+00   1.8846658e+00   1.5961732e+00
   5.8940000e+05   2.0321707e+00   1.4194023e+00   1.8639818e+00   1.5875912e+00
   5.8941000e+05   2.0021829e+00   1.4194023e+00   1.8423892e+00   1.5791959e+00
   5.8942000e+05   1.9717128e+00   1.4194023e+00   1.8201137e+00   1.5710014e+00
   5.8943000e+05   1.9409958e+00   1.4194023e+00   1.7973778e+00   1.5630203e+00
   5.8944000e+05   1.9102593e+00   1.4194023e+00   1.7743977e+00   1.5552639e+00
   5.8945000e+05   1.8797194e+00   1.4194023e+00   1.7513801e+00   1.5477416e+00
   5.8946000e+05   1.8495782e+00   1.4194023e+00   1.7285190e+00   1.5404615e+00
   5.8947000e+05   1.8200216e+00   1.4194023e+00   1.7059937e+00   1.5334302e+00
   5.8948000e+05   1.7912171e+00   1.4194023e+00   1.6839664e+00   1.5266530e+00
   5.8949000e+05   1.7633124e+00   1.4194023e+00   1.6625812e+00   1.5201335e+00
   5.8950000e+05   1.7364349e+00   1.4194023e+00   1.6419628e+00   1.5138743e+00
   5.8951000e+05   1.7106905e+00   1.4194023e+00   1.6222161e+00   1.5078767e+00
   5.8952000e+05   1.6861646e+00   1.4194023e+00   1.6034261e+00   1.5021408e+00
   5.8953000e+05   1.6629216e+00   1.4194023e+00   1.5856584e+00   1.4966655e+00
   5.8954000e+05   1.6410065e+00   1.4194023e+00   1.5689599e+00   1.4914488e+00
   5.8955000e+05   1.6204452e+00   1.4194023e+00   1.5533596e+00   1.4864878e+00
   5.8956000e+05   1.6012467e+00   1.4194023e+00   1.5388703e+00   1.4817786e+00
   5.8957000e+05   1.5834041e+00   1.4194023e+00   1.5254898e+00   1.4773166e+00
   5.8958000e+05   1.5668967e+00   1.4194023e+00   1.5132025e+00   1.4730965e+00
   5.8959000e+05   1.5516915e+00   1.4194023e+00   1.5019815e+00   1.4691123e+00
   5.8960000e+05   1.5377453e+00   1.4194023e+00   1.4917899e+00   1.4653576e+00
   5.8961000e+05   1.5250063e+00   1.4194023e+00   1.4825831e+00   1.4618254e+00
   5.8962000e+05   1.5134162e+00   1.4194023e+00   1.4743101e+00   1.4585085e+00
   5.8963000e+05   1.5029117e+00   1.4194023e+00   1.4669149e+00   1.4553990e+00
   5.8964000e+05   1.4934258e+00   1.4194023e+00   1.4603389e+00   1.4524892e+00
   5.8965000e+05   1.4848898e+00   1.4194023e+00   1.4545212e+00   1.4497709e+00
   5.8966000e+05   1.4772342e+00   1.4194023e+00   1.4494007e+00   1.4472358e+00
   5.8967000e+05   1.4703899e+00   1.4194023e+00   1.4449165e+00   1.4448757e+00
   5.8968000e+05   1.4642892e+00   1.4194023e+00   1.4410093e+00   1.4426822e+00
   5.8969000e+05   1.4588663e+00   1.4194023e+00   1.4376216e+00   1.4406470e+00
   5.8970000e+05   1.4540585e+00   1.4194023e+00   1.4346990e+00   1.4387618e+00
   5.8971000e+05   1.4498062e+00   1.4194023e+00   1.4321899e+00   1.4370186e+00
   5.8972000e+05   1.4460534e+00   1.4194023e+00   1.4300464e+00   1.4354093e+00
   5.8973000e+05   1.4427479e+00   1.4194023e+00   1.4282241e+00   1.4339261e+00
   5.8974000e+05   1.4398414e+00   1.4194023e+00   1.4266823e+00   1.4325614e+00
   5.8975000e+05   1.4372896e+00   1.4194023e+00   1.4253841e+00   1.4313077e+00
   5.8976000e+05   1.4350521e+00   1.4194023e+00   1.4242963e+00   1.4301581e+00
   5.8977000e+05   1.4330922e+00   1.4194023e+00   1.4233890e+00   1.4291055e+00
   5.8978000e+05   1.4330022e+00   1.4194023e+00   1.4226360e+00   1.4297685e+00
   5.8979000e+05   1.4334941e+00   1.4194023e+00   1.4220139e+00   1.4308825e+00
   5.8980000e+05   1.4341980e+00   1.4194023e+00   1.4215024e+00   1.4320979e+00
   5.8981000e+05   1.4351033e+00   1.4194023e+00   1.4210838e+00   1.4334218e+00
   5.8982000e+05   1.4362021e+00   1.4194023e+00   1.4207429e+00   1.4348615e+00
   5.8983000e+05   1.4374887e+00   1.4194023e+00   1.4204665e+00   1.4364245e+00
   5.8984000e+05   1.4389598e+00   1.4194023e+00   1.4202434e+00   1.4381186e+00
   5.8985000e+05   1.4406138e+00   1.4194023e+00   1.4200643e+00   1.4399518e+00
   5.8986000e+05   1.4424508e+00   1.4194023e+00   1.4199210e+00   1.4419321e+00
   5.8987000e+05   1.4444724e+00   1.4194023e+00   1.4198070e+00   1.4440677e+00
   5.8988000e+05   1.4466813e+00   1.4194023e+00   1.4197167e+00   1.4463669e+00
   5.8989000e+05   1.4490813e+00   1.4194023e+00   1.4196455e+00   1.4488380e+00
   5.8990000e+05   1.4516768e+00   1.4194023e+00   1.4195896e+00   1.4514895e+00
   5.8991000e+05   1.4544731e+00   1.4194023e+00   1.4195459e+00   1.4543295e+00
   5.8992000e+05   1.4574759e+00   1.4194023e+00   1.4195120e+00   1.4573661e+00
   5.8993000e+05   1.4606910e+00   1.4194023e+00   1.4194857e+00   1.4606076e+00
   5.8994000e+05   1.4641246e+00   1.4194023e+00   1.4194654e+00   1.4640614e+00
   5.8995000e+05   1.4677828e+00   1.4194023e+00   1.4194499e+00   1.4677352e+00
   5.8996000e+05   1.4716718e+00   1.4194023e+00   1.4194380e+00   1.4716361e+00
   5.8997000e+05   1.4757973e+00   1.4194023e+00   1.4194290e+00   1.4757706e+00
   5.8998000e+05   1.4801648e+00   1.4194023e+00   1.4194221e+00   1.4801449e+00
   5.8999000e+05   1.4847793e+00   1.4194023e+00   1.4194170e+00   1.4847646e+00
   5.9000000e+05   1.4896454e+00   1.4194023e+00   1.4194131e+00   1.4896345e+00
   5.9001000e+05   1.4947668e+00   1.4194023e+00   1.4194102e+00   1.4947588e+00
   5.9002000e+05   1.5001466e+00   1.4194023e+00   1.4194081e+00   1.5001408e+00
   5.9003000e+05   1.5057870e+00   1.4194023e+00   1.4194065e+00   1.5057828e+00
   5.9004000e+05   1.5116893e+00   1.4194023e+00   1.4194054e+00   1.5116862e+00
   5.9005000e+05   1.5178535e+00   1.4194023e+00   1.4194045e+00   1.5178513e+00
   5.9006000e+05   1.5242789e+00   1.4194023e+00   1.4194039e+00   1.5242773e+00
   5.9007000e+05   1.5309633e+00   1.4194023e+00   1.4194034e+00   1.5309622e+00
   5.9008000e+05   1.5379034e+00   1.4194023e+00   1.4194031e+00   1.5379026e+00
   5.9009000e+05   1.5450944e+00   1.4194023e+00   1.4194029e+00   1.5450938e+00
   5.9010000e+05   1.5525302e+00   1.4194023e+00   1.4194027e+00   1.5525298e+00
   5.9011000e+05   1.5602033e+00   1.4194023e+00   1.4194026e+00   1.5602030e+00
   5.9012000e+05   1.5681047e+00   1.4194023e+00   1.4194025e+00   1.5681045e+00
   5.9013000e+05   1.5762237e+00   1.4194023e+00   1.4194024e+00   1.5762236e+00
   5.9014000e+05   1.5845483e+00   1.4194023e+00   1.4194024e+00   1.5845482e+00
   5.9015000e+05   1.5930648e+00   1.4194023e+00   1.4194023e+00   1.5930648e+00
   5.9016000e+05   1.6017581e+00   1.4194023e+00   1.4194023e+00   1.6017580e+00
   5.9017000e+05   1.6106112e+00   1.4194023e+00   1.4194023e+00   1.6106112e+00
   5.9018000e+05   1.6196060e+00   1.4194023e+00   1.4194023e+00   1.6196060e+00
   5.9019000e+05   1.6287226e+00   1.4194023e+00   1.4194023e+00   1.6287225e+00
   5.9020000e+05   1.6379397e+00   1.4194023e+00   1.4194023e+00   1.6379397e+00
   5.9021000e+05   1.6472347e+00   1.4194023e+00   1.4194023e+00   1.6472347e+00
   5.9022000e+05   1.6565836e+00   1.4194023e+00   1.4194023e+00   1.6565836e+00
   5.9023000e+05   1.6659612e+00   1.4194023e+00   1.4194023e+00   1.6659612e+00
   5.9024000e+05   1.6753412e+00   1.4194023e+00   1.4194023e+00   1.6753412e+00
   5.9025000e+05   1.6846961e+00   1.4194023e+00   1.4194023e+00   1.6846961e+00
   5.9026000e+05   1.6939976e+00   1.4194023e+00   1.4194023e+00   1.6939976e+00
   5.9027000e+05   1.7032167e+00   1.4194023e+00   1.4194023e+00   1.7032167e+00
   5.9028000e+05   1.7123237e+00   1.4194023e+00   1.4194023e+00   1.7123237e+00
   5.9029000e+05   1.7212883e+00   1.4194023e+00   1.4194023e+00   1.7212883e+00
   5.9030000e+05   1.7300800e+00   1.4194023e+00   1.4194023e+00   1.7300800e+00
   5.9031000e+05   1.7386682e+00   1.4194023e+00   1.4194023e+00   1.7386682e+00
   5.9032000e+05   1.7470221e+00   1.4194023e+00   1.4194023e+00   1.7470221e+00
   5.9033000e+05   1.7551114e+00   1.4194023e+00   1.4194023e+00   1.7551114e+00
   5.9034000e+05   1.7629059e+00   1.4194023e+00   1.4194023e+00   1.7629059e+00
   5.9035000e+05   1.7703761e+00   1.4194023e+00   1.4194023e+00   1.7703761e+00
   5.9036000e+05   1.7774933e+00   1.4194023e+00   1.4194023e+00   1.7774933e+00
   5.9037000e+05   1.7842297e+00   1.4194023e+00   1.4194023e+00   1.7842297e+00
   5.9038000e+05   1.7905584e+00   1.4194023e+00   1.4194023e+00   1.7905584e+00
   5.9039000e+05   1.7964542e+00   1.4194023e+00   1.4194023e+00   1.7964542e+00
   5.9040000e+05   1.8018930e+00   1.4194023e+00   1.4194023e+00   1.8018930e+00
   5.9041000e+05   1.8068526e+00   1.4194023e+00   1.4194023e+00   1.8068526e+00
   5.9042000e+05   1.8113122e+00   1.4194023e+00   1.4194023e+00   1.8113122e+00
   5.9043000e+05   1.8152534e+00   1.4194023e+00   1.4194023e+00   1.8152534e+00
   5.9044000e+05   1.8186594e+00   1.4194023e+00   1.4194023e+00   1.8186594e+00
   5.9045000e+05   1.8215159e+00   1.4194023e+00   1.4194023e+00   1.8215159e+00
   5.9046000e+05   1.8238107e+00   1.4194023e+00   1.4194023e+00   1.8238107e+00
   5.9047000e+05   1.8255339e+00   1.4194023e+00   1.4194023e+00   1.8255339e+00
   5.9048000e+05   1.8266782e+00   1.4194023e+00   1.4194023e+00   1.8266782e+00
   5.9049000e+05   1.8272385e+00   1.4194023e+00   1.4194023e+00   1.8272385e+00
   5.9050000e+05   1.8272127e+00   1.4194023e+00   1.4194023e+00   1.8272127e+00
   5.9051000e+05   1.8266006e+00   1.4194023e+00   1.4194023e+00   1.8266006e+00
   5.9052000e+05   1.8254050e+00   1.4194023e+00   1.4194023e+00   1.8254050e+00
   5.9053000e+05   1.8236310e+00   1.4194023e+00   1.4194023e+00   1.8236310e+00
   5.9054000e+05   1.8212862e+00   1.4194023e+00   1.4194023e+00   1.8212862e+00
   5.9055000e+05   1.8183807e+00   1.4194023e+00   1.4194023e+00   1.8183807e+00
   5.9056000e+05   1.8149268e+00   1.4194023e+00   1.4194023e+00   1.8149268e+00
   5.9057000e+05   1.8109391e+00   1.4194023e+00   1.4194023e+00   1.8109391e+00
   5.9058000e+05   1.8064346e+00   1.4194023e+00   1.4194023e+00   1.8064346e+00
   5.9059000e+05   1.8014319e+00   1.4194023e+00   1.4194023e+00   1.8014319e+00
   5.9060000e+05   1.7959518e+00   1.4194023e+00   1.4194023e+00   1.7959518e+00
   5.9061000e+05   1.7900168e+00   1.4194023e+00   1.4194023e+00   1.7900168e+00
   5.9062000e+05   1.7836510e+00   1.4194023e+00   1.4194023e+00   1.7836510e+00
   5.9063000e+05   1.7768799e+00   1.4194023e+00   1.4194023e+00   1.7768799e+00
   5.9064000e+05   1.7697304e+00   1.4194023e+00   1.4194023e+00   1.7697304e+00
   5.9065000e+05   1.7622304e+00   1.4194023e+00   1.4194023e+00   1.7622304e+00
   5.9066000e+05   1.7544087e+00   1.4194023e+00   1.4194023e+00   1.7544087e+00
   5.9067000e+05   1.7462948e+00   1.4194023e+00   1.4194023e+00   1.7462948e+00
   5.9068000e+05   1.7379190e+00   1.4194023e+00   1.4194023e+00   1.7379190e+00
   5.9069000e+05   1.7293116e+00   1.4194023e+00   1.4194023e+00   1.7293116e+00
   5.9070000e+05   1.7205034e+00   1.4194023e+00   1.4194023e+00   1.7205034e+00
   5.9071000e+05   1.7115250e+00   1.4194023e+00   1.4194023e+00   1.7115250e+00
   5.9072000e+05   1.7024070e+00   1.4194023e+00   1.4194023e+00   1.7024070e+00
   5.9073000e+05   1.6931794e+00   1.4194023e+00   1.4194023e+00   1.6931794e+00
   5.9074000e+05   1.6838720e+00   1.4194023e+00   1.4194023e+00   1.6838720e+00
   5.9075000e+05   1.6745137e+00   1.4194023e+00   1.4194023e+00   1.6745137e+00
   5.9076000e+05   1.6651329e+00   1.4194023e+00   1.4194023e+00   1.6651329e+00
   5.9077000e+05   1.6557568e+00   1.4194023e+00   1.4194023e+00   1.6557568e+00
   5.9078000e+05   1.6464116e+00   1.4194023e+00   1.4194023e+00   1.6464116e+00
   5.9079000e+05   1.6371225e+00   1.4194023e+00   1.4194023e+00   1.6371225e+00
   5.9080000e+05   1.6279134e+00   1.4194023e+00   1.4194023e+00   1.6279134e+00
   5.9081000e+05   1.6188067e+00   1.4194023e+00   1.4194023e+00   1.6188067e+00
   5.9082000e+05   1.6098237e+00   1.4194023e+00   1.4194023e+00   1.6098237e+00
   5.9083000e+05   1.6009839e+00   1.4194023e+00   1.4194023e+00   1.6009839e+00
   5.9084000e+05   1.5923056e+00   1.4194023e+00   1.4194023e+00   1.5923056e+00
   5.9085000e+05   1.5838054e+00   1.4194023e+00   1.4194023e+00   1.5838054e+00
   5.9086000e+05   1.5754984e+00   1.4194023e+00   1.4194023e+00   1.5754983e+00
   5.9087000e+05   1.5673980e+00   1.4194023e+00   1.4194023e+00   1.5673980e+00
   5.9088000e+05   1.5595164e+00   1.4194023e+00   1.4194023e+00   1.5595163e+00
   5.9089000e+05   1.5518638e+00   1.4194023e+00   1.4194024e+00   1.5518637e+00
   5.9090000e+05   1.5444492e+00   1.4194023e+00   1.4194024e+00   1.5444490e+00
   5.9091000e+05   1.5372799e+00   1.4194023e+00   1.4194024e+00   1.5372797e+00
   5.9092000e+05   1.5303620e+00   1.4194023e+00   1.4194025e+00   1.5303617e+00
   5.9093000e+05   1.5236999e+00   1.4194023e+00   1.4194026e+00   1.5236996e+00
   5.9094000e+05   1.5172970e+00   1.4194023e+00   1.4194027e+00   1.5172965e+00
   5.9095000e+05   1.5111552e+00   1.4194023e+00   1.4194029e+00   1.5111545e+00
   5.9096000e+05   1.5052751e+00   1.4194023e+00   1.4194032e+00   1.5052742e+00
   5.9097000e+05   1.4996565e+00   1.4194023e+00   1.4194036e+00   1.4996552e+00
   5.9098000e+05   1.4942980e+00   1.4194023e+00   1.4194041e+00   1.4942961e+00
   5.9099000e+05   1.4891970e+00   1.4194023e+00   1.4194048e+00   1.4891944e+00
   5.9100000e+05   1.4843503e+00   1.4194023e+00   1.4194058e+00   1.4843468e+00
   5.9101000e+05   1.4797538e+00   1.4194023e+00   1.4194071e+00   1.4797489e+00
   5.9102000e+05   1.4754026e+00   1.4194023e+00   1.4194089e+00   1.4753960e+00
   5.9103000e+05   1.4712914e+00   1.4194023e+00   1.4194113e+00   1.4712824e+00
   5.9104000e+05   1.4674142e+00   1.4194023e+00   1.4194146e+00   1.4674019e+00
   5.9105000e+05   1.4637644e+00   1.4194023e+00   1.4194189e+00   1.4637478e+00
   5.9106000e+05   1.4603354e+00   1.4194023e+00   1.4194247e+00   1.4603130e+00
   5.9107000e+05   1.4571200e+00   1.4194023e+00   1.4194323e+00   1.4570899e+00
   5.9108000e+05   1.4541111e+00   1.4194023e+00   1.4194424e+00   1.4540709e+00
   5.9109000e+05   1.4513013e+00   1.4194023e+00   1.4194557e+00   1.4512479e+00
   5.9110000e+05   1.4486835e+00   1.4194023e+00   1.4194730e+00   1.4486127e+00
   5.9111000e+05   1.4462504e+00   1.4194023e+00   1.4194955e+00   1.4461571e+00
   5.9112000e+05   1.4439951e+00   1.4194023e+00   1.4195247e+00   1.4438727e+00
   5.9113000e+05   1.4419112e+00   1.4194023e+00   1.4195624e+00   1.4417511e+00
   5.9114000e+05   1.4399926e+00   1.4194023e+00   1.4196107e+00   1.4397842e+00
   5.9115000e+05   1.4382337e+00   1.4194023e+00   1.4196724e+00   1.4379636e+00
   5.9116000e+05   1.4366299e+00   1.4194023e+00   1.4197508e+00   1.4362814e+00
   5.9117000e+05   1.4351774e+00   1.4194023e+00   1.4198501e+00   1.4347295e+00
   5.9118000e+05   1.4338734e+00   1.4194023e+00   1.4199753e+00   1.4333003e+00
   5.9119000e+05   1.4327163e+00   1.4194023e+00   1.4201322e+00   1.4319863e+00
   5.9120000e+05   1.4317061e+00   1.4194023e+00   1.4203282e+00   1.4307802e+00
   5.9121000e+05   1.4308442e+00   1.4194023e+00   1.4205717e+00   1.4296748e+00
   5.9122000e+05   1.4306652e+00   1.4194023e+00   1.4208728e+00   1.4291946e+00
   5.9123000e+05   1.4320969e+00   1.4194023e+00   1.4212436e+00   1.4302556e+00
   5.9124000e+05   1.4337098e+00   1.4194023e+00   1.4216979e+00   1.4314141e+00
   5.9125000e+05   1.4355270e+00   1.4194023e+00   1.4222520e+00   1.4326773e+00
   5.9126000e+05   1.4375745e+00   1.4194023e+00   1.4229246e+00   1.4340521e+00
   5.9127000e+05   1.4398812e+00   1.4194023e+00   1.4237373e+00   1.4355461e+00
   5.9128000e+05   1.4424792e+00   1.4194023e+00   1.4247145e+00   1.4371670e+00
   5.9129000e+05   1.4454041e+00   1.4194023e+00   1.4258839e+00   1.4389224e+00
   5.9130000e+05   1.4486951e+00   1.4194024e+00   1.4272768e+00   1.4408205e+00
   5.9131000e+05   1.4523950e+00   1.4194024e+00   1.4289278e+00   1.4428693e+00
   5.9132000e+05   1.4565505e+00   1.4194025e+00   1.4308754e+00   1.4450772e+00
   5.9133000e+05   1.4612122e+00   1.4194026e+00   1.4331617e+00   1.4474524e+00
   5.9134000e+05   1.4664343e+00   1.4194028e+00   1.4358327e+00   1.4500033e+00
   5.9135000e+05   1.4722746e+00   1.4194032e+00   1.4389377e+00   1.4527382e+00
   5.9136000e+05   1.4787941e+00   1.4194037e+00   1.4425295e+00   1.4556654e+00
   5.9137000e+05   1.4860568e+00   1.4194046e+00   1.4466639e+00   1.4587928e+00
   5.9138000e+05   1.4941290e+00   1.4194059e+00   1.4513992e+00   1.4621285e+00
   5.9139000e+05   1.5030787e+00   1.4194079e+00   1.4567953e+00   1.4656800e+00
   5.9140000e+05   1.5129745e+00   1.4194110e+00   1.4629134e+00   1.4694547e+00
   5.9141000e+05   1.5238852e+00   1.4194156e+00   1.4698147e+00   1.4734594e+00
   5.9142000e+05   1.5358780e+00   1.4194226e+00   1.4775593e+00   1.4777007e+00
   5.9143000e+05   1.5490175e+00   1.4194329e+00   1.4862049e+00   1.4821843e+00
   5.9144000e+05   1.5633647e+00   1.4194481e+00   1.4958056e+00   1.4869156e+00
   5.9145000e+05   1.5789749e+00   1.4194704e+00   1.5064101e+00   1.4918990e+00
   5.9146000e+05   1.5958965e+00   1.4195026e+00   1.5180600e+00   1.4971384e+00
   5.9147000e+05   1.6141695e+00   1.4195489e+00   1.5307884e+00   1.5026367e+00
   5.9148000e+05   1.6338240e+00   1.4196149e+00   1.5446179e+00   1.5083957e+00
   5.9149000e+05   1.6548788e+00   1.4197082e+00   1.5595587e+00   1.5144164e+00
   5.9150000e+05   1.6773402e+00   1.4198389e+00   1.5756072e+00   1.5206986e+00
   5.9151000e+05   1.7012010e+00   1.4200204e+00   1.5927442e+00   1.5272409e+00
   5.9152000e+05   1.7264403e+00   1.4202704e+00   1.6109336e+00   1.5340408e+00
   5.9153000e+05   1.7530225e+00   1.4206119e+00   1.6301209e+00   1.5410942e+00
   5.9154000e+05   1.7808986e+00   1.4210742e+00   1.6502329e+00   1.5483960e+00
   5.9155000e+05   1.8100060e+00   1.4216949e+00   1.6711764e+00   1.5559393e+00
   5.9156000e+05   1.8402707e+00   1.4225209e+00   1.6928383e+00   1.5637160e+00
   5.9157000e+05   1.8716087e+00   1.4236107e+00   1.7150862e+00   1.5717163e+00
   5.9158000e+05   1.9039292e+00   1.4250362e+00   1.7377684e+00   1.5799291e+00
   5.9159000e+05   1.9371371e+00   1.4268845e+00   1.7607155e+00   1.5883416e+00
   5.9160000e+05   1.9711369e+00   1.4292601e+00   1.7837421e+00   1.5969393e+00
   5.9161000e+05   2.0058368e+00   1.4322865e+00   1.8066486e+00   1.6057063e+00
   5.9162000e+05   2.0411528e+00   1.4361080e+00   1.8292241e+00   1.6146253e+00
   5.9163000e+05   2.0770126e+00   1.4408905e+00   1.8512495e+00   1.6236772e+00
   5.9164000e+05   2.1133595e+00   1.4468221e+00   1.8725004e+00   1.6328416e+00
   5.9165000e+05   2.1501559e+00   1.4541125e+00   1.8927515e+00   1.6420965e+00
   5.9166000e+05   2.1873855e+00   1.4629916e+00   1.9117797e+00   1.6514187e+00
   5.9167000e+05   2.2250544e+00   1.4737063e+00   1.9293690e+00   1.6607837e+00
   5.9168000e+05   2.2631912e+00   1.4865162e+00   1.9453139e+00   1.6701657e+00
   5.9169000e+05   2.3018444e+00   1.5016876e+00   1.9594235e+00   1.6795378e+00
   5.9170000e+05   2.3410788e+00   1.5194854e+00   1.9715256e+00   1.6888724e+00
   5.9171000e+05   2.3809697e+00   1.5401639e+00   1.9814698e+00   1.6981406e+00
   5.9172000e+05   2.4215943e+00   1.5639548e+00   1.9891309e+00   1.7073132e+00
   5.9173000e+05   2.4630223e+00   1.5910553e+00   1.9944115e+00   1.7163601e+00
   5.9174000e+05   2.5053043e+00   1.6216140e+00   1.9972438e+00   1.7252510e+00
   5.9175000e+05   2.5484588e+00   1.6557167e+00   1.9975914e+00   1.7339553e+00
   5.9176000e+05   2.5924597e+00   1.6933723e+00   1.9954496e+00   1.7424423e+00
   5.9177000e+05   2.6372229e+00   1.7344998e+00   1.9908463e+00   1.7506814e+00
   5.9178000e+05   2.6825945e+00   1.7789164e+00   1.9838404e+00   1.7586422e+00
   5.9179000e+05   2.7283407e+00   1.8263288e+00   1.9745214e+00   1.7662950e+00
   5.9180000e+05   2.7741404e+00   1.8763274e+00   1.9630069e+00   1.7736106e+00
   5.9181000e+05   2.8195818e+00   1.9283851e+00   1.9494407e+00   1.7805605e+00
   5.9182000e+05   2.8641625e+00   1.9818605e+00   1.9339891e+00   1.7871175e+00
   5.9183000e+05   2.9072954e+00   2.0360064e+00   1.9168383e+00   1.7932553e+00
   5.9184000e+05   2.9483183e+00   2.0899838e+00   1.8981899e+00   1.7989492e+00
   5.9185000e+05   2.9865100e+00   2.1428810e+00   1.8782576e+00   1.8041759e+00
   5.9186000e+05   3.0211097e+00   2.1937375e+00   1.8572629e+00   1.8089139e+00
   5.9187000e+05   3.0513413e+00   2.2415716e+00   1.8354308e+00   1.8131434e+00
   5.9188000e+05   3.0764401e+00   2.2854116e+00   1.8129864e+00   1.8168467e+00
   5.9189000e+05   3.0956820e+00   2.3243279e+00   1.7901505e+00   1.8200081e+00
   5.9190000e+05   3.1084124e+00   2.3574658e+00   1.7671369e+00   1.8226143e+00
   5.9191000e+05   3.1140742e+00   2.3840764e+00   1.7441483e+00   1.8246540e+00
   5.9192000e+05   3.1122334e+00   2.4035449e+00   1.7213745e+00   1.8261186e+00
   5.9193000e+05   3.1026007e+00   2.4154141e+00   1.6989895e+00   1.8270017e+00
   5.9194000e+05   3.0850472e+00   2.4194023e+00   1.6771499e+00   1.8272995e+00
   5.9195000e+05   3.0596143e+00   2.4154141e+00   1.6559939e+00   1.8270108e+00
   5.9196000e+05   3.0265170e+00   2.4035449e+00   1.6356399e+00   1.8261367e+00
   5.9197000e+05   2.9861395e+00   2.3840764e+00   1.6161865e+00   1.8246812e+00
   5.9198000e+05   2.9390241e+00   2.3574658e+00   1.5977126e+00   1.8226503e+00
   5.9199000e+05   2.8858540e+00   2.3243279e+00   1.5802777e+00   1.8200529e+00
   5.9200000e+05   2.8274301e+00   2.2854116e+00   1.5639231e+00   1.8169000e+00
   5.9201000e+05   2.7646444e+00   2.2415716e+00   1.5486724e+00   1.8132050e+00
   5.9202000e+05   2.6984499e+00   2.1937375e+00   1.5345334e+00   1.8089835e+00
   5.9203000e+05   2.6298295e+00   2.1428810e+00   1.5214997e+00   1.8042533e+00
   5.9204000e+05   2.5597652e+00   2.0899838e+00   1.5095520e+00   1.7990340e+00
   5.9205000e+05   2.4892088e+00   2.0360064e+00   1.4986598e+00   1.7933472e+00
   5.9206000e+05   2.4190559e+00   1.9818605e+00   1.4887839e+00   1.7872161e+00
   5.9207000e+05   2.3501232e+00   1.9283851e+00   1.4798772e+00   1.7806655e+00
   5.9208000e+05   2.2831313e+00   1.8763274e+00   1.4718870e+00   1.7737214e+00
   5.9209000e+05   2.2186922e+00   1.8263288e+00   1.4647565e+00   1.7664114e+00
   5.9210000e+05   2.1573016e+00   1.7789164e+00   1.4584261e+00   1.7587636e+00
   5.9211000e+05   2.0993374e+00   1.7344998e+00   1.4528349e+00   1.7508072e+00
   5.9212000e+05   2.0450614e+00   1.6933723e+00   1.4479214e+00   1.7425723e+00
   5.9213000e+05   1.9946264e+00   1.6557167e+00   1.4436254e+00   1.7340889e+00
   5.9214000e+05   1.9480851e+00   1.6216140e+00   1.4398880e+00   1.7253877e+00
   5.9215000e+05   1.9054029e+00   1.5910553e+00   1.4366527e+00   1.7164995e+00
   5.9216000e+05   1.8664708e+00   1.5639548e+00   1.4338658e+00   1.7074548e+00
   5.9217000e+05   1.8311202e+00   1.5401639e+00   1.4314770e+00   1.6982839e+00
   5.9218000e+05   1.7991372e+00   1.5194854e+00   1.4294393e+00   1.6890169e+00
   5.9219000e+05   1.7702759e+00   1.5016876e+00   1.4277097e+00   1.6796832e+00
   5.9220000e+05   1.7442715e+00   1.4865162e+00   1.4262485e+00   1.6703114e+00
   5.9221000e+05   1.7208511e+00   1.4737063e+00   1.4250200e+00   1.6609294e+00
   5.9222000e+05   1.6997431e+00   1.4629916e+00   1.4239921e+00   1.6515639e+00
   5.9223000e+05   1.6806850e+00   1.4541125e+00   1.4231362e+00   1.6422408e+00
   5.9224000e+05   1.6634290e+00   1.4468221e+00   1.4224268e+00   1.6329847e+00
   5.9225000e+05   1.6477463e+00   1.4408905e+00   1.4218416e+00   1.6238188e+00
   5.9226000e+05   1.6334296e+00   1.4361080e+00   1.4213612e+00   1.6147650e+00
   5.9227000e+05   1.6202944e+00   1.4322865e+00   1.4209687e+00   1.6058438e+00
   5.9228000e+05   1.6081791e+00   1.4292601e+00   1.4206494e+00   1.5970742e+00
   5.9229000e+05   1.5969446e+00   1.4268845e+00   1.4203909e+00   1.5884738e+00
   5.9230000e+05   1.5864726e+00   1.4250362e+00   1.4201826e+00   1.5800583e+00
   5.9231000e+05   1.5766641e+00   1.4236107e+00   1.4200156e+00   1.5718423e+00
   5.9232000e+05   1.5674371e+00   1.4225209e+00   1.4198822e+00   1.5638386e+00
   5.9233000e+05   1.5587249e+00   1.4216949e+00   1.4197762e+00   1.5560584e+00
   5.9234000e+05   1.5504734e+00   1.4210742e+00   1.4196924e+00   1.5485114e+00
   5.9235000e+05   1.5426395e+00   1.4206119e+00   1.4196264e+00   1.5412058e+00
   5.9236000e+05   1.5351890e+00   1.4202704e+00   1.4195747e+00   1.5341484e+00
   5.9237000e+05   1.5280948e+00   1.4200204e+00   1.4195343e+00   1.5273446e+00
   5.9238000e+05   1.5213355e+00   1.4198389e+00   1.4195029e+00   1.5207982e+00
   5.9239000e+05   1.5148944e+00   1.4197082e+00   1.4194787e+00   1.5145120e+00
   5.9240000e+05   1.5087577e+00   1.4196149e+00   1.4194601e+00   1.5084872e+00
   5.9241000e+05   1.5029143e+00   1.4195489e+00   1.4194458e+00   1.5027241e+00
   5.9242000e+05   1.4973548e+00   1.4195026e+00   1.4194349e+00   1.4972218e+00
   5.9243000e+05   1.4920709e+00   1.4194704e+00   1.4194266e+00   1.4919784e+00
   5.9244000e+05   1.4870550e+00   1.4194481e+00   1.4194204e+00   1.4869910e+00
   5.9245000e+05   1.4822999e+00   1.4194329e+00   1.4194157e+00   1.4822559e+00
   5.9246000e+05   1.4777986e+00   1.4194226e+00   1.4194121e+00   1.4777684e+00
   5.9247000e+05   1.4735440e+00   1.4194156e+00   1.4194095e+00   1.4735235e+00
   5.9248000e+05   1.4695291e+00   1.4194110e+00   1.4194076e+00   1.4695151e+00
   5.9249000e+05   1.4657464e+00   1.4194079e+00   1.4194061e+00   1.4657369e+00
   5.9250000e+05   1.4621884e+00   1.4194059e+00   1.4194051e+00   1.4621820e+00
   5.9251000e+05   1.4588473e+00   1.4194046e+00   1.4194043e+00   1.4588430e+00
   5.9252000e+05   1.4557153e+00   1.4194037e+00   1.4194037e+00   1.4557124e+00
   5.9253000e+05   1.4527842e+00   1.4194032e+00   1.4194033e+00   1.4527822e+00
   5.9254000e+05   1.4500457e+00   1.4194028e+00   1.4194030e+00   1.4500444e+00
   5.9255000e+05   1.4474915e+00   1.4194026e+00   1.4194028e+00   1.4474907e+00
   5.9256000e+05   1.4451134e+00   1.4194025e+00   1.4194026e+00   1.4451128e+00
   5.9257000e+05   1.4429028e+00   1.4194024e+00   1.4194025e+00   1.4429024e+00
   5.9258000e+05   1.4408514e+00   1.4194024e+00   1.4194025e+00   1.4408511e+00
   5.9259000e+05   1.4389509e+00   1.4194023e+00   1.4194024e+00   1.4389508e+00
   5.9260000e+05   1.4371933e+00   1.4194023e+00   1.4194024e+00   1.4371932e+00
   5.9261000e+05   1.4355704e+00   1.4194023e+00   1.4194023e+00   1.4355703e+00
   5.9262000e+05   1.4340745e+00   1.4194023e+00   1.4194023e+00   1.4340744e+00
   5.9263000e+05   1.4326978e+00   1.4194023e+00   1.4194023e+00   1.4326977e+00
   5.9264000e+05   1.4314330e+00   1.4194023e+00   1.4194023e+00   1.4314329e+00
   5.9265000e+05   1.4302728e+00   1.4194023e+00   1.4194023e+00   1.4302728e+00
   5.9266000e+05   1.4292104e+00   1.4194023e+00   1.4194023e+00   1.4292104e+00
   5.9267000e+05   1.4296584e+00   1.4194023e+00   1.4194023e+00   1.4296584e+00
   5.9268000e+05   1.4307622e+00   1.4194023e+00   1.4194023e+00   1.4307622e+00
   5.9269000e+05   1.4319668e+00   1.4194023e+00   1.4194023e+00   1.4319668e+00
   5.9270000e+05   1.4332791e+00   1.4194023e+00   1.4194023e+00   1.4332791e+00
   5.9271000e+05   1.4347064e+00   1.4194023e+00   1.4194023e+00   1.4347064e+00
   5.9272000e+05   1.4362563e+00   1.4194023e+00   1.4194023e+00   1.4362563e+00
   5.9273000e+05   1.4379364e+00   1.4194023e+00   1.4194023e+00   1.4379364e+00
   5.9274000e+05   1.4397548e+00   1.4194023e+00   1.4194023e+00   1.4397548e+00
   5.9275000e+05   1.4417194e+00   1.4194023e+00   1.4194023e+00   1.4417194e+00
   5.9276000e+05   1.4438385e+00   1.4194023e+00   1.4194023e+00   1.4438385e+00
   5.9277000e+05   1.4461203e+00   1.4194023e+00   1.4194023e+00   1.4461203e+00
   5.9278000e+05   1.4485732e+00   1.4194023e+00   1.4194023e+00   1.4485732e+00
   5.9279000e+05   1.4512056e+00   1.4194023e+00   1.4194023e+00   1.4512056e+00
   5.9280000e+05   1.4540256e+00   1.4194023e+00   1.4194023e+00   1.4540256e+00
   5.9281000e+05   1.4570415e+00   1.4194023e+00   1.4194023e+00   1.4570415e+00
   5.9282000e+05   1.4602613e+00   1.4194023e+00   1.4194023e+00   1.4602613e+00
   5.9283000e+05   1.4636928e+00   1.4194023e+00   1.4194023e+00   1.4636928e+00
   5.9284000e+05   1.4673434e+00   1.4194023e+00   1.4194023e+00   1.4673434e+00
   5.9285000e+05   1.4712203e+00   1.4194023e+00   1.4194023e+00   1.4712203e+00
   5.9286000e+05   1.4753303e+00   1.4194023e+00   1.4194023e+00   1.4753303e+00
   5.9287000e+05   1.4796794e+00   1.4194023e+00   1.4194023e+00   1.4796794e+00
   5.9288000e+05   1.4842734e+00   1.4194023e+00   1.4194023e+00   1.4842734e+00
   5.9289000e+05   1.4891172e+00   1.4194023e+00   1.4194023e+00   1.4891172e+00
   5.9290000e+05   1.4942149e+00   1.4194023e+00   1.4194023e+00   1.4942149e+00
   5.9291000e+05   1.4995700e+00   1.4194023e+00   1.4194023e+00   1.4995700e+00
   5.9292000e+05   1.5051849e+00   1.4194023e+00   1.4194023e+00   1.5051849e+00
   5.9293000e+05   1.5110611e+00   1.4194023e+00   1.4194023e+00   1.5110611e+00
   5.9294000e+05   1.5171991e+00   1.4194023e+00   1.4194023e+00   1.5171991e+00
   5.9295000e+05   1.5235981e+00   1.4194023e+00   1.4194023e+00   1.5235981e+00
   5.9296000e+05   1.5302563e+00   1.4194023e+00   1.4194023e+00   1.5302563e+00
   5.9297000e+05   1.5371703e+00   1.4194023e+00   1.4194023e+00   1.5371703e+00
   5.9298000e+05   1.5443358e+00   1.4194023e+00   1.4194023e+00   1.5443358e+00
   5.9299000e+05   1.5517467e+00   1.4194023e+00   1.4194023e+00   1.5517467e+00
   5.9300000e+05   1.5593957e+00   1.4194023e+00   1.4194023e+00   1.5593957e+00
   5.9301000e+05   1.5672739e+00   1.4194023e+00   1.4194023e+00   1.5672739e+00
   5.9302000e+05   1.5753709e+00   1.4194023e+00   1.4194023e+00   1.5753709e+00
   5.9303000e+05   1.5836748e+00   1.4194023e+00   1.4194023e+00   1.5836748e+00
   5.9304000e+05   1.5921721e+00   1.4194023e+00   1.4194023e+00   1.5921721e+00
   5.9305000e+05   1.6008478e+00   1.4194023e+00   1.4194023e+00   1.6008478e+00
   5.9306000e+05   1.6096852e+00   1.4194023e+00   1.4194023e+00   1.6096852e+00
   5.9307000e+05   1.6186662e+00   1.4194023e+00   1.4194023e+00   1.6186662e+00
   5.9308000e+05   1.6277711e+00   1.4194023e+00   1.4194023e+00   1.6277711e+00
   5.9309000e+05   1.6369788e+00   1.4194023e+00   1.4194023e+00   1.6369788e+00
   5.9310000e+05   1.6462668e+00   1.4194023e+00   1.4194023e+00   1.6462668e+00
   5.9311000e+05   1.6556113e+00   1.4194023e+00   1.4194023e+00   1.6556113e+00
   5.9312000e+05   1.6649871e+00   1.4194023e+00   1.4194023e+00   1.6649871e+00
   5.9313000e+05   1.6743681e+00   1.4194023e+00   1.4194023e+00   1.6743681e+00
   5.9314000e+05   1.6837269e+00   1.4194023e+00   1.4194023e+00   1.6837269e+00
   5.9315000e+05   1.6930353e+00   1.4194023e+00   1.4194023e+00   1.6930353e+00
   5.9316000e+05   1.7022644e+00   1.4194023e+00   1.4194023e+00   1.7022644e+00
   5.9317000e+05   1.7113844e+00   1.4194023e+00   1.4194023e+00   1.7113844e+00
   5.9318000e+05   1.7203651e+00   1.4194023e+00   1.4194023e+00   1.7203651e+00
   5.9319000e+05   1.7291762e+00   1.4194023e+00   1.4194023e+00   1.7291762e+00
   5.9320000e+05   1.7377870e+00   1.4194023e+00   1.4194023e+00   1.7377869e+00
   5.9321000e+05   1.7461666e+00   1.4194023e+00   1.4194023e+00   1.7461666e+00
   5.9322000e+05   1.7542848e+00   1.4194023e+00   1.4194023e+00   1.7542848e+00
   5.9323000e+05   1.7621113e+00   1.4194023e+00   1.4194023e+00   1.7621113e+00
   5.9324000e+05   1.7696165e+00   1.4194023e+00   1.4194023e+00   1.7696165e+00
   5.9325000e+05   1.7767717e+00   1.4194023e+00   1.4194023e+00   1.7767717e+00
   5.9326000e+05   1.7835488e+00   1.4194023e+00   1.4194023e+00   1.7835488e+00
   5.9327000e+05   1.7899211e+00   1.4194023e+00   1.4194023e+00   1.7899211e+00
   5.9328000e+05   1.7958630e+00   1.4194023e+00   1.4194023e+00   1.7958630e+00
   5.9329000e+05   1.8013503e+00   1.4194023e+00   1.4194023e+00   1.8013503e+00
   5.9330000e+05   1.8063606e+00   1.4194023e+00   1.4194023e+00   1.8063606e+00
   5.9331000e+05   1.8108731e+00   1.4194023e+00   1.4194023e+00   1.8108731e+00
   5.9332000e+05   1.8148689e+00   1.4194023e+00   1.4194023e+00   1.8148689e+00
   5.9333000e+05   1.8183312e+00   1.4194023e+00   1.4194023e+00   1.8183312e+00
   5.9334000e+05   1.8212454e+00   1.4194023e+00   1.4194023e+00   1.8212453e+00
   5.9335000e+05   1.8235990e+00   1.4194023e+00   1.4194024e+00   1.8235989e+00
   5.9336000e+05   1.8253819e+00   1.4194023e+00   1.4194024e+00   1.8253818e+00
   5.9337000e+05   1.8265866e+00   1.4194023e+00   1.4194025e+00   1.8265865e+00
   5.9338000e+05   1.8272079e+00   1.4194023e+00   1.4194025e+00   1.8272076e+00
   5.9339000e+05   1.8272430e+00   1.4194023e+00   1.4194026e+00   1.8272426e+00
   5.9340000e+05   1.8266919e+00   1.4194023e+00   1.4194028e+00   1.8266913e+00
   5.9341000e+05   1.8255569e+00   1.4194023e+00   1.4194030e+00   1.8255561e+00
   5.9342000e+05   1.8238429e+00   1.4194023e+00   1.4194033e+00   1.8238418e+00
   5.9343000e+05   1.8215573e+00   1.4194023e+00   1.4194037e+00   1.8215559e+00
   5.9344000e+05   1.8187101e+00   1.4194023e+00   1.4194043e+00   1.8187080e+00
   5.9345000e+05   1.8153132e+00   1.4194023e+00   1.4194051e+00   1.8153104e+00
   5.9346000e+05   1.8113814e+00   1.4194023e+00   1.4194062e+00   1.8113775e+00
   5.9347000e+05   1.8069311e+00   1.4194023e+00   1.4194076e+00   1.8069257e+00
   5.9348000e+05   1.8019811e+00   1.4194023e+00   1.4194096e+00   1.8019738e+00
   5.9349000e+05   1.7965522e+00   1.4194023e+00   1.4194122e+00   1.7965423e+00
   5.9350000e+05   1.7906669e+00   1.4194023e+00   1.4194158e+00   1.7906534e+00
   5.9351000e+05   1.7843494e+00   1.4194023e+00   1.4194206e+00   1.7843312e+00
   5.9352000e+05   1.7776255e+00   1.4194023e+00   1.4194269e+00   1.7776009e+00
   5.9353000e+05   1.7705224e+00   1.4194023e+00   1.4194352e+00   1.7704894e+00
   5.9354000e+05   1.7630684e+00   1.4194023e+00   1.4194462e+00   1.7630245e+00
   5.9355000e+05   1.7552932e+00   1.4194023e+00   1.4194607e+00   1.7552348e+00
   5.9356000e+05   1.7472271e+00   1.4194023e+00   1.4194795e+00   1.7471499e+00
   5.9357000e+05   1.7389015e+00   1.4194023e+00   1.4195040e+00   1.7387998e+00
   5.9358000e+05   1.7303484e+00   1.4194023e+00   1.4195356e+00   1.7302151e+00
   5.9359000e+05   1.7216003e+00   1.4194023e+00   1.4195763e+00   1.7214263e+00
   5.9360000e+05   1.7126904e+00   1.4194023e+00   1.4196285e+00   1.7124641e+00
   5.9361000e+05   1.7036520e+00   1.4194023e+00   1.4196951e+00   1.7033592e+00
   5.9362000e+05   1.6945190e+00   1.4194023e+00   1.4197797e+00   1.6941416e+00
   5.9363000e+05   1.6853253e+00   1.4194023e+00   1.4198865e+00   1.6848411e+00
   5.9364000e+05   1.6761055e+00   1.4194023e+00   1.4200210e+00   1.6754868e+00
   5.9365000e+05   1.6668942e+00   1.4194023e+00   1.4201894e+00   1.6661070e+00
   5.9366000e+05   1.6577262e+00   1.4194023e+00   1.4203993e+00   1.6567292e+00
   5.9367000e+05   1.6486372e+00   1.4194023e+00   1.4206598e+00   1.6473796e+00
   5.9368000e+05   1.6396628e+00   1.4194023e+00   1.4209816e+00   1.6380835e+00
   5.9369000e+05   1.6308398e+00   1.4194023e+00   1.4213771e+00   1.6288650e+00
   5.9370000e+05   1.6222054e+00   1.4194023e+00   1.4218610e+00   1.6197467e+00
   5.9371000e+05   1.6137979e+00   1.4194023e+00   1.4224503e+00   1.6107499e+00
   5.9372000e+05   1.6056567e+00   1.4194023e+00   1.4231646e+00   1.6018944e+00
   5.9373000e+05   1.5978226e+00   1.4194023e+00   1.4240263e+00   1.5931985e+00
   5.9374000e+05   1.5903378e+00   1.4194023e+00   1.4250610e+00   1.5846791e+00
   5.9375000e+05   1.5832464e+00   1.4194023e+00   1.4262973e+00   1.5763513e+00
   5.9376000e+05   1.5765943e+00   1.4194023e+00   1.4277676e+00   1.5682290e+00
   5.9377000e+05   1.5704296e+00   1.4194023e+00   1.4295078e+00   1.5603241e+00
   5.9378000e+05   1.5648024e+00   1.4194023e+00   1.4315574e+00   1.5526472e+00
   5.9379000e+05   1.5597651e+00   1.4194023e+00   1.4339599e+00   1.5452075e+00
   5.9380000e+05   1.5553723e+00   1.4194023e+00   1.4367622e+00   1.5380124e+00
   5.9381000e+05   1.5516806e+00   1.4194023e+00   1.4400148e+00   1.5310681e+00
   5.9382000e+05   1.5487484e+00   1.4194023e+00   1.4437715e+00   1.5243792e+00
   5.9383000e+05   1.5466358e+00   1.4194023e+00   1.4480889e+00   1.5179491e+00
   5.9384000e+05   1.5454036e+00   1.4194023e+00   1.4530259e+00   1.5117799e+00
   5.9385000e+05   1.5451132e+00   1.4194023e+00   1.4586430e+00   1.5058725e+00
   5.9386000e+05   1.5458256e+00   1.4194023e+00   1.4650014e+00   1.5002264e+00
   5.9387000e+05   1.5476003e+00   1.4194023e+00   1.4721621e+00   1.4948405e+00
   5.9388000e+05   1.5504945e+00   1.4194023e+00   1.4801846e+00   1.4897122e+00
   5.9389000e+05   1.5545617e+00   1.4194023e+00   1.4891257e+00   1.4848383e+00
   5.9390000e+05   1.5598503e+00   1.4194023e+00   1.4990378e+00   1.4802148e+00
   5.9391000e+05   1.5664021e+00   1.4194023e+00   1.5099677e+00   1.4758367e+00
   5.9392000e+05   1.5742507e+00   1.4194023e+00   1.5219545e+00   1.4716985e+00
   5.9393000e+05   1.5834199e+00   1.4194023e+00   1.5350281e+00   1.4677941e+00
   5.9394000e+05   1.5939219e+00   1.4194023e+00   1.5492074e+00   1.4641168e+00
   5.9395000e+05   1.6057558e+00   1.4194023e+00   1.5644985e+00   1.4606596e+00
   5.9396000e+05   1.6189056e+00   1.4194023e+00   1.5808929e+00   1.4574149e+00
   5.9397000e+05   1.6333392e+00   1.4194023e+00   1.5983664e+00   1.4543751e+00
   5.9398000e+05   1.6490069e+00   1.4194023e+00   1.6168771e+00   1.4515321e+00
   5.9399000e+05   1.6658403e+00   1.4194023e+00   1.6363647e+00   1.4488778e+00
   5.9400000e+05   1.6837514e+00   1.4194023e+00   1.6567498e+00   1.4464039e+00
