   5.8500000e+05   2.0206626e+00   1.9934155e+00   1.9934155e+00   2.0206626e+00
   5.8501000e+05   2.0179288e+00   1.9934155e+00   1.9934155e+00   2.0179288e+00
   5.8502000e+05   2.0154213e+00   1.9934155e+00   1.9934155e+00   2.0154213e+00
   5.8503000e+05   2.0131273e+00   1.9934155e+00   1.9934155e+00   2.0131273e+00
   5.8504000e+05   2.0110339e+00   1.9934155e+00   1.9934155e+00   2.0110339e+00
   5.8505000e+05   2.0091285e+00   1.9934155e+00   1.9934155e+00   2.0091285e+00
   5.8506000e+05   2.0073986e+00   1.9934155e+00   1.9934155e+00   2.0073986e+00
   5.8507000e+05   2.0058321e+00   1.9934155e+00   1.9934155e+00   2.0058321e+00
   5.8508000e+05   2.0044170e+00   1.9934155e+00   1.9934155e+00   2.0044170e+00
   5.8509000e+05   2.0031419e+00   1.9934155e+00   1.9934155e+00   2.0031419e+00
   5.8510000e+05   2.0019959e+00   1.9934155e+00   1.9934155e+00   2.0019959e+00
   5.8511000e+05   2.0009684e+00   1.9934155e+00   1.9934155e+00   2.0009684e+00
   5.8512000e+05   2.0000495e+00   1.9934155e+00   1.9934155e+00   2.0000495e+00
   5.8513000e+05   1.9992296e+00   1.9934155e+00   1.9934155e+00   1.9992296e+00
   5.8514000e+05   1.9985000e+00   1.9934155e+00   1.9934155e+00   1.9985000e+00
   5.8515000e+05   1.9978523e+00   1.9934155e+00   1.9934155e+00   1.9978523e+00
   5.8516000e+05   1.9972786e+00   1.9934155e+00   1.9934155e+00   1.9972786e+00
   5.8517000e+05   1.9967718e+00   1.9934155e+00   1.9934155e+00   1.9967718e+00
   5.8518000e+05   1.9963251e+00   1.9934155e+00   1.9934155e+00   1.9963251e+00
   5.8519000e+05   1.9959323e+00   1.9934155e+00   1.9934155e+00   1.9959323e+00
   5.8520000e+05   1.9955879e+00   1.9934155e+00   1.9934155e+00   1.9955879e+00
   5.8521000e+05   1.9952864e+00   1.9934155e+00   1.9934155e+00   1.9952864e+00
   5.8522000e+05   1.9950233e+00   1.9934155e+00   1.9934155e+00   1.9950233e+00
   5.8523000e+05   1.9947942e+00   1.9934155e+00   1.9934155e+00   1.9947942e+00
   5.8524000e+05   1.9945952e+00   1.9934155e+00   1.9934155e+00   1.9945952e+00
   5.8525000e+05   1.9944227e+00   1.9934155e+00   1.9934155e+00   1.9944227e+00
   5.8526000e+05   1.9944257e+00   1.9934155e+00   1.9934155e+00   1.9944257e+00
   5.8527000e+05   1.9945987e+00   1.9934155e+00   1.9934155e+00   1.9945987e+00
   5.8528000e+05   1.9947983e+00   1.9934155e+00   1.9934155e+00   1.9947983e+00
   5.8529000e+05   1.9950281e+00   1.9934155e+00   1.9934155e+00   1.9950281e+00
   5.8530000e+05   1.9952918e+00   1.9934155e+00   1.9934155e+00   1.9952918e+00
   5.8531000e+05   1.9955940e+00   1.9934155e+00   1.9934155e+00   1.9955940e+00
   5.8532000e+05   1.9959394e+00   1.9934155e+00   1.9934155e+00   1.9959394e+00
   5.8533000e+05   1.9963331e+00   1.9934155e+00   1.9934155e+00   1.9963331e+00
   5.8534000e+05   1.9967809e+00   1.9934155e+00   1.9934155e+00   1.9967809e+00
   5.8535000e+05   1.9972889e+00   1.9934155e+00   1.9934155e+00   1.9972889e+00
   5.8536000e+05   1.9978639e+00   1.9934155e+00   1.9934155e+00   1.9978639e+00
   5.8537000e+05   1.9985132e+00   1.9934155e+00   1.9934155e+00   1.9985132e+00
   5.8538000e+05   1.9992445e+00   1.9934155e+00   1.9934155e+00   1.9992445e+00
   5.8539000e+05   2.0000661e+00   1.9934155e+00   1.9934155e+00   2.0000661e+00
   5.8540000e+05   2.0009870e+00   1.9934155e+00   1.9934155e+00   2.0009870e+00
   5.8541000e+05   2.0020167e+00   1.9934155e+00   1.9934155e+00   2.0020167e+00
   5.8542000e+05   2.0031651e+00   1.9934155e+00   1.9934155e+00   2.0031651e+00
   5.8543000e+05   2.0044427e+00   1.9934155e+00   1.9934155e+00   2.0044427e+00
   5.8544000e+05   2.0058606e+00   1.9934155e+00   1.9934155e+00   2.0058606e+00
   5.8545000e+05   2.0074302e+00   1.9934155e+00   1.9934155e+00   2.0074302e+00
   5.8546000e+05   2.0091633e+00   1.9934155e+00   1.9934155e+00   2.0091633e+00
   5.8547000e+05   2.0110722e+00   1.9934155e+00   1.9934155e+00   2.0110722e+00
   5.8548000e+05   2.0131693e+00   1.9934155e+00   1.9934155e+00   2.0131693e+00
   5.8549000e+05   2.0154673e+00   1.9934155e+00   1.9934155e+00   2.0154673e+00
   5.8550000e+05   2.0179791e+00   1.9934155e+00   1.9934155e+00   2.0179790e+00
   5.8551000e+05   2.0207172e+00   1.9934155e+00   1.9934155e+00   2.0207172e+00
   5.8552000e+05   2.0236945e+00   1.9934155e+00   1.9934155e+00   2.0236945e+00
   5.8553000e+05   2.0269233e+00   1.9934155e+00   1.9934155e+00   2.0269232e+00
   5.8554000e+05   2.0304155e+00   1.9934155e+00   1.9934156e+00   2.0304154e+00
   5.8555000e+05   2.0341827e+00   1.9934155e+00   1.9934156e+00   2.0341825e+00
   5.8556000e+05   2.0382355e+00   1.9934155e+00   1.9934157e+00   2.0382353e+00
   5.8557000e+05   2.0425838e+00   1.9934155e+00   1.9934158e+00   2.0425835e+00
   5.8558000e+05   2.0472365e+00   1.9934155e+00   1.9934159e+00   2.0472360e+00
   5.8559000e+05   2.0522011e+00   1.9934155e+00   1.9934161e+00   2.0522004e+00
   5.8560000e+05   2.0574837e+00   1.9934155e+00   1.9934164e+00   2.0574828e+00
   5.8561000e+05   2.0630890e+00   1.9934155e+00   1.9934169e+00   2.0630876e+00
   5.8562000e+05   2.0690196e+00   1.9934155e+00   1.9934175e+00   2.0690176e+00
   5.8563000e+05   2.0752763e+00   1.9934155e+00   1.9934183e+00   2.0752735e+00
   5.8564000e+05   2.0818579e+00   1.9934155e+00   1.9934194e+00   2.0818539e+00
   5.8565000e+05   2.0887606e+00   1.9934155e+00   1.9934210e+00   2.0887551e+00
   5.8566000e+05   2.0959785e+00   1.9934155e+00   1.9934232e+00   2.0959707e+00
   5.8567000e+05   2.1035028e+00   1.9934155e+00   1.9934263e+00   2.1034920e+00
   5.8568000e+05   2.1113224e+00   1.9934155e+00   1.9934304e+00   2.1113074e+00
   5.8569000e+05   2.1194231e+00   1.9934155e+00   1.9934360e+00   2.1194025e+00
   5.8570000e+05   2.1277882e+00   1.9934155e+00   1.9934436e+00   2.1277600e+00
   5.8571000e+05   2.1363980e+00   1.9934155e+00   1.9934538e+00   2.1363597e+00
   5.8572000e+05   2.1452303e+00   1.9934155e+00   1.9934674e+00   2.1451783e+00
   5.8573000e+05   2.1542599e+00   1.9934155e+00   1.9934856e+00   2.1541898e+00
   5.8574000e+05   2.1634593e+00   1.9934155e+00   1.9935096e+00   2.1633652e+00
   5.8575000e+05   2.1727983e+00   1.9934155e+00   1.9935411e+00   2.1726726e+00
   5.8576000e+05   2.1822447e+00   1.9934155e+00   1.9935825e+00   2.1820777e+00
   5.8577000e+05   2.1917642e+00   1.9934155e+00   1.9936362e+00   2.1915434e+00
   5.8578000e+05   2.2013210e+00   1.9934155e+00   1.9937059e+00   2.2010306e+00
   5.8579000e+05   2.2108780e+00   1.9934155e+00   1.9937956e+00   2.2104978e+00
   5.8580000e+05   2.2203972e+00   1.9934155e+00   1.9939105e+00   2.2199021e+00
   5.8581000e+05   2.2298402e+00   1.9934155e+00   1.9940570e+00   2.2291987e+00
   5.8582000e+05   2.2391690e+00   1.9934155e+00   1.9942426e+00   2.2383419e+00
   5.8583000e+05   2.2483462e+00   1.9934155e+00   1.9944765e+00   2.2472852e+00
   5.8584000e+05   2.2573358e+00   1.9934155e+00   1.9947698e+00   2.2559814e+00
   5.8585000e+05   2.2661037e+00   1.9934155e+00   1.9951355e+00   2.2643837e+00
   5.8586000e+05   2.2746189e+00   1.9934155e+00   1.9955890e+00   2.2724453e+00
   5.8587000e+05   2.2828534e+00   1.9934155e+00   1.9961483e+00   2.2801205e+00
   5.8588000e+05   2.2907836e+00   1.9934155e+00   1.9968343e+00   2.2873648e+00
   5.8589000e+05   2.2983907e+00   1.9934155e+00   1.9976710e+00   2.2941352e+00
   5.8590000e+05   2.3056615e+00   1.9934155e+00   1.9986859e+00   2.3003911e+00
   5.8591000e+05   2.3125887e+00   1.9934155e+00   1.9999102e+00   2.3060940e+00
   5.8592000e+05   2.3191720e+00   1.9934155e+00   2.0013786e+00   2.3112088e+00
   5.8593000e+05   2.3254179e+00   1.9934155e+00   2.0031302e+00   2.3157032e+00
   5.8594000e+05   2.3313410e+00   1.9934155e+00   2.0052076e+00   2.3195488e+00
   5.8595000e+05   2.3369630e+00   1.9934155e+00   2.0076575e+00   2.3227210e+00
   5.8596000e+05   2.3423139e+00   1.9934155e+00   2.0105301e+00   2.3251993e+00
   5.8597000e+05   2.3474311e+00   1.9934155e+00   2.0138789e+00   2.3269677e+00
   5.8598000e+05   2.3523595e+00   1.9934155e+00   2.0177604e+00   2.3280146e+00
   5.8599000e+05   2.3571506e+00   1.9934155e+00   2.0222328e+00   2.3283332e+00
   5.8600000e+05   2.3618619e+00   1.9934155e+00   2.0273559e+00   2.3279215e+00
   5.8601000e+05   2.3665558e+00   1.9934155e+00   2.0331892e+00   2.3267821e+00
   5.8602000e+05   2.3712984e+00   1.9934155e+00   2.0397915e+00   2.3249224e+00
   5.8603000e+05   2.3761576e+00   1.9934155e+00   2.0472185e+00   2.3223546e+00
   5.8604000e+05   2.3812017e+00   1.9934155e+00   2.0555219e+00   2.3190953e+00
   5.8605000e+05   2.3864974e+00   1.9934155e+00   2.0647474e+00   2.3151654e+00
   5.8606000e+05   2.3921072e+00   1.9934155e+00   2.0749324e+00   2.3105902e+00
   5.8607000e+05   2.3980877e+00   1.9934155e+00   2.0861046e+00   2.3053986e+00
   5.8608000e+05   2.4044870e+00   1.9934155e+00   2.0982795e+00   2.2996230e+00
   5.8609000e+05   2.4113426e+00   1.9934155e+00   2.1114587e+00   2.2932994e+00
   5.8610000e+05   2.4186786e+00   1.9934155e+00   2.1256279e+00   2.2864662e+00
   5.8611000e+05   2.4265045e+00   1.9934155e+00   2.1407554e+00   2.2791645e+00
   5.8612000e+05   2.4348125e+00   1.9934155e+00   2.1567904e+00   2.2714375e+00
   5.8613000e+05   2.4435766e+00   1.9934155e+00   2.1736622e+00   2.2633299e+00
   5.8614000e+05   2.4527512e+00   1.9934155e+00   2.1912792e+00   2.2548875e+00
   5.8615000e+05   2.4622706e+00   1.9934155e+00   2.2095289e+00   2.2461571e+00
   5.8616000e+05   2.4720486e+00   1.9934155e+00   2.2282783e+00   2.2371857e+00
   5.8617000e+05   2.4819794e+00   1.9934155e+00   2.2473745e+00   2.2280204e+00
   5.8618000e+05   2.4919384e+00   1.9934155e+00   2.2666464e+00   2.2187075e+00
   5.8619000e+05   2.5017840e+00   1.9934155e+00   2.2859067e+00   2.2092928e+00
   5.8620000e+05   2.5113598e+00   1.9934155e+00   2.3049547e+00   2.1998206e+00
   5.8621000e+05   2.5204977e+00   1.9934155e+00   2.3235792e+00   2.1903339e+00
   5.8622000e+05   2.5290210e+00   1.9934155e+00   2.3415627e+00   2.1808738e+00
   5.8623000e+05   2.5367486e+00   1.9934155e+00   2.3586850e+00   2.1714791e+00
   5.8624000e+05   2.5434989e+00   1.9934155e+00   2.3747276e+00   2.1621867e+00
   5.8625000e+05   2.5490940e+00   1.9934155e+00   2.3894789e+00   2.1530305e+00
   5.8626000e+05   2.5533647e+00   1.9934155e+00   2.4027381e+00   2.1440421e+00
   5.8627000e+05   2.5561545e+00   1.9934155e+00   2.4143200e+00   2.1352500e+00
   5.8628000e+05   2.5573238e+00   1.9934155e+00   2.4240593e+00   2.1266800e+00
   5.8629000e+05   2.5567541e+00   1.9934155e+00   2.4318147e+00   2.1183549e+00
   5.8630000e+05   2.5543510e+00   1.9934155e+00   2.4374719e+00   2.1102946e+00
   5.8631000e+05   2.5500472e+00   1.9934155e+00   2.4409468e+00   2.1025160e+00
   5.8632000e+05   2.5438048e+00   1.9934155e+00   2.4421872e+00   2.0950331e+00
   5.8633000e+05   2.5356162e+00   1.9934155e+00   2.4411746e+00   2.0878571e+00
   5.8634000e+05   2.5255052e+00   1.9934155e+00   2.4379241e+00   2.0809966e+00
   5.8635000e+05   2.5135264e+00   1.9934155e+00   2.4324845e+00   2.0744574e+00
   5.8636000e+05   2.4997644e+00   1.9934155e+00   2.4249368e+00   2.0682430e+00
   5.8637000e+05   2.4843314e+00   1.9934155e+00   2.4153923e+00   2.0623546e+00
   5.8638000e+05   2.4673654e+00   1.9934155e+00   2.4039898e+00   2.0567911e+00
   5.8639000e+05   2.4490264e+00   1.9934155e+00   2.3908923e+00   2.0515496e+00
   5.8640000e+05   2.4294930e+00   1.9934155e+00   2.3762832e+00   2.0466253e+00
   5.8641000e+05   2.4089583e+00   1.9934155e+00   2.3603617e+00   2.0420121e+00
   5.8642000e+05   2.3876255e+00   1.9934155e+00   2.3433389e+00   2.0377020e+00
   5.8643000e+05   2.3657034e+00   1.9934155e+00   2.3254326e+00   2.0336863e+00
   5.8644000e+05   2.3434023e+00   1.9934155e+00   2.3068630e+00   2.0299549e+00
   5.8645000e+05   2.3209295e+00   1.9934155e+00   2.2878481e+00   2.0264969e+00
   5.8646000e+05   2.2984854e+00   1.9934155e+00   2.2685999e+00   2.0233009e+00
   5.8647000e+05   2.2762599e+00   1.9934155e+00   2.2493205e+00   2.0203549e+00
   5.8648000e+05   2.2544293e+00   1.9934155e+00   2.2301984e+00   2.0176463e+00
   5.8649000e+05   2.2331538e+00   1.9934155e+00   2.2114067e+00   2.0151626e+00
   5.8650000e+05   2.2125754e+00   1.9934155e+00   2.1931000e+00   2.0128909e+00
   5.8651000e+05   2.1928165e+00   1.9934155e+00   2.1754135e+00   2.0108185e+00
   5.8652000e+05   2.1739790e+00   1.9934155e+00   2.1584617e+00   2.0089327e+00
   5.8653000e+05   2.1561441e+00   1.9934155e+00   2.1423384e+00   2.0072211e+00
   5.8654000e+05   2.1393725e+00   1.9934155e+00   2.1271164e+00   2.0056715e+00
   5.8655000e+05   2.1237051e+00   1.9934155e+00   2.1128484e+00   2.0042722e+00
   5.8656000e+05   2.1091642e+00   1.9934155e+00   2.0995681e+00   2.0030116e+00
   5.8657000e+05   2.0957548e+00   1.9934155e+00   2.0872913e+00   2.0018790e+00
   5.8658000e+05   2.0834664e+00   1.9934155e+00   2.0760182e+00   2.0008637e+00
   5.8659000e+05   2.0722748e+00   1.9934155e+00   2.0657343e+00   1.9999560e+00
   5.8660000e+05   2.0621441e+00   1.9934155e+00   2.0564132e+00   1.9991463e+00
   5.8661000e+05   2.0530289e+00   1.9934155e+00   2.0480184e+00   1.9984260e+00
   5.8662000e+05   2.0448760e+00   1.9934155e+00   2.0405049e+00   1.9977866e+00
   5.8663000e+05   2.0376267e+00   1.9934155e+00   2.0338217e+00   1.9972205e+00
   5.8664000e+05   2.0312182e+00   1.9934155e+00   2.0279131e+00   1.9967205e+00
   5.8665000e+05   2.0255854e+00   1.9934155e+00   2.0227209e+00   1.9962800e+00
   5.8666000e+05   2.0206625e+00   1.9934155e+00   2.0181853e+00   1.9958927e+00
   5.8667000e+05   2.0163844e+00   1.9934155e+00   2.0142467e+00   1.9955532e+00
   5.8668000e+05   2.0126872e+00   1.9934155e+00   2.0108465e+00   1.9952562e+00
   5.8669000e+05   2.0095096e+00   1.9934155e+00   2.0079282e+00   1.9949969e+00
   5.8670000e+05   2.0067937e+00   1.9934155e+00   2.0054379e+00   1.9947713e+00
   5.8671000e+05   2.0044847e+00   1.9934155e+00   2.0033249e+00   1.9945753e+00
   5.8672000e+05   2.0025324e+00   1.9934155e+00   2.0015424e+00   1.9944054e+00
   5.8673000e+05   2.0010749e+00   1.9934155e+00   2.0000471e+00   1.9944433e+00
   5.8674000e+05   2.0000033e+00   1.9934155e+00   1.9987998e+00   1.9946190e+00
   5.8675000e+05   1.9991714e+00   1.9934155e+00   1.9977651e+00   1.9948217e+00
   5.8676000e+05   1.9985512e+00   1.9934155e+00   1.9969117e+00   1.9950549e+00
   5.8677000e+05   1.9981188e+00   1.9934155e+00   1.9962116e+00   1.9953227e+00
   5.8678000e+05   1.9978543e+00   1.9934155e+00   1.9956405e+00   1.9956293e+00
   5.8679000e+05   1.9977413e+00   1.9934155e+00   1.9951772e+00   1.9959796e+00
   5.8680000e+05   1.9977668e+00   1.9934155e+00   1.9948033e+00   1.9963789e+00
   5.8681000e+05   1.9979208e+00   1.9934155e+00   1.9945033e+00   1.9968329e+00
   5.8682000e+05   1.9981963e+00   1.9934155e+00   1.9942639e+00   1.9973479e+00
   5.8683000e+05   1.9985890e+00   1.9934155e+00   1.9940739e+00   1.9979306e+00
   5.8684000e+05   1.9990967e+00   1.9934155e+00   1.9939238e+00   1.9985884e+00
   5.8685000e+05   1.9997195e+00   1.9934155e+00   1.9938060e+00   1.9993290e+00
   5.8686000e+05   2.0004595e+00   1.9934155e+00   1.9937140e+00   2.0001610e+00
   5.8687000e+05   2.0013203e+00   1.9934155e+00   1.9936425e+00   2.0010932e+00
   5.8688000e+05   2.0023071e+00   1.9934155e+00   1.9935873e+00   2.0021353e+00
   5.8689000e+05   2.0034265e+00   1.9934155e+00   1.9935448e+00   2.0032972e+00
   5.8690000e+05   2.0046864e+00   1.9934155e+00   1.9935124e+00   2.0045895e+00
   5.8691000e+05   2.0060955e+00   1.9934155e+00   1.9934877e+00   2.0060232e+00
   5.8692000e+05   2.0076635e+00   1.9934155e+00   1.9934691e+00   2.0076099e+00
   5.8693000e+05   2.0094011e+00   1.9934155e+00   1.9934550e+00   2.0093615e+00
   5.8694000e+05   2.0113192e+00   1.9934155e+00   1.9934445e+00   2.0112902e+00
   5.8695000e+05   2.0134297e+00   1.9934155e+00   1.9934367e+00   2.0134085e+00
   5.8696000e+05   2.0157445e+00   1.9934155e+00   1.9934309e+00   2.0157291e+00
   5.8697000e+05   2.0182759e+00   1.9934155e+00   1.9934266e+00   2.0182647e+00
   5.8698000e+05   2.0210362e+00   1.9934155e+00   1.9934235e+00   2.0210282e+00
   5.8699000e+05   2.0240379e+00   1.9934155e+00   1.9934212e+00   2.0240321e+00
   5.8700000e+05   2.0272929e+00   1.9934155e+00   1.9934196e+00   2.0272888e+00
   5.8701000e+05   2.0308132e+00   1.9934155e+00   1.9934184e+00   2.0308103e+00
   5.8702000e+05   2.0346099e+00   1.9934155e+00   1.9934175e+00   2.0346079e+00
   5.8703000e+05   2.0386936e+00   1.9934155e+00   1.9934169e+00   2.0386922e+00
   5.8704000e+05   2.0430740e+00   1.9934155e+00   1.9934165e+00   2.0430730e+00
   5.8705000e+05   2.0477597e+00   1.9934155e+00   1.9934162e+00   2.0477590e+00
   5.8706000e+05   2.0527581e+00   1.9934155e+00   1.9934160e+00   2.0527576e+00
   5.8707000e+05   2.0580751e+00   1.9934155e+00   1.9934158e+00   2.0580747e+00
   5.8708000e+05   2.0637149e+00   1.9934155e+00   1.9934157e+00   2.0637147e+00
   5.8709000e+05   2.0696802e+00   1.9934155e+00   1.9934156e+00   2.0696800e+00
   5.8710000e+05   2.0759714e+00   1.9934155e+00   1.9934156e+00   2.0759713e+00
   5.8711000e+05   2.0825867e+00   1.9934155e+00   1.9934155e+00   2.0825867e+00
   5.8712000e+05   2.0895223e+00   1.9934155e+00   1.9934155e+00   2.0895223e+00
   5.8713000e+05   2.0967715e+00   1.9934155e+00   1.9934155e+00   2.0967715e+00
   5.8714000e+05   2.1043253e+00   1.9934155e+00   1.9934155e+00   2.1043253e+00
   5.8715000e+05   2.1121718e+00   1.9934155e+00   1.9934155e+00   2.1121718e+00
   5.8716000e+05   2.1202962e+00   1.9934155e+00   1.9934155e+00   2.1202962e+00
   5.8717000e+05   2.1286810e+00   1.9934155e+00   1.9934155e+00   2.1286810e+00
   5.8718000e+05   2.1373056e+00   1.9934155e+00   1.9934155e+00   2.1373055e+00
   5.8719000e+05   2.1461464e+00   1.9934155e+00   1.9934155e+00   2.1461464e+00
   5.8720000e+05   2.1551771e+00   1.9934155e+00   1.9934155e+00   2.1551771e+00
   5.8721000e+05   2.1643684e+00   1.9934155e+00   1.9934155e+00   2.1643684e+00
   5.8722000e+05   2.1736881e+00   1.9934155e+00   1.9934155e+00   2.1736881e+00
   5.8723000e+05   2.1831016e+00   1.9934155e+00   1.9934155e+00   2.1831016e+00
   5.8724000e+05   2.1925716e+00   1.9934155e+00   1.9934155e+00   2.1925716e+00
   5.8725000e+05   2.2020586e+00   1.9934155e+00   1.9934155e+00   2.2020586e+00
   5.8726000e+05   2.2115212e+00   1.9934155e+00   1.9934155e+00   2.2115212e+00
   5.8727000e+05   2.2209159e+00   1.9934155e+00   1.9934155e+00   2.2209159e+00
   5.8728000e+05   2.2301982e+00   1.9934155e+00   1.9934155e+00   2.2301982e+00
   5.8729000e+05   2.2393220e+00   1.9934155e+00   1.9934155e+00   2.2393220e+00
   5.8730000e+05   2.2482407e+00   1.9934155e+00   1.9934155e+00   2.2482407e+00
   5.8731000e+05   2.2569073e+00   1.9934155e+00   1.9934155e+00   2.2569073e+00
   5.8732000e+05   2.2652749e+00   1.9934155e+00   1.9934155e+00   2.2652749e+00
   5.8733000e+05   2.2732969e+00   1.9934155e+00   1.9934155e+00   2.2732969e+00
   5.8734000e+05   2.2809275e+00   1.9934155e+00   1.9934155e+00   2.2809275e+00
   5.8735000e+05   2.2881224e+00   1.9934155e+00   1.9934155e+00   2.2881224e+00
   5.8736000e+05   2.2948390e+00   1.9934155e+00   1.9934155e+00   2.2948390e+00
   5.8737000e+05   2.3010367e+00   1.9934155e+00   1.9934155e+00   2.3010367e+00
   5.8738000e+05   2.3066775e+00   1.9934155e+00   1.9934155e+00   2.3066775e+00
   5.8739000e+05   2.3117265e+00   1.9934155e+00   1.9934155e+00   2.3117265e+00
   5.8740000e+05   2.3161519e+00   1.9934155e+00   1.9934155e+00   2.3161519e+00
   5.8741000e+05   2.3199257e+00   1.9934155e+00   1.9934155e+00   2.3199257e+00
   5.8742000e+05   2.3230235e+00   1.9934155e+00   1.9934155e+00   2.3230235e+00
   5.8743000e+05   2.3254256e+00   1.9934155e+00   1.9934155e+00   2.3254256e+00
   5.8744000e+05   2.3271162e+00   1.9934155e+00   1.9934155e+00   2.3271162e+00
   5.8745000e+05   2.3280844e+00   1.9934155e+00   1.9934155e+00   2.3280844e+00
   5.8746000e+05   2.3283239e+00   1.9934155e+00   1.9934155e+00   2.3283239e+00
   5.8747000e+05   2.3278330e+00   1.9934155e+00   1.9934155e+00   2.3278330e+00
   5.8748000e+05   2.3266151e+00   1.9934155e+00   1.9934155e+00   2.3266151e+00
   5.8749000e+05   2.3246780e+00   1.9934155e+00   1.9934155e+00   2.3246780e+00
   5.8750000e+05   2.3220343e+00   1.9934155e+00   1.9934155e+00   2.3220343e+00
   5.8751000e+05   2.3187012e+00   1.9934155e+00   1.9934155e+00   2.3187012e+00
   5.8752000e+05   2.3147002e+00   1.9934155e+00   1.9934155e+00   2.3147002e+00
   5.8753000e+05   2.3100566e+00   1.9934155e+00   1.9934155e+00   2.3100566e+00
   5.8754000e+05   2.3048001e+00   1.9934155e+00   1.9934155e+00   2.3048001e+00
   5.8755000e+05   2.2989633e+00   1.9934155e+00   1.9934155e+00   2.2989633e+00
   5.8756000e+05   2.2925825e+00   1.9934155e+00   1.9934155e+00   2.2925825e+00
   5.8757000e+05   2.2856965e+00   1.9934155e+00   1.9934155e+00   2.2856965e+00
   5.8758000e+05   2.2783466e+00   1.9934155e+00   1.9934155e+00   2.2783466e+00
   5.8759000e+05   2.2705762e+00   1.9934155e+00   1.9934155e+00   2.2705762e+00
   5.8760000e+05   2.2624300e+00   1.9934155e+00   1.9934155e+00   2.2624300e+00
   5.8761000e+05   2.2539541e+00   1.9934155e+00   1.9934155e+00   2.2539541e+00
   5.8762000e+05   2.2451953e+00   1.9934155e+00   1.9934155e+00   2.2451953e+00
   5.8763000e+05   2.2362007e+00   1.9934155e+00   1.9934155e+00   2.2362007e+00
   5.8764000e+05   2.2270171e+00   1.9934155e+00   1.9934155e+00   2.2270171e+00
   5.8765000e+05   2.2176910e+00   1.9934155e+00   1.9934155e+00   2.2176910e+00
   5.8766000e+05   2.2082679e+00   1.9934155e+00   1.9934155e+00   2.2082679e+00
   5.8767000e+05   2.1987921e+00   1.9934155e+00   1.9934155e+00   2.1987921e+00
   5.8768000e+05   2.1893064e+00   1.9934155e+00   1.9934155e+00   2.1893064e+00
   5.8769000e+05   2.1798515e+00   1.9934155e+00   1.9934155e+00   2.1798515e+00
   5.8770000e+05   2.1704662e+00   1.9934155e+00   1.9934155e+00   2.1704662e+00
   5.8771000e+05   2.1611869e+00   1.9934155e+00   1.9934155e+00   2.1611869e+00
   5.8772000e+05   2.1520475e+00   1.9934155e+00   1.9934155e+00   2.1520475e+00
   5.8773000e+05   2.1430790e+00   1.9934155e+00   1.9934155e+00   2.1430790e+00
   5.8774000e+05   2.1343098e+00   1.9934155e+00   1.9934155e+00   2.1343098e+00
   5.8775000e+05   2.1257653e+00   1.9934155e+00   1.9934155e+00   2.1257653e+00
   5.8776000e+05   2.1174680e+00   1.9934155e+00   1.9934155e+00   2.1174680e+00
   5.8777000e+05   2.1094374e+00   1.9934155e+00   1.9934155e+00   2.1094374e+00
   5.8778000e+05   2.1016902e+00   1.9934155e+00   1.9934155e+00   2.1016902e+00
   5.8779000e+05   2.0942401e+00   1.9934155e+00   1.9934155e+00   2.0942401e+00
   5.8780000e+05   2.0870980e+00   1.9934155e+00   1.9934155e+00   2.0870980e+00
   5.8781000e+05   2.0802721e+00   1.9934155e+00   1.9934155e+00   2.0802721e+00
   5.8782000e+05   2.0737680e+00   1.9934155e+00   1.9934155e+00   2.0737680e+00
   5.8783000e+05   2.0675889e+00   1.9934155e+00   1.9934155e+00   2.0675889e+00
   5.8784000e+05   2.0617358e+00   1.9934155e+00   1.9934155e+00   2.0617358e+00
   5.8785000e+05   2.0562074e+00   1.9934155e+00   1.9934155e+00   2.0562074e+00
   5.8786000e+05   2.0510005e+00   1.9934155e+00   1.9934155e+00   2.0510005e+00
   5.8787000e+05   2.0461103e+00   1.9934155e+00   1.9934155e+00   2.0461103e+00
   5.8788000e+05   2.0415303e+00   1.9934155e+00   1.9934155e+00   2.0415303e+00
   5.8789000e+05   2.0372526e+00   1.9934155e+00   1.9934155e+00   2.0372526e+00
   5.8790000e+05   2.0332682e+00   1.9934155e+00   1.9934155e+00   2.0332682e+00
   5.8791000e+05   2.0295670e+00   1.9934155e+00   1.9934155e+00   2.0295670e+00
   5.8792000e+05   2.0261380e+00   1.9934155e+00   1.9934155e+00   2.0261380e+00
   5.8793000e+05   2.0229697e+00   1.9934155e+00   1.9934155e+00   2.0229697e+00
   5.8794000e+05   2.0200500e+00   1.9934155e+00   1.9934155e+00   2.0200500e+00
   5.8795000e+05   2.0173664e+00   1.9934155e+00   1.9934155e+00   2.0173664e+00
   5.8796000e+05   2.0149063e+00   1.9934155e+00   1.9934155e+00   2.0149063e+00
   5.8797000e+05   2.0126568e+00   1.9934155e+00   1.9934155e+00   2.0126568e+00
   5.8798000e+05   2.0106052e+00   1.9934155e+00   1.9934155e+00   2.0106052e+00
   5.8799000e+05   2.0087389e+00   1.9934155e+00   1.9934155e+00   2.0087389e+00
   5.8800000e+05   2.0070455e+00   1.9934155e+00   1.9934155e+00   2.0070455e+00
   5.8801000e+05   2.0055128e+00   1.9934155e+00   1.9934155e+00   2.0055128e+00
   5.8802000e+05   2.0041290e+00   1.9934155e+00   1.9934155e+00   2.0041290e+00
   5.8803000e+05   2.0028829e+00   1.9934155e+00   1.9934155e+00   2.0028829e+00
   5.8804000e+05   2.0017634e+00   1.9934155e+00   1.9934155e+00   2.0017634e+00
   5.8805000e+05   2.0007603e+00   1.9934155e+00   1.9934155e+00   2.0007603e+00
   5.8806000e+05   1.9998636e+00   1.9934155e+00   1.9934155e+00   1.9998636e+00
   5.8807000e+05   1.9990641e+00   1.9934155e+00   1.9934155e+00   1.9990641e+00
   5.8808000e+05   1.9983529e+00   1.9934155e+00   1.9934155e+00   1.9983529e+00
   5.8809000e+05   1.9977218e+00   1.9934155e+00   1.9934155e+00   1.9977218e+00
   5.8810000e+05   1.9971633e+00   1.9934155e+00   1.9934155e+00   1.9971633e+00
   5.8811000e+05   1.9966700e+00   1.9934155e+00   1.9934155e+00   1.9966700e+00
   5.8812000e+05   1.9962355e+00   1.9934155e+00   1.9934155e+00   1.9962355e+00
   5.8813000e+05   1.9958537e+00   1.9934155e+00   1.9934155e+00   1.9958537e+00
   5.8814000e+05   1.9955190e+00   1.9934155e+00   1.9934155e+00   1.9955190e+00
   5.8815000e+05   1.9952263e+00   1.9934155e+00   1.9934155e+00   1.9952263e+00
   5.8816000e+05   1.9949709e+00   1.9934155e+00   1.9934155e+00   1.9949709e+00
   5.8817000e+05   1.9947486e+00   1.9934155e+00   1.9934155e+00   1.9947486e+00
   5.8818000e+05   1.9945556e+00   1.9934155e+00   1.9934155e+00   1.9945556e+00
   5.8819000e+05   1.9943885e+00   1.9934155e+00   1.9934155e+00   1.9943885e+00
   5.8820000e+05   1.9944612e+00   1.9934155e+00   1.9934155e+00   1.9944612e+00
   5.8821000e+05   1.9946396e+00   1.9934155e+00   1.9934155e+00   1.9946396e+00
   5.8822000e+05   1.9948454e+00   1.9934155e+00   1.9934155e+00   1.9948454e+00
   5.8823000e+05   1.9950822e+00   1.9934155e+00   1.9934155e+00   1.9950822e+00
   5.8824000e+05   1.9953539e+00   1.9934155e+00   1.9934155e+00   1.9953539e+00
   5.8825000e+05   1.9956651e+00   1.9934155e+00   1.9934155e+00   1.9956651e+00
   5.8826000e+05   1.9960204e+00   1.9934155e+00   1.9934155e+00   1.9960204e+00
   5.8827000e+05   1.9964254e+00   1.9934155e+00   1.9934155e+00   1.9964254e+00
   5.8828000e+05   1.9968857e+00   1.9934155e+00   1.9934155e+00   1.9968857e+00
   5.8829000e+05   1.9974077e+00   1.9934155e+00   1.9934155e+00   1.9974077e+00
   5.8830000e+05   1.9979982e+00   1.9934155e+00   1.9934155e+00   1.9979981e+00
   5.8831000e+05   1.9986645e+00   1.9934155e+00   1.9934155e+00   1.9986645e+00
   5.8832000e+05   1.9994147e+00   1.9934155e+00   1.9934155e+00   1.9994146e+00
   5.8833000e+05   2.0002571e+00   1.9934155e+00   1.9934155e+00   2.0002570e+00
   5.8834000e+05   2.0012008e+00   1.9934155e+00   1.9934155e+00   2.0012007e+00
   5.8835000e+05   2.0022553e+00   1.9934155e+00   1.9934155e+00   2.0022553e+00
   5.8836000e+05   2.0034309e+00   1.9934155e+00   1.9934156e+00   2.0034308e+00
   5.8837000e+05   2.0047380e+00   1.9934155e+00   1.9934156e+00   2.0047378e+00
   5.8838000e+05   2.0061878e+00   1.9934155e+00   1.9934157e+00   2.0061876e+00
   5.8839000e+05   2.0077919e+00   1.9934155e+00   1.9934158e+00   2.0077916e+00
   5.8840000e+05   2.0095623e+00   1.9934155e+00   1.9934159e+00   2.0095618e+00
   5.8841000e+05   2.0115111e+00   1.9934155e+00   1.9934161e+00   2.0115104e+00
   5.8842000e+05   2.0136510e+00   1.9934155e+00   1.9934164e+00   2.0136501e+00
   5.8843000e+05   2.0159946e+00   1.9934155e+00   1.9934168e+00   2.0159933e+00
   5.8844000e+05   2.0185549e+00   1.9934155e+00   1.9934174e+00   2.0185531e+00
   5.8845000e+05   2.0213447e+00   1.9934155e+00   1.9934181e+00   2.0213420e+00
   5.8846000e+05   2.0243765e+00   1.9934155e+00   1.9934192e+00   2.0243727e+00
   5.8847000e+05   2.0276629e+00   1.9934155e+00   1.9934208e+00   2.0276576e+00
   5.8848000e+05   2.0312158e+00   1.9934155e+00   1.9934229e+00   2.0312084e+00
   5.8849000e+05   2.0350469e+00   1.9934155e+00   1.9934258e+00   2.0350366e+00
   5.8850000e+05   2.0391669e+00   1.9934155e+00   1.9934297e+00   2.0391526e+00
   5.8851000e+05   2.0435857e+00   1.9934155e+00   1.9934351e+00   2.0435661e+00
   5.8852000e+05   2.0483126e+00   1.9934155e+00   1.9934424e+00   2.0482857e+00
   5.8853000e+05   2.0533552e+00   1.9934155e+00   1.9934521e+00   2.0533185e+00
   5.8854000e+05   2.0587202e+00   1.9934155e+00   1.9934652e+00   2.0586705e+00
   5.8855000e+05   2.0644128e+00   1.9934155e+00   1.9934826e+00   2.0643456e+00
   5.8856000e+05   2.0704365e+00   1.9934155e+00   1.9935056e+00   2.0703463e+00
   5.8857000e+05   2.0767933e+00   1.9934155e+00   1.9935360e+00   2.0766728e+00
   5.8858000e+05   2.0834834e+00   1.9934155e+00   1.9935757e+00   2.0833232e+00
   5.8859000e+05   2.0905051e+00   1.9934155e+00   1.9936275e+00   2.0902931e+00
   5.8860000e+05   2.0978550e+00   1.9934155e+00   1.9936946e+00   2.0975759e+00
   5.8861000e+05   2.1055276e+00   1.9934155e+00   1.9937811e+00   2.1051620e+00
   5.8862000e+05   2.1135158e+00   1.9934155e+00   1.9938919e+00   2.1130394e+00
   5.8863000e+05   2.1218108e+00   1.9934155e+00   1.9940333e+00   2.1211929e+00
   5.8864000e+05   2.1304019e+00   1.9934155e+00   1.9942127e+00   2.1296048e+00
   5.8865000e+05   2.1392774e+00   1.9934155e+00   1.9944389e+00   2.1382540e+00
   5.8866000e+05   2.1484240e+00   1.9934155e+00   1.9947228e+00   2.1471167e+00
   5.8867000e+05   2.1578278e+00   1.9934155e+00   1.9950770e+00   2.1561663e+00
   5.8868000e+05   2.1674742e+00   1.9934155e+00   1.9955166e+00   2.1653731e+00
   5.8869000e+05   2.1773484e+00   1.9934155e+00   1.9960592e+00   2.1747047e+00
   5.8870000e+05   2.1874359e+00   1.9934155e+00   1.9967252e+00   2.1841262e+00
   5.8871000e+05   2.1977227e+00   1.9934155e+00   1.9975382e+00   2.1936000e+00
   5.8872000e+05   2.2081961e+00   1.9934155e+00   1.9985252e+00   2.2030864e+00
   5.8873000e+05   2.2188450e+00   1.9934155e+00   1.9997168e+00   2.2125437e+00
   5.8874000e+05   2.2296602e+00   1.9934155e+00   2.0011472e+00   2.2219284e+00
   5.8875000e+05   2.2406350e+00   1.9934155e+00   2.0028548e+00   2.2311957e+00
   5.8876000e+05   2.2517658e+00   1.9934155e+00   2.0048817e+00   2.2402996e+00
   5.8877000e+05   2.2630518e+00   1.9934155e+00   2.0072741e+00   2.2491932e+00
   5.8878000e+05   2.2744958e+00   1.9934155e+00   2.0100816e+00   2.2578297e+00
   5.8879000e+05   2.2861039e+00   1.9934155e+00   2.0133573e+00   2.2661621e+00
   5.8880000e+05   2.2978856e+00   1.9934155e+00   2.0171573e+00   2.2741438e+00
   5.8881000e+05   2.3098534e+00   1.9934155e+00   2.0215396e+00   2.2817293e+00
   5.8882000e+05   2.3220227e+00   1.9934155e+00   2.0265638e+00   2.2888744e+00
   5.8883000e+05   2.3344107e+00   1.9934155e+00   2.0322895e+00   2.2955366e+00
   5.8884000e+05   2.3470360e+00   1.9934155e+00   2.0387758e+00   2.3016758e+00
   5.8885000e+05   2.3599174e+00   1.9934155e+00   2.0460788e+00   2.3072541e+00
   5.8886000e+05   2.3730726e+00   1.9934155e+00   2.0542511e+00   2.3122370e+00
   5.8887000e+05   2.3865167e+00   1.9934155e+00   2.0633392e+00   2.3165930e+00
   5.8888000e+05   2.4002609e+00   1.9934155e+00   2.0733819e+00   2.3202946e+00
   5.8889000e+05   2.4143108e+00   1.9934155e+00   2.0844084e+00   2.3233179e+00
   5.8890000e+05   2.4286642e+00   1.9934155e+00   2.0964362e+00   2.3256435e+00
   5.8891000e+05   2.4433097e+00   1.9934155e+00   2.1094690e+00   2.3272562e+00
   5.8892000e+05   2.4582252e+00   1.9934155e+00   2.1234950e+00   2.3281457e+00
   5.8893000e+05   2.4733755e+00   1.9934155e+00   2.1384851e+00   2.3283059e+00
   5.8894000e+05   2.4887119e+00   1.9934155e+00   2.1543913e+00   2.3277360e+00
   5.8895000e+05   2.5041701e+00   1.9934155e+00   2.1711460e+00   2.3264397e+00
   5.8896000e+05   2.5196703e+00   1.9934155e+00   2.1886605e+00   2.3244253e+00
   5.8897000e+05   2.5351160e+00   1.9934155e+00   2.2068255e+00   2.3217060e+00
   5.8898000e+05   2.5503948e+00   1.9934155e+00   2.2255109e+00   2.3182993e+00
   5.8899000e+05   2.5653784e+00   1.9934155e+00   2.2445666e+00   2.3142273e+00
   5.8900000e+05   2.5799245e+00   1.9934155e+00   2.2638241e+00   2.3095159e+00
   5.8901000e+05   2.5938776e+00   1.9934155e+00   2.2830984e+00   2.3041947e+00
   5.8902000e+05   2.6070721e+00   1.9934155e+00   2.3021904e+00   2.2982972e+00
   5.8903000e+05   2.6193346e+00   1.9934155e+00   2.3208903e+00   2.2918597e+00
   5.8904000e+05   2.6304872e+00   1.9934155e+00   2.3389813e+00   2.2849214e+00
   5.8905000e+05   2.6403515e+00   1.9934155e+00   2.3562432e+00   2.2775238e+00
   5.8906000e+05   2.6487521e+00   1.9934155e+00   2.3724572e+00   2.2697104e+00
   5.8907000e+05   2.6555210e+00   1.9934155e+00   2.3874102e+00   2.2615262e+00
   5.8908000e+05   2.6605015e+00   1.9934155e+00   2.4008996e+00   2.2530174e+00
   5.8909000e+05   2.6635529e+00   1.9934155e+00   2.4127376e+00   2.2442308e+00
   5.8910000e+05   2.6645538e+00   1.9934155e+00   2.4227558e+00   2.2352134e+00
   5.8911000e+05   2.6634058e+00   1.9934155e+00   2.4308091e+00   2.2260121e+00
   5.8912000e+05   2.6600370e+00   1.9934155e+00   2.4367792e+00   2.2166733e+00
   5.8913000e+05   2.6544041e+00   1.9934155e+00   2.4405772e+00   2.2072424e+00
   5.8914000e+05   2.6464944e+00   1.9934155e+00   2.4421464e+00   2.1977635e+00
   5.8915000e+05   2.6363268e+00   1.9934155e+00   2.4414631e+00   2.1882792e+00
   5.8916000e+05   2.6239522e+00   1.9934155e+00   2.4385376e+00   2.1788300e+00
   5.8917000e+05   2.6094529e+00   1.9934155e+00   2.4334139e+00   2.1694545e+00
   5.8918000e+05   2.5929416e+00   1.9934155e+00   2.4261682e+00   2.1601888e+00
   5.8919000e+05   2.5745587e+00   1.9934155e+00   2.4169077e+00   2.1510664e+00
   5.8920000e+05   2.5544700e+00   1.9934155e+00   2.4057673e+00   2.1421182e+00
   5.8921000e+05   2.5328634e+00   1.9934155e+00   2.3929067e+00   2.1333722e+00
   5.8922000e+05   2.5099444e+00   1.9934155e+00   2.3785065e+00   2.1248535e+00
   5.8923000e+05   2.4859327e+00   1.9934155e+00   2.3627640e+00   2.1165842e+00
   5.8924000e+05   2.4610569e+00   1.9934155e+00   2.3458888e+00   2.1085836e+00
   5.8925000e+05   2.4355504e+00   1.9934155e+00   2.3280979e+00   2.1008680e+00
   5.8926000e+05   2.4096469e+00   1.9934155e+00   2.3096115e+00   2.0934508e+00
   5.8927000e+05   2.3835755e+00   1.9934155e+00   2.2906484e+00   2.0863426e+00
   5.8928000e+05   2.3575573e+00   1.9934155e+00   2.2714214e+00   2.0795513e+00
   5.8929000e+05   2.3318013e+00   1.9934155e+00   2.2521344e+00   2.0730824e+00
   5.8930000e+05   2.3065013e+00   1.9934155e+00   2.2329782e+00   2.0669386e+00
   5.8931000e+05   2.2818333e+00   1.9934155e+00   2.2141280e+00   2.0611208e+00
   5.8932000e+05   2.2579534e+00   1.9934155e+00   2.1957414e+00   2.0556274e+00
   5.8933000e+05   2.2349963e+00   1.9934155e+00   2.1779566e+00   2.0504552e+00
   5.8934000e+05   2.2130745e+00   1.9934155e+00   2.1608911e+00   2.0455990e+00
   5.8935000e+05   2.1922782e+00   1.9934155e+00   2.1446416e+00   2.0410521e+00
   5.8936000e+05   2.1726752e+00   1.9934155e+00   2.1292840e+00   2.0368067e+00
   5.8937000e+05   2.1543119e+00   1.9934155e+00   2.1148739e+00   2.0328535e+00
   5.8938000e+05   2.1372145e+00   1.9934155e+00   2.1014477e+00   2.0291823e+00
   5.8939000e+05   2.1213905e+00   1.9934155e+00   2.0890239e+00   2.0257821e+00
   5.8940000e+05   2.1068304e+00   1.9934155e+00   2.0776045e+00   2.0226414e+00
   5.8941000e+05   2.0935097e+00   1.9934155e+00   2.0671773e+00   2.0197479e+00
   5.8942000e+05   2.0813912e+00   1.9934155e+00   2.0577176e+00   2.0170891e+00
   5.8943000e+05   2.0704269e+00   1.9934155e+00   2.0491899e+00   2.0146525e+00
   5.8944000e+05   2.0605602e+00   1.9934155e+00   2.0415506e+00   2.0124251e+00
   5.8945000e+05   2.0517280e+00   1.9934155e+00   2.0347493e+00   2.0103942e+00
   5.8946000e+05   2.0438628e+00   1.9934155e+00   2.0287310e+00   2.0085472e+00
   5.8947000e+05   2.0368941e+00   1.9934155e+00   2.0234378e+00   2.0068718e+00
   5.8948000e+05   2.0307502e+00   1.9934155e+00   2.0188099e+00   2.0053558e+00
   5.8949000e+05   2.0253597e+00   1.9934155e+00   2.0147877e+00   2.0039875e+00
   5.8950000e+05   2.0206524e+00   1.9934155e+00   2.0113123e+00   2.0027556e+00
   5.8951000e+05   2.0165607e+00   1.9934155e+00   2.0083270e+00   2.0016492e+00
   5.8952000e+05   2.0130200e+00   1.9934155e+00   2.0057773e+00   2.0006581e+00
   5.8953000e+05   2.0099692e+00   1.9934155e+00   2.0036122e+00   1.9997724e+00
   5.8954000e+05   2.0073515e+00   1.9934155e+00   2.0017842e+00   1.9989829e+00
   5.8955000e+05   2.0051147e+00   1.9934155e+00   2.0002494e+00   1.9982807e+00
   5.8956000e+05   2.0032105e+00   1.9934155e+00   1.9989681e+00   1.9976579e+00
   5.8957000e+05   2.0015957e+00   1.9934155e+00   1.9979044e+00   1.9971067e+00
   5.8958000e+05   2.0002310e+00   1.9934155e+00   1.9970263e+00   1.9966202e+00
   5.8959000e+05   1.9990816e+00   1.9934155e+00   1.9963054e+00   1.9961917e+00
   5.8960000e+05   1.9981166e+00   1.9934155e+00   1.9957168e+00   1.9958153e+00
   5.8961000e+05   1.9973088e+00   1.9934155e+00   1.9952389e+00   1.9954853e+00
   5.8962000e+05   1.9966345e+00   1.9934155e+00   1.9948530e+00   1.9951969e+00
   5.8963000e+05   1.9960729e+00   1.9934155e+00   1.9945431e+00   1.9949453e+00
   5.8964000e+05   1.9956065e+00   1.9934155e+00   1.9942956e+00   1.9947264e+00
   5.8965000e+05   1.9952198e+00   1.9934155e+00   1.9940989e+00   1.9945363e+00
   5.8966000e+05   1.9948998e+00   1.9934155e+00   1.9939436e+00   1.9943717e+00
   5.8967000e+05   1.9948853e+00   1.9934155e+00   1.9938215e+00   1.9944793e+00
   5.8968000e+05   1.9949711e+00   1.9934155e+00   1.9937260e+00   1.9946606e+00
   5.8969000e+05   1.9951059e+00   1.9934155e+00   1.9936519e+00   1.9948695e+00
   5.8970000e+05   1.9952889e+00   1.9934155e+00   1.9935945e+00   1.9951099e+00
   5.8971000e+05   1.9955206e+00   1.9934155e+00   1.9935504e+00   1.9953857e+00
   5.8972000e+05   1.9958025e+00   1.9934155e+00   1.9935166e+00   1.9957014e+00
   5.8973000e+05   1.9961373e+00   1.9934155e+00   1.9934909e+00   1.9960619e+00
   5.8974000e+05   1.9965285e+00   1.9934155e+00   1.9934715e+00   1.9964725e+00
   5.8975000e+05   1.9969805e+00   1.9934155e+00   1.9934568e+00   1.9969392e+00
   5.8976000e+05   1.9974986e+00   1.9934155e+00   1.9934459e+00   1.9974682e+00
   5.8977000e+05   1.9980888e+00   1.9934155e+00   1.9934377e+00   1.9980666e+00
   5.8978000e+05   1.9987578e+00   1.9934155e+00   1.9934316e+00   1.9987416e+00
   5.8979000e+05   1.9995130e+00   1.9934155e+00   1.9934272e+00   1.9995013e+00
   5.8980000e+05   2.0003627e+00   1.9934155e+00   1.9934239e+00   2.0003543e+00
   5.8981000e+05   2.0013155e+00   1.9934155e+00   1.9934215e+00   2.0013095e+00
   5.8982000e+05   2.0023810e+00   1.9934155e+00   1.9934198e+00   2.0023767e+00
   5.8983000e+05   2.0035690e+00   1.9934155e+00   1.9934185e+00   2.0035659e+00
   5.8984000e+05   2.0048901e+00   1.9934155e+00   1.9934176e+00   2.0048879e+00
   5.8985000e+05   2.0063554e+00   1.9934155e+00   1.9934170e+00   2.0063538e+00
   5.8986000e+05   2.0079763e+00   1.9934155e+00   1.9934165e+00   2.0079753e+00
   5.8987000e+05   2.0097650e+00   1.9934155e+00   1.9934162e+00   2.0097642e+00
   5.8988000e+05   2.0117335e+00   1.9934155e+00   1.9934160e+00   2.0117329e+00
   5.8989000e+05   2.0138944e+00   1.9934155e+00   1.9934158e+00   2.0138940e+00
   5.8990000e+05   2.0162604e+00   1.9934155e+00   1.9934157e+00   2.0162601e+00
   5.8991000e+05   2.0188443e+00   1.9934155e+00   1.9934156e+00   2.0188441e+00
   5.8992000e+05   2.0216587e+00   1.9934155e+00   1.9934156e+00   2.0216586e+00
   5.8993000e+05   2.0247164e+00   1.9934155e+00   1.9934156e+00   2.0247163e+00
   5.8994000e+05   2.0280295e+00   1.9934155e+00   1.9934155e+00   2.0280295e+00
   5.8995000e+05   2.0316099e+00   1.9934155e+00   1.9934155e+00   2.0316098e+00
   5.8996000e+05   2.0354687e+00   1.9934155e+00   1.9934155e+00   2.0354687e+00
   5.8997000e+05   2.0396166e+00   1.9934155e+00   1.9934155e+00   2.0396165e+00
   5.8998000e+05   2.0440628e+00   1.9934155e+00   1.9934155e+00   2.0440628e+00
   5.8999000e+05   2.0488160e+00   1.9934155e+00   1.9934155e+00   2.0488160e+00
   5.9000000e+05   2.0538832e+00   1.9934155e+00   1.9934155e+00   2.0538832e+00
   5.9001000e+05   2.0592700e+00   1.9934155e+00   1.9934155e+00   2.0592700e+00
   5.9002000e+05   2.0649804e+00   1.9934155e+00   1.9934155e+00   2.0649804e+00
   5.9003000e+05   2.0710164e+00   1.9934155e+00   1.9934155e+00   2.0710164e+00
   5.9004000e+05   2.0773782e+00   1.9934155e+00   1.9934155e+00   2.0773782e+00
   5.9005000e+05   2.0840634e+00   1.9934155e+00   1.9934155e+00   2.0840634e+00
   5.9006000e+05   2.0910676e+00   1.9934155e+00   1.9934155e+00   2.0910676e+00
   5.9007000e+05   2.0983838e+00   1.9934155e+00   1.9934155e+00   2.0983838e+00
   5.9008000e+05   2.1060022e+00   1.9934155e+00   1.9934155e+00   2.1060022e+00
   5.9009000e+05   2.1139102e+00   1.9934155e+00   1.9934155e+00   2.1139102e+00
   5.9010000e+05   2.1220927e+00   1.9934155e+00   1.9934155e+00   2.1220927e+00
   5.9011000e+05   2.1305313e+00   1.9934155e+00   1.9934155e+00   2.1305313e+00
   5.9012000e+05   2.1392049e+00   1.9934155e+00   1.9934155e+00   2.1392049e+00
   5.9013000e+05   2.1480892e+00   1.9934155e+00   1.9934155e+00   2.1480892e+00
   5.9014000e+05   2.1571574e+00   1.9934155e+00   1.9934155e+00   2.1571574e+00
   5.9015000e+05   2.1663793e+00   1.9934155e+00   1.9934155e+00   2.1663793e+00
   5.9016000e+05   2.1757224e+00   1.9934155e+00   1.9934155e+00   2.1757224e+00
   5.9017000e+05   2.1851514e+00   1.9934155e+00   1.9934155e+00   2.1851514e+00
   5.9018000e+05   2.1946285e+00   1.9934155e+00   1.9934155e+00   2.1946285e+00
   5.9019000e+05   2.2041138e+00   1.9934155e+00   1.9934155e+00   2.2041138e+00
   5.9020000e+05   2.2135654e+00   1.9934155e+00   1.9934155e+00   2.2135654e+00
   5.9021000e+05   2.2229396e+00   1.9934155e+00   1.9934155e+00   2.2229396e+00
   5.9022000e+05   2.2321914e+00   1.9934155e+00   1.9934155e+00   2.2321914e+00
   5.9023000e+05   2.2412747e+00   1.9934155e+00   1.9934155e+00   2.2412747e+00
   5.9024000e+05   2.2501428e+00   1.9934155e+00   1.9934155e+00   2.2501428e+00
   5.9025000e+05   2.2587486e+00   1.9934155e+00   1.9934155e+00   2.2587486e+00
   5.9026000e+05   2.2670451e+00   1.9934155e+00   1.9934155e+00   2.2670451e+00
   5.9027000e+05   2.2749861e+00   1.9934155e+00   1.9934155e+00   2.2749861e+00
   5.9028000e+05   2.2825260e+00   1.9934155e+00   1.9934155e+00   2.2825260e+00
   5.9029000e+05   2.2896207e+00   1.9934155e+00   1.9934155e+00   2.2896207e+00
   5.9030000e+05   2.2962281e+00   1.9934155e+00   1.9934155e+00   2.2962281e+00
   5.9031000e+05   2.3023082e+00   1.9934155e+00   1.9934155e+00   2.3023082e+00
   5.9032000e+05   2.3078236e+00   1.9934155e+00   1.9934155e+00   2.3078236e+00
   5.9033000e+05   2.3127400e+00   1.9934155e+00   1.9934155e+00   2.3127400e+00
   5.9034000e+05   2.3170264e+00   1.9934155e+00   1.9934155e+00   2.3170264e+00
   5.9035000e+05   2.3206555e+00   1.9934155e+00   1.9934155e+00   2.3206555e+00
   5.9036000e+05   2.3236040e+00   1.9934155e+00   1.9934155e+00   2.3236040e+00
   5.9037000e+05   2.3258530e+00   1.9934155e+00   1.9934155e+00   2.3258530e+00
   5.9038000e+05   2.3273878e+00   1.9934155e+00   1.9934155e+00   2.3273878e+00
   5.9039000e+05   2.3281983e+00   1.9934155e+00   1.9934155e+00   2.3281983e+00
   5.9040000e+05   2.3282794e+00   1.9934155e+00   1.9934155e+00   2.3282794e+00
   5.9041000e+05   2.3276305e+00   1.9934155e+00   1.9934155e+00   2.3276305e+00
   5.9042000e+05   2.3262558e+00   1.9934155e+00   1.9934155e+00   2.3262558e+00
   5.9043000e+05   2.3241643e+00   1.9934155e+00   1.9934155e+00   2.3241643e+00
   5.9044000e+05   2.3213695e+00   1.9934155e+00   1.9934155e+00   2.3213695e+00
   5.9045000e+05   2.3178896e+00   1.9934155e+00   1.9934155e+00   2.3178896e+00
   5.9046000e+05   2.3137470e+00   1.9934155e+00   1.9934155e+00   2.3137470e+00
   5.9047000e+05   2.3089679e+00   1.9934155e+00   1.9934155e+00   2.3089679e+00
   5.9048000e+05   2.3035826e+00   1.9934155e+00   1.9934155e+00   2.3035826e+00
   5.9049000e+05   2.2976248e+00   1.9934155e+00   1.9934155e+00   2.2976248e+00
   5.9050000e+05   2.2911310e+00   1.9934155e+00   1.9934155e+00   2.2911310e+00
   5.9051000e+05   2.2841409e+00   1.9934155e+00   1.9934155e+00   2.2841409e+00
   5.9052000e+05   2.2766961e+00   1.9934155e+00   1.9934155e+00   2.2766961e+00
   5.9053000e+05   2.2688403e+00   1.9934155e+00   1.9934155e+00   2.2688403e+00
   5.9054000e+05   2.2606187e+00   1.9934155e+00   1.9934155e+00   2.2606187e+00
   5.9055000e+05   2.2520775e+00   1.9934155e+00   1.9934155e+00   2.2520775e+00
   5.9056000e+05   2.2432636e+00   1.9934155e+00   1.9934155e+00   2.2432636e+00
   5.9057000e+05   2.2342240e+00   1.9934155e+00   1.9934155e+00   2.2342240e+00
   5.9058000e+05   2.2250056e+00   1.9934155e+00   1.9934155e+00   2.2250056e+00
   5.9059000e+05   2.2156546e+00   1.9934155e+00   1.9934155e+00   2.2156546e+00
   5.9060000e+05   2.2062164e+00   1.9934155e+00   1.9934155e+00   2.2062164e+00
   5.9061000e+05   2.1967349e+00   1.9934155e+00   1.9934155e+00   2.1967349e+00
   5.9062000e+05   2.1872524e+00   1.9934155e+00   1.9934155e+00   2.1872524e+00
   5.9063000e+05   2.1778094e+00   1.9934155e+00   1.9934155e+00   2.1778094e+00
   5.9064000e+05   2.1684441e+00   1.9934155e+00   1.9934155e+00   2.1684441e+00
   5.9065000e+05   2.1591924e+00   1.9934155e+00   1.9934155e+00   2.1591924e+00
   5.9066000e+05   2.1500874e+00   1.9934155e+00   1.9934155e+00   2.1500874e+00
   5.9067000e+05   2.1411598e+00   1.9934155e+00   1.9934155e+00   2.1411598e+00
   5.9068000e+05   2.1324373e+00   1.9934155e+00   1.9934155e+00   2.1324373e+00
   5.9069000e+05   2.1239446e+00   1.9934155e+00   1.9934155e+00   2.1239446e+00
   5.9070000e+05   2.1157036e+00   1.9934155e+00   1.9934155e+00   2.1157036e+00
   5.9071000e+05   2.1077332e+00   1.9934155e+00   1.9934155e+00   2.1077332e+00
   5.9072000e+05   2.1000493e+00   1.9934155e+00   1.9934155e+00   2.1000493e+00
   5.9073000e+05   2.0926651e+00   1.9934155e+00   1.9934155e+00   2.0926651e+00
   5.9074000e+05   2.0855909e+00   1.9934155e+00   1.9934155e+00   2.0855909e+00
   5.9075000e+05   2.0788344e+00   1.9934155e+00   1.9934155e+00   2.0788344e+00
   5.9076000e+05   2.0724006e+00   1.9934155e+00   1.9934155e+00   2.0724006e+00
   5.9077000e+05   2.0662922e+00   1.9934155e+00   1.9934155e+00   2.0662922e+00
   5.9078000e+05   2.0605096e+00   1.9934155e+00   1.9934155e+00   2.0605096e+00
   5.9079000e+05   2.0550513e+00   1.9934155e+00   1.9934155e+00   2.0550513e+00
   5.9080000e+05   2.0499136e+00   1.9934155e+00   1.9934155e+00   2.0499136e+00
   5.9081000e+05   2.0450912e+00   1.9934155e+00   1.9934155e+00   2.0450912e+00
   5.9082000e+05   2.0405775e+00   1.9934155e+00   1.9934155e+00   2.0405775e+00
   5.9083000e+05   2.0363642e+00   1.9934155e+00   1.9934155e+00   2.0363642e+00
   5.9084000e+05   2.0324420e+00   1.9934155e+00   1.9934155e+00   2.0324420e+00
   5.9085000e+05   2.0288008e+00   1.9934155e+00   1.9934155e+00   2.0288008e+00
   5.9086000e+05   2.0254293e+00   1.9934155e+00   1.9934155e+00   2.0254293e+00
   5.9087000e+05   2.0223160e+00   1.9934155e+00   1.9934155e+00   2.0223160e+00
   5.9088000e+05   2.0194485e+00   1.9934155e+00   1.9934155e+00   2.0194485e+00
   5.9089000e+05   2.0168145e+00   1.9934155e+00   1.9934155e+00   2.0168145e+00
   5.9090000e+05   2.0144011e+00   1.9934155e+00   1.9934155e+00   2.0144011e+00
   5.9091000e+05   2.0121956e+00   1.9934155e+00   1.9934155e+00   2.0121956e+00
   5.9092000e+05   2.0101853e+00   1.9934155e+00   1.9934155e+00   2.0101853e+00
   5.9093000e+05   2.0083575e+00   1.9934155e+00   1.9934155e+00   2.0083575e+00
   5.9094000e+05   2.0066999e+00   1.9934155e+00   1.9934155e+00   2.0066999e+00
   5.9095000e+05   2.0052005e+00   1.9934155e+00   1.9934155e+00   2.0052005e+00
   5.9096000e+05   2.0038475e+00   1.9934155e+00   1.9934155e+00   2.0038475e+00
   5.9097000e+05   2.0026297e+00   1.9934155e+00   1.9934155e+00   2.0026297e+00
   5.9098000e+05   2.0015364e+00   1.9934155e+00   1.9934155e+00   2.0015364e+00
   5.9099000e+05   2.0005572e+00   1.9934155e+00   1.9934155e+00   2.0005572e+00
   5.9100000e+05   1.9996823e+00   1.9934155e+00   1.9934155e+00   1.9996823e+00
   5.9101000e+05   1.9989027e+00   1.9934155e+00   1.9934155e+00   1.9989027e+00
   5.9102000e+05   1.9982095e+00   1.9934155e+00   1.9934155e+00   1.9982095e+00
   5.9103000e+05   1.9975948e+00   1.9934155e+00   1.9934155e+00   1.9975948e+00
   5.9104000e+05   1.9970510e+00   1.9934155e+00   1.9934155e+00   1.9970510e+00
   5.9105000e+05   1.9965710e+00   1.9934155e+00   1.9934155e+00   1.9965710e+00
   5.9106000e+05   1.9961485e+00   1.9934155e+00   1.9934155e+00   1.9961485e+00
   5.9107000e+05   1.9957773e+00   1.9934155e+00   1.9934155e+00   1.9957773e+00
   5.9108000e+05   1.9954522e+00   1.9934155e+00   1.9934155e+00   1.9954522e+00
   5.9109000e+05   1.9951679e+00   1.9934155e+00   1.9934155e+00   1.9951679e+00
   5.9110000e+05   1.9949201e+00   1.9934155e+00   1.9934155e+00   1.9949201e+00
   5.9111000e+05   1.9947044e+00   1.9934155e+00   1.9934155e+00   1.9947044e+00
   5.9112000e+05   1.9945173e+00   1.9934155e+00   1.9934155e+00   1.9945173e+00
   5.9113000e+05   1.9943553e+00   1.9934155e+00   1.9934155e+00   1.9943553e+00
   5.9114000e+05   1.9944977e+00   1.9934155e+00   1.9934155e+00   1.9944977e+00
   5.9115000e+05   1.9946818e+00   1.9934155e+00   1.9934155e+00   1.9946818e+00
   5.9116000e+05   1.9948941e+00   1.9934155e+00   1.9934155e+00   1.9948940e+00
   5.9117000e+05   1.9951381e+00   1.9934155e+00   1.9934155e+00   1.9951380e+00
   5.9118000e+05   1.9954180e+00   1.9934155e+00   1.9934156e+00   1.9954179e+00
   5.9119000e+05   1.9957383e+00   1.9934155e+00   1.9934156e+00   1.9957382e+00
   5.9120000e+05   1.9961040e+00   1.9934155e+00   1.9934157e+00   1.9961038e+00
   5.9121000e+05   1.9965206e+00   1.9934155e+00   1.9934158e+00   1.9965203e+00
   5.9122000e+05   1.9969938e+00   1.9934155e+00   1.9934159e+00   1.9969934e+00
   5.9123000e+05   1.9975302e+00   1.9934155e+00   1.9934161e+00   1.9975296e+00
   5.9124000e+05   1.9981368e+00   1.9934155e+00   1.9934163e+00   1.9981359e+00
   5.9125000e+05   1.9988210e+00   1.9934155e+00   1.9934167e+00   1.9988197e+00
   5.9126000e+05   1.9995909e+00   1.9934155e+00   1.9934173e+00   1.9995891e+00
   5.9127000e+05   2.0004552e+00   1.9934155e+00   1.9934180e+00   2.0004527e+00
   5.9128000e+05   2.0014232e+00   1.9934155e+00   1.9934191e+00   2.0014196e+00
   5.9129000e+05   2.0025045e+00   1.9934155e+00   1.9934205e+00   2.0024995e+00
   5.9130000e+05   2.0037096e+00   1.9934155e+00   1.9934225e+00   2.0037026e+00
   5.9131000e+05   2.0050495e+00   1.9934155e+00   1.9934253e+00   2.0050397e+00
   5.9132000e+05   2.0065355e+00   1.9934155e+00   1.9934291e+00   2.0065219e+00
   5.9133000e+05   2.0081796e+00   1.9934155e+00   1.9934342e+00   2.0081609e+00
   5.9134000e+05   2.0099944e+00   1.9934155e+00   1.9934411e+00   2.0099687e+00
   5.9135000e+05   2.0119927e+00   1.9934155e+00   1.9934505e+00   2.0119577e+00
   5.9136000e+05   2.0141879e+00   1.9934155e+00   1.9934630e+00   2.0141404e+00
   5.9137000e+05   2.0165938e+00   1.9934155e+00   1.9934797e+00   2.0165295e+00
   5.9138000e+05   2.0192242e+00   1.9934155e+00   1.9935019e+00   2.0191378e+00
   5.9139000e+05   2.0220937e+00   1.9934155e+00   1.9935310e+00   2.0219781e+00
   5.9140000e+05   2.0252167e+00   1.9934155e+00   1.9935692e+00   2.0250629e+00
   5.9141000e+05   2.0286080e+00   1.9934155e+00   1.9936190e+00   2.0284045e+00
   5.9142000e+05   2.0322827e+00   1.9934155e+00   1.9936837e+00   2.0320145e+00
   5.9143000e+05   2.0362558e+00   1.9934155e+00   1.9937670e+00   2.0359042e+00
   5.9144000e+05   2.0405425e+00   1.9934155e+00   1.9938740e+00   2.0400840e+00
   5.9145000e+05   2.0451581e+00   1.9934155e+00   1.9940105e+00   2.0445631e+00
   5.9146000e+05   2.0501183e+00   1.9934155e+00   1.9941837e+00   2.0493501e+00
   5.9147000e+05   2.0554387e+00   1.9934155e+00   1.9944025e+00   2.0544517e+00
   5.9148000e+05   2.0611351e+00   1.9934155e+00   1.9946772e+00   2.0598734e+00
   5.9149000e+05   2.0672237e+00   1.9934155e+00   1.9950202e+00   2.0656190e+00
   5.9150000e+05   2.0737212e+00   1.9934155e+00   1.9954463e+00   2.0716904e+00
   5.9151000e+05   2.0806445e+00   1.9934155e+00   1.9959726e+00   2.0780873e+00
   5.9152000e+05   2.0880111e+00   1.9934155e+00   1.9966192e+00   2.0848074e+00
   5.9153000e+05   2.0958395e+00   1.9934155e+00   1.9974091e+00   2.0918458e+00
   5.9154000e+05   2.1041487e+00   1.9934155e+00   1.9983689e+00   2.0991953e+00
   5.9155000e+05   2.1129587e+00   1.9934155e+00   1.9995284e+00   2.1068457e+00
   5.9156000e+05   2.1222905e+00   1.9934155e+00   2.0009217e+00   2.1147843e+00
   5.9157000e+05   2.1321662e+00   1.9934155e+00   2.0025862e+00   2.1229955e+00
   5.9158000e+05   2.1426088e+00   1.9934155e+00   2.0045636e+00   2.1314607e+00
   5.9159000e+05   2.1536423e+00   1.9934155e+00   2.0068995e+00   2.1401583e+00
   5.9160000e+05   2.1652915e+00   1.9934155e+00   2.0096431e+00   2.1490639e+00
   5.9161000e+05   2.1775816e+00   1.9934155e+00   2.0128469e+00   2.1581502e+00
   5.9162000e+05   2.1905380e+00   1.9934155e+00   2.0165666e+00   2.1673869e+00
   5.9163000e+05   2.2041857e+00   1.9934155e+00   2.0208601e+00   2.1767411e+00
   5.9164000e+05   2.2185483e+00   1.9934155e+00   2.0257866e+00   2.1861771e+00
   5.9165000e+05   2.2336477e+00   1.9934155e+00   2.0314061e+00   2.1956571e+00
   5.9166000e+05   2.2495029e+00   1.9934155e+00   2.0377775e+00   2.2051408e+00
   5.9167000e+05   2.2661284e+00   1.9934155e+00   2.0449577e+00   2.2145861e+00
   5.9168000e+05   2.2835336e+00   1.9934155e+00   2.0529998e+00   2.2239493e+00
   5.9169000e+05   2.3017209e+00   1.9934155e+00   2.0619513e+00   2.2331851e+00
   5.9170000e+05   2.3206842e+00   1.9934155e+00   2.0718524e+00   2.2422473e+00
   5.9171000e+05   2.3404074e+00   1.9934155e+00   2.0827336e+00   2.2510892e+00
   5.9172000e+05   2.3608627e+00   1.9934155e+00   2.0946144e+00   2.2596638e+00
   5.9173000e+05   2.3820091e+00   1.9934155e+00   2.1075006e+00   2.2679240e+00
   5.9174000e+05   2.4037909e+00   1.9934155e+00   2.1213827e+00   2.2758236e+00
   5.9175000e+05   2.4261362e+00   1.9934155e+00   2.1362344e+00   2.2833174e+00
   5.9176000e+05   2.4489562e+00   1.9934155e+00   2.1520104e+00   2.2903613e+00
   5.9177000e+05   2.4721439e+00   1.9934155e+00   2.1686460e+00   2.2969135e+00
   5.9178000e+05   2.4955743e+00   1.9934155e+00   2.1860557e+00   2.3029341e+00
   5.9179000e+05   2.5191039e+00   1.9934155e+00   2.2041332e+00   2.3083861e+00
   5.9180000e+05   2.5425716e+00   1.9934155e+00   2.2227514e+00   2.3132356e+00
   5.9181000e+05   2.5657996e+00   1.9934155e+00   2.2417631e+00   2.3174520e+00
   5.9182000e+05   2.5885952e+00   1.9934155e+00   2.2610023e+00   2.3210084e+00
   5.9183000e+05   2.6107526e+00   1.9934155e+00   2.2802862e+00   2.3238819e+00
   5.9184000e+05   2.6320563e+00   1.9934155e+00   2.2994177e+00   2.3260541e+00
   5.9185000e+05   2.6522837e+00   1.9934155e+00   2.3181884e+00   2.3275108e+00
   5.9186000e+05   2.6712091e+00   1.9934155e+00   2.3363822e+00   2.3282424e+00
   5.9187000e+05   2.6886079e+00   1.9934155e+00   2.3537791e+00   2.3282443e+00
   5.9188000e+05   2.7042607e+00   1.9934155e+00   2.3701598e+00   2.3275164e+00
   5.9189000e+05   2.7179582e+00   1.9934155e+00   2.3853102e+00   2.3260635e+00
   5.9190000e+05   2.7295052e+00   1.9934155e+00   2.3990257e+00   2.3238950e+00
   5.9191000e+05   2.7387258e+00   1.9934155e+00   2.4111162e+00   2.3210250e+00
   5.9192000e+05   2.7454669e+00   1.9934155e+00   2.4214102e+00   2.3174721e+00
   5.9193000e+05   2.7496026e+00   1.9934155e+00   2.4297590e+00   2.3132591e+00
   5.9194000e+05   2.7510373e+00   1.9934155e+00   2.4360399e+00   2.3084128e+00
   5.9195000e+05   2.7497082e+00   1.9934155e+00   2.4401599e+00   2.3029638e+00
   5.9196000e+05   2.7455879e+00   1.9934155e+00   2.4420573e+00   2.2969460e+00
   5.9197000e+05   2.7386846e+00   1.9934155e+00   2.4417036e+00   2.2903965e+00
   5.9198000e+05   2.7290436e+00   1.9934155e+00   2.4391041e+00   2.2833550e+00
   5.9199000e+05   2.7167458e+00   1.9934155e+00   2.4342978e+00   2.2758635e+00
   5.9200000e+05   2.7019069e+00   1.9934155e+00   2.4273565e+00   2.2679659e+00
   5.9201000e+05   2.6846747e+00   1.9934155e+00   2.4183828e+00   2.2597074e+00
   5.9202000e+05   2.6652268e+00   1.9934155e+00   2.4075079e+00   2.2511343e+00
   5.9203000e+05   2.6437662e+00   1.9934155e+00   2.3948880e+00   2.2422937e+00
   5.9204000e+05   2.6205180e+00   1.9934155e+00   2.3807010e+00   2.2332324e+00
   5.9205000e+05   2.5957240e+00   1.9934155e+00   2.3651420e+00   2.2239974e+00
   5.9206000e+05   2.5696384e+00   1.9934155e+00   2.3484190e+00   2.2146349e+00
   5.9207000e+05   2.5425227e+00   1.9934155e+00   2.3307483e+00   2.2051898e+00
   5.9208000e+05   2.5146407e+00   1.9934155e+00   2.3123499e+00   2.1957062e+00
   5.9209000e+05   2.4862536e+00   1.9934155e+00   2.2934430e+00   2.1862261e+00
   5.9210000e+05   2.4576159e+00   1.9934155e+00   2.2742417e+00   2.1767897e+00
   5.9211000e+05   2.4289708e+00   1.9934155e+00   2.2549512e+00   2.1674350e+00
   5.9212000e+05   2.4005466e+00   1.9934155e+00   2.2357645e+00   2.1581977e+00
   5.9213000e+05   2.3725543e+00   1.9934155e+00   2.2168593e+00   2.1491105e+00
   5.9214000e+05   2.3451842e+00   1.9934155e+00   2.1983958e+00   2.1402039e+00
   5.9215000e+05   2.3186047e+00   1.9934155e+00   2.1805151e+00   2.1315051e+00
   5.9216000e+05   2.2929611e+00   1.9934155e+00   2.1633379e+00   2.1230387e+00
   5.9217000e+05   2.2683745e+00   1.9934155e+00   2.1469638e+00   2.1148261e+00
   5.9218000e+05   2.2449424e+00   1.9934155e+00   2.1314718e+00   2.1068861e+00
   5.9219000e+05   2.2227391e+00   1.9934155e+00   2.1169205e+00   2.0992341e+00
   5.9220000e+05   2.2018165e+00   1.9934155e+00   2.1033489e+00   2.0918831e+00
   5.9221000e+05   2.1822055e+00   1.9934155e+00   2.0907779e+00   2.0848430e+00
   5.9222000e+05   2.1639179e+00   1.9934155e+00   2.0792121e+00   2.0781213e+00
   5.9223000e+05   2.1469483e+00   1.9934155e+00   2.0686411e+00   2.0717226e+00
   5.9224000e+05   2.1312759e+00   1.9934155e+00   2.0590418e+00   2.0656496e+00
   5.9225000e+05   2.1168672e+00   1.9934155e+00   2.0503804e+00   2.0599023e+00
   5.9226000e+05   2.1036776e+00   1.9934155e+00   2.0426142e+00   2.0544789e+00
   5.9227000e+05   2.0916539e+00   1.9934155e+00   2.0356937e+00   2.0493757e+00
   5.9228000e+05   2.0807361e+00   1.9934155e+00   2.0295645e+00   2.0445871e+00
   5.9229000e+05   2.0708598e+00   1.9934155e+00   2.0241689e+00   2.0401064e+00
   5.9230000e+05   2.0619571e+00   1.9934155e+00   2.0194474e+00   2.0359251e+00
   5.9231000e+05   2.0539588e+00   1.9934155e+00   2.0153403e+00   2.0320339e+00
   5.9232000e+05   2.0467956e+00   1.9934155e+00   2.0117887e+00   2.0284225e+00
   5.9233000e+05   2.0403992e+00   1.9934155e+00   2.0087351e+00   2.0250796e+00
   5.9234000e+05   2.0347030e+00   1.9934155e+00   2.0061250e+00   2.0219935e+00
   5.9235000e+05   2.0296432e+00   1.9934155e+00   2.0039067e+00   2.0191519e+00
   5.9236000e+05   2.0251591e+00   1.9934155e+00   2.0020322e+00   2.0165424e+00
   5.9237000e+05   2.0211938e+00   1.9934155e+00   2.0004571e+00   2.0141522e+00
   5.9238000e+05   2.0176941e+00   1.9934155e+00   1.9991411e+00   2.0119685e+00
   5.9239000e+05   2.0146107e+00   1.9934155e+00   1.9980477e+00   2.0099786e+00
   5.9240000e+05   2.0118986e+00   1.9934155e+00   1.9971443e+00   2.0081698e+00
   5.9241000e+05   2.0095165e+00   1.9934155e+00   1.9964020e+00   2.0065300e+00
   5.9242000e+05   2.0074270e+00   1.9934155e+00   1.9957955e+00   2.0050470e+00
   5.9243000e+05   2.0055964e+00   1.9934155e+00   1.9953027e+00   2.0037092e+00
   5.9244000e+05   2.0039943e+00   1.9934155e+00   1.9949044e+00   2.0025054e+00
   5.9245000e+05   2.0025937e+00   1.9934155e+00   1.9945843e+00   2.0014249e+00
   5.9246000e+05   2.0013703e+00   1.9934155e+00   1.9943284e+00   2.0004574e+00
   5.9247000e+05   2.0003028e+00   1.9934155e+00   1.9941249e+00   1.9995934e+00
   5.9248000e+05   1.9993721e+00   1.9934155e+00   1.9939640e+00   1.9988235e+00
   5.9249000e+05   1.9985613e+00   1.9934155e+00   1.9938375e+00   1.9981392e+00
   5.9250000e+05   1.9978557e+00   1.9934155e+00   1.9937386e+00   1.9975326e+00
   5.9251000e+05   1.9972421e+00   1.9934155e+00   1.9936616e+00   1.9969960e+00
   5.9252000e+05   1.9967091e+00   1.9934155e+00   1.9936020e+00   1.9965226e+00
   5.9253000e+05   1.9962465e+00   1.9934155e+00   1.9935561e+00   1.9961059e+00
   5.9254000e+05   1.9958455e+00   1.9934155e+00   1.9935210e+00   1.9957400e+00
   5.9255000e+05   1.9954982e+00   1.9934155e+00   1.9934942e+00   1.9954195e+00
   5.9256000e+05   1.9951979e+00   1.9934155e+00   1.9934740e+00   1.9951394e+00
   5.9257000e+05   1.9949384e+00   1.9934155e+00   1.9934587e+00   1.9948952e+00
   5.9258000e+05   1.9947146e+00   1.9934155e+00   1.9934473e+00   1.9946828e+00
   5.9259000e+05   1.9945219e+00   1.9934155e+00   1.9934387e+00   1.9944986e+00
   5.9260000e+05   1.9943715e+00   1.9934155e+00   1.9934324e+00   1.9943545e+00
   5.9261000e+05   1.9945287e+00   1.9934155e+00   1.9934277e+00   1.9945164e+00
   5.9262000e+05   1.9947122e+00   1.9934155e+00   1.9934243e+00   1.9947034e+00
   5.9263000e+05   1.9949252e+00   1.9934155e+00   1.9934218e+00   1.9949189e+00
   5.9264000e+05   1.9951711e+00   1.9934155e+00   1.9934200e+00   1.9951665e+00
   5.9265000e+05   1.9954538e+00   1.9934155e+00   1.9934187e+00   1.9954506e+00
   5.9266000e+05   1.9957778e+00   1.9934155e+00   1.9934177e+00   1.9957755e+00
   5.9267000e+05   1.9961480e+00   1.9934155e+00   1.9934171e+00   1.9961464e+00
   5.9268000e+05   1.9965698e+00   1.9934155e+00   1.9934166e+00   1.9965687e+00
   5.9269000e+05   1.9970491e+00   1.9934155e+00   1.9934163e+00   1.9970484e+00
   5.9270000e+05   1.9975924e+00   1.9934155e+00   1.9934160e+00   1.9975918e+00
   5.9271000e+05   1.9982065e+00   1.9934155e+00   1.9934158e+00   1.9982062e+00
   5.9272000e+05   1.9988991e+00   1.9934155e+00   1.9934157e+00   1.9988989e+00
   5.9273000e+05   1.9996782e+00   1.9934155e+00   1.9934157e+00   1.9996781e+00
   5.9274000e+05   2.0005525e+00   1.9934155e+00   1.9934156e+00   2.0005524e+00
   5.9275000e+05   2.0015311e+00   1.9934155e+00   1.9934156e+00   2.0015310e+00
   5.9276000e+05   2.0026238e+00   1.9934155e+00   1.9934155e+00   2.0026238e+00
   5.9277000e+05   2.0038409e+00   1.9934155e+00   1.9934155e+00   2.0038409e+00
   5.9278000e+05   2.0051932e+00   1.9934155e+00   1.9934155e+00   2.0051931e+00
   5.9279000e+05   2.0066918e+00   1.9934155e+00   1.9934155e+00   2.0066918e+00
   5.9280000e+05   2.0083485e+00   1.9934155e+00   1.9934155e+00   2.0083485e+00
   5.9281000e+05   2.0101754e+00   1.9934155e+00   1.9934155e+00   2.0101754e+00
   5.9282000e+05   2.0121847e+00   1.9934155e+00   1.9934155e+00   2.0121847e+00
   5.9283000e+05   2.0143892e+00   1.9934155e+00   1.9934155e+00   2.0143892e+00
   5.9284000e+05   2.0168014e+00   1.9934155e+00   1.9934155e+00   2.0168014e+00
   5.9285000e+05   2.0194343e+00   1.9934155e+00   1.9934155e+00   2.0194343e+00
   5.9286000e+05   2.0223005e+00   1.9934155e+00   1.9934155e+00   2.0223005e+00
   5.9287000e+05   2.0254126e+00   1.9934155e+00   1.9934155e+00   2.0254126e+00
   5.9288000e+05   2.0287827e+00   1.9934155e+00   1.9934155e+00   2.0287827e+00
   5.9289000e+05   2.0324225e+00   1.9934155e+00   1.9934155e+00   2.0324225e+00
   5.9290000e+05   2.0363431e+00   1.9934155e+00   1.9934155e+00   2.0363431e+00
   5.9291000e+05   2.0405549e+00   1.9934155e+00   1.9934155e+00   2.0405549e+00
   5.9292000e+05   2.0450671e+00   1.9934155e+00   1.9934155e+00   2.0450671e+00
   5.9293000e+05   2.0498878e+00   1.9934155e+00   1.9934155e+00   2.0498878e+00
   5.9294000e+05   2.0550239e+00   1.9934155e+00   1.9934155e+00   2.0550239e+00
   5.9295000e+05   2.0604806e+00   1.9934155e+00   1.9934155e+00   2.0604806e+00
   5.9296000e+05   2.0662614e+00   1.9934155e+00   1.9934155e+00   2.0662614e+00
   5.9297000e+05   2.0723681e+00   1.9934155e+00   1.9934155e+00   2.0723681e+00
   5.9298000e+05   2.0788003e+00   1.9934155e+00   1.9934155e+00   2.0788003e+00
   5.9299000e+05   2.0855552e+00   1.9934155e+00   1.9934155e+00   2.0855552e+00
   5.9300000e+05   2.0926277e+00   1.9934155e+00   1.9934155e+00   2.0926277e+00
   5.9301000e+05   2.1000103e+00   1.9934155e+00   1.9934155e+00   2.1000103e+00
   5.9302000e+05   2.1076926e+00   1.9934155e+00   1.9934155e+00   2.1076926e+00
   5.9303000e+05   2.1156616e+00   1.9934155e+00   1.9934155e+00   2.1156616e+00
   5.9304000e+05   2.1239013e+00   1.9934155e+00   1.9934155e+00   2.1239013e+00
   5.9305000e+05   2.1323927e+00   1.9934155e+00   1.9934155e+00   2.1323927e+00
   5.9306000e+05   2.1411141e+00   1.9934155e+00   1.9934155e+00   2.1411141e+00
   5.9307000e+05   2.1500407e+00   1.9934155e+00   1.9934155e+00   2.1500407e+00
   5.9308000e+05   2.1591448e+00   1.9934155e+00   1.9934155e+00   2.1591448e+00
   5.9309000e+05   2.1683959e+00   1.9934155e+00   1.9934155e+00   2.1683959e+00
   5.9310000e+05   2.1777607e+00   1.9934155e+00   1.9934155e+00   2.1777607e+00
   5.9311000e+05   2.1872034e+00   1.9934155e+00   1.9934155e+00   2.1872034e+00
   5.9312000e+05   2.1966858e+00   1.9934155e+00   1.9934155e+00   2.1966858e+00
   5.9313000e+05   2.2061674e+00   1.9934155e+00   1.9934155e+00   2.2061674e+00
   5.9314000e+05   2.2156059e+00   1.9934155e+00   1.9934155e+00   2.2156059e+00
   5.9315000e+05   2.2249575e+00   1.9934155e+00   1.9934155e+00   2.2249575e+00
   5.9316000e+05   2.2341767e+00   1.9934155e+00   1.9934155e+00   2.2341767e+00
   5.9317000e+05   2.2432173e+00   1.9934155e+00   1.9934155e+00   2.2432173e+00
   5.9318000e+05   2.2520325e+00   1.9934155e+00   1.9934155e+00   2.2520325e+00
   5.9319000e+05   2.2605753e+00   1.9934155e+00   1.9934155e+00   2.2605753e+00
   5.9320000e+05   2.2687986e+00   1.9934155e+00   1.9934155e+00   2.2687986e+00
   5.9321000e+05   2.2766564e+00   1.9934155e+00   1.9934155e+00   2.2766564e+00
   5.9322000e+05   2.2841035e+00   1.9934155e+00   1.9934155e+00   2.2841035e+00
   5.9323000e+05   2.2910961e+00   1.9934155e+00   1.9934155e+00   2.2910961e+00
   5.9324000e+05   2.2975925e+00   1.9934155e+00   1.9934155e+00   2.2975925e+00
   5.9325000e+05   2.3035532e+00   1.9934155e+00   1.9934155e+00   2.3035532e+00
   5.9326000e+05   2.3089416e+00   1.9934155e+00   1.9934155e+00   2.3089416e+00
   5.9327000e+05   2.3137238e+00   1.9934155e+00   1.9934155e+00   2.3137238e+00
   5.9328000e+05   2.3178699e+00   1.9934155e+00   1.9934155e+00   2.3178699e+00
   5.9329000e+05   2.3213533e+00   1.9934155e+00   1.9934155e+00   2.3213533e+00
   5.9330000e+05   2.3241516e+00   1.9934155e+00   1.9934155e+00   2.3241516e+00
   5.9331000e+05   2.3262468e+00   1.9934155e+00   1.9934155e+00   2.3262468e+00
   5.9332000e+05   2.3276252e+00   1.9934155e+00   1.9934155e+00   2.3276252e+00
   5.9333000e+05   2.3282779e+00   1.9934155e+00   1.9934155e+00   2.3282779e+00
   5.9334000e+05   2.3282006e+00   1.9934155e+00   1.9934155e+00   2.3282006e+00
   5.9335000e+05   2.3273938e+00   1.9934155e+00   1.9934155e+00   2.3273938e+00
   5.9336000e+05   2.3258628e+00   1.9934155e+00   1.9934155e+00   2.3258628e+00
   5.9337000e+05   2.3236175e+00   1.9934155e+00   1.9934155e+00   2.3236175e+00
   5.9338000e+05   2.3206725e+00   1.9934155e+00   1.9934155e+00   2.3206725e+00
   5.9339000e+05   2.3170469e+00   1.9934155e+00   1.9934155e+00   2.3170469e+00
   5.9340000e+05   2.3127638e+00   1.9934155e+00   1.9934155e+00   2.3127638e+00
   5.9341000e+05   2.3078507e+00   1.9934155e+00   1.9934155e+00   2.3078507e+00
   5.9342000e+05   2.3023383e+00   1.9934155e+00   1.9934155e+00   2.3023383e+00
   5.9343000e+05   2.2962610e+00   1.9934155e+00   1.9934155e+00   2.2962610e+00
   5.9344000e+05   2.2896562e+00   1.9934155e+00   1.9934155e+00   2.2896562e+00
   5.9345000e+05   2.2825639e+00   1.9934155e+00   1.9934155e+00   2.2825639e+00
   5.9346000e+05   2.2750262e+00   1.9934155e+00   1.9934155e+00   2.2750262e+00
   5.9347000e+05   2.2670872e+00   1.9934155e+00   1.9934155e+00   2.2670872e+00
   5.9348000e+05   2.2587923e+00   1.9934155e+00   1.9934155e+00   2.2587923e+00
   5.9349000e+05   2.2501880e+00   1.9934155e+00   1.9934155e+00   2.2501880e+00
   5.9350000e+05   2.2413212e+00   1.9934155e+00   1.9934155e+00   2.2413212e+00
   5.9351000e+05   2.2322389e+00   1.9934155e+00   1.9934155e+00   2.2322389e+00
   5.9352000e+05   2.2229878e+00   1.9934155e+00   1.9934155e+00   2.2229878e+00
   5.9353000e+05   2.2136141e+00   1.9934155e+00   1.9934155e+00   2.2136141e+00
   5.9354000e+05   2.2041628e+00   1.9934155e+00   1.9934155e+00   2.2041628e+00
   5.9355000e+05   2.1946776e+00   1.9934155e+00   1.9934155e+00   2.1946776e+00
   5.9356000e+05   2.1852003e+00   1.9934155e+00   1.9934155e+00   2.1852003e+00
   5.9357000e+05   2.1757710e+00   1.9934155e+00   1.9934155e+00   2.1757710e+00
   5.9358000e+05   2.1664274e+00   1.9934155e+00   1.9934155e+00   2.1664274e+00
   5.9359000e+05   2.1572047e+00   1.9934155e+00   1.9934155e+00   2.1572047e+00
   5.9360000e+05   2.1481357e+00   1.9934155e+00   1.9934155e+00   2.1481357e+00
   5.9361000e+05   2.1392503e+00   1.9934155e+00   1.9934155e+00   2.1392503e+00
   5.9362000e+05   2.1305756e+00   1.9934155e+00   1.9934155e+00   2.1305756e+00
   5.9363000e+05   2.1221357e+00   1.9934155e+00   1.9934155e+00   2.1221357e+00
   5.9364000e+05   2.1139519e+00   1.9934155e+00   1.9934155e+00   2.1139519e+00
   5.9365000e+05   2.1060424e+00   1.9934155e+00   1.9934155e+00   2.1060424e+00
   5.9366000e+05   2.0984225e+00   1.9934155e+00   1.9934155e+00   2.0984225e+00
   5.9367000e+05   2.0911047e+00   1.9934155e+00   1.9934155e+00   2.0911047e+00
   5.9368000e+05   2.0840988e+00   1.9934155e+00   1.9934155e+00   2.0840988e+00
   5.9369000e+05   2.0774119e+00   1.9934155e+00   1.9934155e+00   2.0774119e+00
   5.9370000e+05   2.0710485e+00   1.9934155e+00   1.9934155e+00   2.0710485e+00
   5.9371000e+05   2.0650108e+00   1.9934155e+00   1.9934155e+00   2.0650108e+00
   5.9372000e+05   2.0592987e+00   1.9934155e+00   1.9934155e+00   2.0592987e+00
   5.9373000e+05   2.0539103e+00   1.9934155e+00   1.9934155e+00   2.0539103e+00
   5.9374000e+05   2.0488414e+00   1.9934155e+00   1.9934155e+00   2.0488414e+00
   5.9375000e+05   2.0440866e+00   1.9934155e+00   1.9934155e+00   2.0440866e+00
   5.9376000e+05   2.0396388e+00   1.9934155e+00   1.9934155e+00   2.0396388e+00
   5.9377000e+05   2.0354894e+00   1.9934155e+00   1.9934155e+00   2.0354894e+00
   5.9378000e+05   2.0316291e+00   1.9934155e+00   1.9934155e+00   2.0316291e+00
   5.9379000e+05   2.0280473e+00   1.9934155e+00   1.9934155e+00   2.0280473e+00
   5.9380000e+05   2.0247328e+00   1.9934155e+00   1.9934155e+00   2.0247328e+00
   5.9381000e+05   2.0216738e+00   1.9934155e+00   1.9934155e+00   2.0216738e+00
   5.9382000e+05   2.0188581e+00   1.9934155e+00   1.9934155e+00   2.0188581e+00
   5.9383000e+05   2.0162729e+00   1.9934155e+00   1.9934155e+00   2.0162729e+00
   5.9384000e+05   2.0139057e+00   1.9934155e+00   1.9934155e+00   2.0139057e+00
   5.9385000e+05   2.0117436e+00   1.9934155e+00   1.9934155e+00   2.0117436e+00
   5.9386000e+05   2.0097739e+00   1.9934155e+00   1.9934155e+00   2.0097739e+00
   5.9387000e+05   2.0079841e+00   1.9934155e+00   1.9934155e+00   2.0079841e+00
   5.9388000e+05   2.0063618e+00   1.9934155e+00   1.9934155e+00   2.0063618e+00
   5.9389000e+05   2.0048951e+00   1.9934155e+00   1.9934155e+00   2.0048951e+00
   5.9390000e+05   2.0035724e+00   1.9934155e+00   1.9934155e+00   2.0035724e+00
   5.9391000e+05   2.0023825e+00   1.9934155e+00   1.9934155e+00   2.0023825e+00
   5.9392000e+05   2.0013147e+00   1.9934155e+00   1.9934155e+00   2.0013147e+00
   5.9393000e+05   2.0003590e+00   1.9934155e+00   1.9934155e+00   2.0003589e+00
   5.9394000e+05   1.9995055e+00   1.9934155e+00   1.9934155e+00   1.9995055e+00
   5.9395000e+05   1.9987453e+00   1.9934155e+00   1.9934155e+00   1.9987453e+00
   5.9396000e+05   1.9980699e+00   1.9934155e+00   1.9934155e+00   1.9980699e+00
   5.9397000e+05   1.9974712e+00   1.9934155e+00   1.9934155e+00   1.9974712e+00
   5.9398000e+05   1.9969418e+00   1.9934155e+00   1.9934155e+00   1.9969417e+00
   5.9399000e+05   1.9964748e+00   1.9934155e+00   1.9934155e+00   1.9964748e+00
   5.9400000e+05   1.9960639e+00   1.9934155e+00   1.9934156e+00   1.9960638e+00
