   5.8553547e+05   2.4614052e+00
   5.8567856e+05   2.3958753e+00
   5.8583078e+05   2.6583725e+00
   5.8598569e+05   2.7981264e+00
   5.8613943e+05   2.9111319e+00
   5.8628672e+05   2.6774335e+00
   5.8641930e+05   2.4256008e+00
   5.8657324e+05   2.2295997e+00
   5.8673138e+05   2.2303456e+00
   5.8688141e+05   2.2921217e+00
   5.8703444e+05   2.2176981e+00
   5.8718851e+05   2.4842807e+00
   5.8736736e+05   2.6076843e+00
   5.8752204e+05   2.5729032e+00
   5.8767635e+05   2.5911032e+00
   5.8782917e+05   2.4014101e+00
   5.8798318e+05   2.3725524e+00
   5.8813765e+05   2.2574383e+00
   5.8829202e+05   2.2291127e+00
   5.8848833e+05   2.4235374e+00
   5.8864243e+05   2.5444645e+00
   5.8879939e+05   2.6855515e+00
   5.8894643e+05   2.9632615e+00
   5.8910129e+05   2.7186176e+00
   5.8925158e+05   2.6989315e+00
   5.8940615e+05   2.3596537e+00
   5.8950789e+05   2.2840228e+00
   5.8966334e+05   2.0997816e+00
   5.8981636e+05   2.2901480e+00
   5.8998233e+05   2.7537816e+00
   5.9012468e+05   2.4745370e+00
   5.9027646e+05   2.4939522e+00
   5.9039786e+05   2.6496875e+00
   5.9055184e+05   2.5843132e+00
   5.9070466e+05   2.4273318e+00
   5.9085544e+05   2.2617271e+00
   5.9100990e+05   2.2641441e+00
   5.9116591e+05   2.0069521e+00
   5.9131903e+05   2.5339871e+00
   5.9147339e+05   2.4565498e+00
   5.9162603e+05   2.6377290e+00
   5.9177904e+05   2.4801895e+00
   5.9194048e+05   2.9871523e+00
   5.9208523e+05   2.5969304e+00
   5.9223948e+05   2.3452048e+00
   5.9239183e+05   2.2699981e+00
   5.9260711e+05   2.1720621e+00
   5.9275840e+05   2.3051991e+00
   5.9291458e+05   2.3847055e+00
   5.9307070e+05   2.4795930e+00
   5.9321457e+05   2.4651672e+00
   5.9337043e+05   2.3105200e+00
